7.000000000000000000e+00 4.400000000000000000e+01 2.800000000000000000e+01 2.240111052232392819e+00 6.807764867672593034e+00 1.886747755994304316e+05 1.254711958267088923e+00
7.000000000000000000e+00 4.400000000000000000e+01 3.000000000000000000e+01 2.571556054858615159e+00 5.897661626663278867e+00 2.339356864242114534e+05 1.295341791031064727e+00
7.000000000000000000e+00 4.400000000000000000e+01 3.200000000000000000e+01 2.939192710258863972e+00 4.885961309834949695e+00 3.083818315755997901e+05 1.356489000104353915e+00
7.000000000000000000e+00 4.400000000000000000e+01 3.400000000000000000e+01 3.303020888240620234e+00 3.888712855585413575e+00 4.033192181307434803e+05 1.487399409705377762e+00
7.000000000000000000e+00 4.400000000000000000e+01 3.600000000000000000e+01 3.617847252827671944e+00 3.024295833689547575e+00 4.766539181353785680e+05 1.781215696436991625e+00
7.000000000000000000e+00 4.400000000000000000e+01 3.800000000000000000e+01 3.851172995932024889e+00 2.383562776696700691e+00 4.607420810224654269e+05 2.336073205265510655e+00
7.000000000000000000e+00 4.400000000000000000e+01 4.000000000000000000e+01 4.067977302736440315e+00 1.788153061557224088e+00 4.809712109373061685e+05 3.191022356232944279e+00
7.000000000000000000e+00 4.400000000000000000e+01 4.200000000000000000e+01 3.993739965640554779e+00 1.992540360713876524e+00 1.795983353720763698e+05 3.385683486023337796e+00
7.000000000000000000e+00 4.400000000000000000e+01 4.400000000000000000e+01 4.006491273612355464e+00 2.066420576629779848e+00 1.193401393496066303e+05 3.558905355483646726e+00
7.000000000000000000e+00 4.400000000000000000e+01 4.600000000000000000e+01 4.014835635786130119e+00 2.370916267407088274e+00 8.693576572317992395e+04 3.605937483411002731e+00
7.000000000000000000e+00 4.400000000000000000e+01 4.800000000000000000e+01 4.016887934716605102e+00 2.700517625415518097e+00 6.569622269859377411e+04 3.526805508360658870e+00
7.000000000000000000e+00 4.400000000000000000e+01 5.000000000000000000e+01 4.029923863697194797e+00 3.007332849532949659e+00 5.290297513254877413e+04 3.430102509559975310e+00
7.000000000000000000e+00 4.400000000000000000e+01 5.200000000000000000e+01 4.022032485812630398e+00 3.339983337876230252e+00 4.164791721237557067e+04 3.141462740578716772e+00
7.000000000000000000e+00 4.400000000000000000e+01 5.400000000000000000e+01 4.047452779019650393e+00 3.604695717924213838e+00 3.595967968462547287e+04 3.003491706823585350e+00
7.000000000000000000e+00 4.600000000000000000e+01 2.800000000000000000e+01 2.049854064878792403e+00 7.329548528544311381e+00 1.909734139495760610e+05 1.235615941384074379e+00
7.000000000000000000e+00 4.600000000000000000e+01 3.000000000000000000e+01 2.352803649435858624e+00 6.497716646459512191e+00 2.318021460081034747e+05 1.267102108278312045e+00
7.000000000000000000e+00 4.600000000000000000e+01 3.200000000000000000e+01 2.690301080841758452e+00 5.568523468709993374e+00 2.957565015877953265e+05 1.307861668067906491e+00
7.000000000000000000e+00 4.600000000000000000e+01 3.400000000000000000e+01 3.035378954544015517e+00 4.621085929117715985e+00 3.785822805495716166e+05 1.380437530522990119e+00
7.000000000000000000e+00 4.600000000000000000e+01 3.600000000000000000e+01 3.388037255187637875e+00 3.654300697791192931e+00 4.980509569629647303e+05 1.529774875747294649e+00
7.000000000000000000e+00 4.600000000000000000e+01 3.800000000000000000e+01 3.629648005553002932e+00 2.990996073481644757e+00 4.918057265543804388e+05 1.819868482848631563e+00
7.000000000000000000e+00 4.600000000000000000e+01 4.000000000000000000e+01 3.861195600197384170e+00 2.355040661217836728e+00 4.832177773859561421e+05 2.352500649831577917e+00
7.000000000000000000e+00 4.600000000000000000e+01 4.200000000000000000e+01 4.069314770457508779e+00 1.783413695088566397e+00 4.942102603223053738e+05 3.134301911939582297e+00
7.000000000000000000e+00 4.600000000000000000e+01 4.400000000000000000e+01 3.991444913124547078e+00 1.997695698360998806e+00 1.876384901412822946e+05 3.192232277094570136e+00
7.000000000000000000e+00 4.600000000000000000e+01 4.600000000000000000e+01 4.006491273612355464e+00 2.065022598164175882e+00 1.254329301906195906e+05 3.292861248235250837e+00
7.000000000000000000e+00 4.600000000000000000e+01 4.800000000000000000e+01 4.023341832592996603e+00 2.338018232004585695e+00 9.303831168027329841e+04 3.317416204205568597e+00
7.000000000000000000e+00 4.600000000000000000e+01 5.000000000000000000e+01 4.013517258355421724e+00 2.677937565519771912e+00 6.817635040623121313e+04 3.121206084995828522e+00
7.000000000000000000e+00 4.600000000000000000e+01 5.200000000000000000e+01 4.032931699645671664e+00 2.958519822059890725e+00 5.573076455713767791e+04 3.019875364700323139e+00
7.000000000000000000e+00 4.600000000000000000e+01 5.400000000000000000e+01 4.046838022733137308e+00 3.241684047716748118e+00 4.618254256644537963e+04 2.838711871330658276e+00
7.000000000000000000e+00 4.600000000000000000e+01 5.600000000000000000e+01 4.066888196442076442e+00 3.505574453987954975e+00 3.953284073219783022e+04 2.657349844020246099e+00
7.000000000000000000e+00 4.800000000000000000e+01 2.800000000000000000e+01 1.883679630186715137e+00 7.785280769006632795e+00 1.952373584946789779e+05 1.220881201613462252e+00
7.000000000000000000e+00 4.800000000000000000e+01 3.000000000000000000e+01 2.160821407207585310e+00 7.024452945472626553e+00 2.328365380388552148e+05 1.246454640083126231e+00
7.000000000000000000e+00 4.800000000000000000e+01 3.200000000000000000e+01 2.458534578867297427e+00 6.206821731572349066e+00 2.820597772933532833e+05 1.279945518602847665e+00
7.000000000000000000e+00 4.800000000000000000e+01 3.400000000000000000e+01 2.788788426424394729e+00 5.297555814824984388e+00 3.595892009434178472e+05 1.324969663897052952e+00
7.000000000000000000e+00 4.800000000000000000e+01 3.600000000000000000e+01 3.124916205864488372e+00 4.374534230821062408e+00 4.611850802161222673e+05 1.406636887102316491e+00
7.000000000000000000e+00 4.800000000000000000e+01 3.800000000000000000e+01 3.387156761204680677e+00 3.656338995296327443e+00 4.900755147870358778e+05 1.565321504704394018e+00
7.000000000000000000e+00 4.800000000000000000e+01 4.000000000000000000e+01 3.625180447112505977e+00 3.002556768343188853e+00 4.842817455431136186e+05 1.840964066003361266e+00
7.000000000000000000e+00 4.800000000000000000e+01 4.200000000000000000e+01 3.866036338258707517e+00 2.340939210139193261e+00 4.984635845672119176e+05 2.351862369887054438e+00
7.000000000000000000e+00 4.800000000000000000e+01 4.400000000000000000e+01 4.058678811626183602e+00 1.811781349364371074e+00 4.826643761357218609e+05 3.048741872355971605e+00
7.000000000000000000e+00 4.800000000000000000e+01 4.600000000000000000e+01 4.006527787105260252e+00 1.955316972178523516e+00 2.078245471607875661e+05 3.076381682617075786e+00
7.000000000000000000e+00 4.800000000000000000e+01 4.800000000000000000e+01 4.006491273612355464e+00 2.066294947904663726e+00 1.326248624201528146e+05 3.041381462118637469e+00
7.000000000000000000e+00 4.800000000000000000e+01 5.000000000000000000e+01 4.023962636807119075e+00 2.324762699048911863e+00 9.822281355994971818e+04 3.008682719279306639e+00
7.000000000000000000e+00 4.800000000000000000e+01 5.200000000000000000e+01 4.028086831756609421e+00 2.623295900423555871e+00 7.466530766329303151e+04 2.849337165997380961e+00
7.000000000000000000e+00 4.800000000000000000e+01 5.400000000000000000e+01 4.038765075245362546e+00 2.909504172168997371e+00 6.004282469025348109e+04 2.676570271097044262e+00
7.000000000000000000e+00 4.800000000000000000e+01 5.600000000000000000e+01 4.063195745295757000e+00 3.163918776695004542e+00 5.086756793557602214e+04 2.537490242781543337e+00
7.000000000000000000e+00 4.800000000000000000e+01 5.800000000000000000e+01 4.089693048640586248e+00 3.407875087015983073e+00 4.411417808089000027e+04 2.385355850077599538e+00
7.000000000000000000e+00 5.000000000000000000e+01 2.800000000000000000e+01 1.737044480513409761e+00 8.187485328413263375e+00 2.007043139345629897e+05 1.208885954162584042e+00
7.000000000000000000e+00 5.000000000000000000e+01 3.000000000000000000e+01 1.992083374739033186e+00 7.487418701903981955e+00 2.364475889310817583e+05 1.230395790151321389e+00
7.000000000000000000e+00 5.000000000000000000e+01 3.200000000000000000e+01 2.265785467884101401e+00 6.735803747637573835e+00 2.814837929379214183e+05 1.257495987782541791e+00
7.000000000000000000e+00 5.000000000000000000e+01 3.400000000000000000e+01 2.557859375853535955e+00 5.933569436383898221e+00 3.402178489311177982e+05 1.293262666590643484e+00
7.000000000000000000e+00 5.000000000000000000e+01 3.600000000000000000e+01 2.880968108658045868e+00 5.043890830868991593e+00 4.338111020793856005e+05 1.342914243370892713e+00
7.000000000000000000e+00 5.000000000000000000e+01 3.800000000000000000e+01 3.155254125969943146e+00 4.292798604220566361e+00 4.873475125547372154e+05 1.438463115821339899e+00
7.000000000000000000e+00 5.000000000000000000e+01 4.000000000000000000e+01 3.385990288775032830e+00 3.659018305027585072e+00 4.829663377536897897e+05 1.592563587921066670e+00
7.000000000000000000e+00 5.000000000000000000e+01 4.200000000000000000e+01 3.627917315277566335e+00 2.994435863192431491e+00 4.893486176895692479e+05 1.856861373312692187e+00
7.000000000000000000e+00 5.000000000000000000e+01 4.400000000000000000e+01 3.855866822270659799e+00 2.368230559054510742e+00 4.887291288227497134e+05 2.319385491303633362e+00
7.000000000000000000e+00 5.000000000000000000e+01 4.600000000000000000e+01 4.053411247443997389e+00 1.825552212458102064e+00 4.843100700780575280e+05 2.960139368114211411e+00
7.000000000000000000e+00 5.000000000000000000e+01 4.800000000000000000e+01 4.020429236833173547e+00 1.916359898275706630e+00 2.288439016817785741e+05 2.961277319943487196e+00
7.000000000000000000e+00 5.000000000000000000e+01 5.000000000000000000e+01 4.028230613718348785e+00 2.015464494300891918e+00 1.490864256870811223e+05 2.907859674302515351e+00
7.000000000000000000e+00 5.000000000000000000e+01 5.200000000000000000e+01 4.034609527972328635e+00 2.289773580010177501e+00 1.070563161306375987e+05 2.777991075359716788e+00
7.000000000000000000e+00 5.000000000000000000e+01 5.400000000000000000e+01 4.044364850550553392e+00 2.567498052316856683e+00 8.247357328125214553e+04 2.618182395380742378e+00
7.000000000000000000e+00 5.000000000000000000e+01 5.600000000000000000e+01 4.060401621621621437e+00 2.834644258513823178e+00 6.706438339490807266e+04 2.456255546475784257e+00
7.000000000000000000e+00 5.000000000000000000e+01 5.800000000000000000e+01 4.075396810365063516e+00 3.096713376608848822e+00 5.622733288081424689e+04 2.274453729424088522e+00
7.000000000000000000e+00 5.000000000000000000e+01 6.000000000000000000e+01 4.115434642128982468e+00 3.309393361884912288e+00 4.971816185858551762e+04 2.176325971809196957e+00
7.000000000000000000e+00 5.000000000000000000e+01 6.200000000000000000e+01 4.165261638732403959e+00 3.501268842879867282e+00 4.499297732063590229e+04 2.097930271721659246e+00
7.000000000000000000e+00 5.200000000000000000e+01 2.800000000000000000e+01 1.607001183906628938e+00 8.544233817021703814e+00 2.071303836943038914e+05 1.199000187968581210e+00
7.000000000000000000e+00 5.200000000000000000e+01 3.000000000000000000e+01 1.842798978124106313e+00 7.897020627141936089e+00 2.417991727807981370e+05 1.217455387675897560e+00
7.000000000000000000e+00 5.200000000000000000e+01 3.200000000000000000e+01 2.094858689184168288e+00 7.204965044224447723e+00 2.838098000081081991e+05 1.239967282855792607e+00
7.000000000000000000e+00 5.200000000000000000e+01 3.400000000000000000e+01 2.364884777971095087e+00 6.463282674523619598e+00 3.374939193539968110e+05 1.268430268816338691e+00
7.000000000000000000e+00 5.200000000000000000e+01 3.600000000000000000e+01 2.664622881525560594e+00 5.637586167721174490e+00 4.198885953183629899e+05 1.303563445028015577e+00
7.000000000000000000e+00 5.200000000000000000e+01 3.800000000000000000e+01 2.935275946549351200e+00 4.896655126862080820e+00 4.809366924750951002e+05 1.367709714725534598e+00
7.000000000000000000e+00 5.200000000000000000e+01 4.000000000000000000e+01 3.164215477811521460e+00 4.267787113351049655e+00 4.894554686017833883e+05 1.468285426384828840e+00
7.000000000000000000e+00 5.200000000000000000e+01 4.200000000000000000e+01 3.391342517969796688e+00 3.643859627795487555e+00 4.863609576184705365e+05 1.615041258830807180e+00
7.000000000000000000e+00 5.200000000000000000e+01 4.400000000000000000e+01 3.630899402362499195e+00 2.985738718310807727e+00 4.965794033105622511e+05 1.866011047642958554e+00
7.000000000000000000e+00 5.200000000000000000e+01 4.600000000000000000e+01 3.851881052823325824e+00 2.378639282609532390e+00 4.921559909834145219e+05 2.285785044482403272e+00
7.000000000000000000e+00 5.200000000000000000e+01 4.800000000000000000e+01 4.048623515451530430e+00 1.838128595468815796e+00 4.884191770837232471e+05 2.865403724686816478e+00
7.000000000000000000e+00 5.200000000000000000e+01 5.000000000000000000e+01 4.019949391045909870e+00 1.917060922202859841e+00 2.408972635883658659e+05 2.797310260121830705e+00
7.000000000000000000e+00 5.200000000000000000e+01 5.200000000000000000e+01 4.028230613718348785e+00 2.016185445650365171e+00 1.586298048020239221e+05 2.692910555517777471e+00
7.000000000000000000e+00 5.200000000000000000e+01 5.400000000000000000e+01 4.022681642323431284e+00 2.303380341001398435e+00 1.122012688917366468e+05 2.480794099081432780e+00
7.000000000000000000e+00 5.200000000000000000e+01 5.600000000000000000e+01 4.046565353074631055e+00 2.540556398696530493e+00 8.943868990716306143e+04 2.364840469930368005e+00
7.000000000000000000e+00 5.200000000000000000e+01 5.800000000000000000e+01 4.067873076178058156e+00 2.786739891477649778e+00 7.378211018156689533e+04 2.221752153338756308e+00
7.000000000000000000e+00 5.200000000000000000e+01 6.000000000000000000e+01 4.110322926426373868e+00 2.992581440832289719e+00 6.421760684660809784e+04 2.138782504623734315e+00
7.000000000000000000e+00 5.200000000000000000e+01 6.200000000000000000e+01 4.157084441905317007e+00 3.187452211381697431e+00 5.710920106538218533e+04 2.056568339847699267e+00
7.000000000000000000e+00 5.200000000000000000e+01 6.400000000000000000e+01 4.203025458871667119e+00 3.379577680815295082e+00 5.145064967836911819e+04 1.964672380154666831e+00
7.000000000000000000e+00 5.400000000000000000e+01 2.800000000000000000e+01 1.477804459545018156e+00 8.899512130910286700e+00 2.077807501608271850e+05 1.195930920296653710e+00
7.000000000000000000e+00 5.400000000000000000e+01 3.000000000000000000e+01 1.709792559504200948e+00 8.262001243561885033e+00 2.483499245685765927e+05 1.206756940217883489e+00
7.000000000000000000e+00 5.400000000000000000e+01 3.200000000000000000e+01 1.943526941776631878e+00 7.620290079338455591e+00 2.887964920311655733e+05 1.226038365707257549e+00
7.000000000000000000e+00 5.400000000000000000e+01 3.400000000000000000e+01 2.192952139792126331e+00 6.935292247433152646e+00 3.384219778777993051e+05 1.249641356682105409e+00
7.000000000000000000e+00 5.400000000000000000e+01 3.600000000000000000e+01 2.458534578867297427e+00 6.205753087979093863e+00 4.016077802118106629e+05 1.279887932499562675e+00
7.000000000000000000e+00 5.400000000000000000e+01 3.800000000000000000e+01 2.752626531281809452e+00 5.395599168160352122e+00 4.993155246957766358e+05 1.318212752427411649e+00
7.000000000000000000e+00 5.400000000000000000e+01 4.000000000000000000e+01 2.953470040431254162e+00 4.846377879317170567e+00 4.906719631087619346e+05 1.396662282968964330e+00
7.000000000000000000e+00 5.400000000000000000e+01 4.200000000000000000e+01 3.158117388410914828e+00 4.284212284745473553e+00 4.751626676144005614e+05 1.492766597157164199e+00
7.000000000000000000e+00 5.400000000000000000e+01 4.400000000000000000e+01 3.390278040782364499e+00 3.646401950333912900e+00 4.836834883062025183e+05 1.629462627073326786e+00
7.000000000000000000e+00 5.400000000000000000e+01 4.600000000000000000e+01 3.613140292127891673e+00 3.034121637690462059e+00 4.770016508981485968e+05 1.847523406535382273e+00
7.000000000000000000e+00 5.400000000000000000e+01 4.800000000000000000e+01 3.844217841003938041e+00 2.399244256441384948e+00 4.918362362238594214e+05 2.237763449506053437e+00
7.000000000000000000e+00 5.400000000000000000e+01 5.000000000000000000e+01 4.043496700321631998e+00 1.851735801572265583e+00 4.934921649867097149e+05 2.765284934327079114e+00
7.000000000000000000e+00 5.400000000000000000e+01 5.200000000000000000e+01 4.031869175138755423e+00 1.883794736618148891e+00 2.633962707479176461e+05 2.690913755223796056e+00
7.000000000000000000e+00 5.400000000000000000e+01 5.400000000000000000e+01 4.028230613718348785e+00 2.015457091025735448e+00 1.697279342221214902e+05 2.503062615230680077e+00
7.000000000000000000e+00 5.400000000000000000e+01 5.600000000000000000e+01 4.049481845184621065e+00 2.237484363709719037e+00 1.272872660658625246e+05 2.375710825002889326e+00
7.000000000000000000e+00 5.400000000000000000e+01 5.800000000000000000e+01 4.065762380070761850e+00 2.482703740205695286e+00 1.001797310767548770e+05 2.216593321451909127e+00
7.000000000000000000e+00 5.400000000000000000e+01 6.000000000000000000e+01 4.107025956917342846e+00 2.683353397441037291e+00 8.486519334538131079e+04 2.132298095658417658e+00
7.000000000000000000e+00 5.400000000000000000e+01 6.200000000000000000e+01 4.144985729556254661e+00 2.890644034040701804e+00 7.334486222890851786e+04 2.027708111358553555e+00
7.000000000000000000e+00 5.400000000000000000e+01 6.400000000000000000e+01 4.193209819282292194e+00 3.076832798543417180e+00 6.527368696857724717e+04 1.946260813679198565e+00
7.000000000000000000e+00 5.400000000000000000e+01 6.600000000000000000e+01 4.250128055619073031e+00 3.245665335484722469e+00 5.931871898197027622e+04 1.881159798666859118e+00
7.000000000000000000e+00 5.400000000000000000e+01 6.800000000000000000e+01 4.308986693132011325e+00 3.408448759276679230e+00 5.454345046802899014e+04 1.816686375370687223e+00
7.000000000000000000e+00 5.600000000000000000e+01 2.800000000000000000e+01 1.374131952816732172e+00 9.184111438452886134e+00 2.153034509924650774e+05 1.189132984491378942e+00
7.000000000000000000e+00 5.600000000000000000e+01 3.000000000000000000e+01 1.577447394815126192e+00 8.625858617295902420e+00 2.481426187557723606e+05 1.202914265346815670e+00
7.000000000000000000e+00 5.600000000000000000e+01 3.200000000000000000e+01 1.808117951388390043e+00 7.991948275574584315e+00 2.953256722670962336e+05 1.214620133376049793e+00
7.000000000000000000e+00 5.600000000000000000e+01 3.400000000000000000e+01 2.039476906059549677e+00 7.356640366175079215e+00 3.423141437303959974e+05 1.234718797473042473e+00
7.000000000000000000e+00 5.600000000000000000e+01 3.600000000000000000e+01 2.286060852033495294e+00 6.679317736148807860e+00 4.006263192128789960e+05 1.259631330987502906e+00
7.000000000000000000e+00 5.600000000000000000e+01 3.800000000000000000e+01 2.547123356741023859e+00 5.962127216359534465e+00 4.746025726765286527e+05 1.291637058256183135e+00
7.000000000000000000e+00 5.600000000000000000e+01 4.000000000000000000e+01 2.759608449927360763e+00 5.378672656035880628e+00 4.935774859309106832e+05 1.349439851965524184e+00
7.000000000000000000e+00 5.600000000000000000e+01 4.200000000000000000e+01 2.956182094702404672e+00 4.838678720554657531e+00 4.840540501158047700e+05 1.422865367642536238e+00
7.000000000000000000e+00 5.600000000000000000e+01 4.400000000000000000e+01 3.174154830948516359e+00 4.239846069063278655e+00 4.895491992813928518e+05 1.512671653821990425e+00
7.000000000000000000e+00 5.600000000000000000e+01 4.600000000000000000e+01 3.383401585839067582e+00 3.664971904654948709e+00 4.763163940273554181e+05 1.635137271571148743e+00
7.000000000000000000e+00 5.600000000000000000e+01 4.800000000000000000e+01 3.616348802187740574e+00 3.024946991355392800e+00 4.890353205502316123e+05 1.843251515131426377e+00
7.000000000000000000e+00 5.600000000000000000e+01 5.000000000000000000e+01 3.833246072807817040e+00 2.429014263343812097e+00 4.888061078843063442e+05 2.177876827958070027e+00
7.000000000000000000e+00 5.600000000000000000e+01 5.200000000000000000e+01 4.036305947203785216e+00 1.871094337252918738e+00 4.967771387935933308e+05 2.657336574004660168e+00
7.000000000000000000e+00 5.600000000000000000e+01 5.400000000000000000e+01 4.022739087488155008e+00 1.908460928472923701e+00 2.720204583213438746e+05 2.518217985072682463e+00
7.000000000000000000e+00 5.600000000000000000e+01 5.600000000000000000e+01 4.028230613718348785e+00 2.016127073044753804e+00 1.824112912800043996e+05 2.338608670402550160e+00
7.000000000000000000e+00 5.600000000000000000e+01 5.800000000000000000e+01 4.062478001427203722e+00 2.200311689573192897e+00 1.409240228201826394e+05 2.238980119147250036e+00
7.000000000000000000e+00 5.600000000000000000e+01 6.000000000000000000e+01 4.070714534583848909e+00 2.453379455914674878e+00 1.102726980043820513e+05 2.053494108209264368e+00
7.000000000000000000e+00 5.600000000000000000e+01 6.200000000000000000e+01 4.120858726597353971e+00 2.629744780390899095e+00 9.470221493690463831e+04 1.989321755889238208e+00
7.000000000000000000e+00 5.600000000000000000e+01 6.400000000000000000e+01 4.167997417033258323e+00 2.811544116143693817e+00 8.282852373529903707e+04 1.910732124082203498e+00
7.000000000000000000e+00 5.600000000000000000e+01 6.600000000000000000e+01 4.225596929158847104e+00 2.975733993962367041e+00 7.437495618359687796e+04 1.851519221680062666e+00
7.000000000000000000e+00 5.600000000000000000e+01 6.800000000000000000e+01 4.297924035165546996e+00 3.114450554369694313e+00 6.836122388930131274e+04 1.816383418129288163e+00
7.000000000000000000e+00 5.600000000000000000e+01 7.000000000000000000e+01 4.334976211848825756e+00 3.305883521482457787e+00 6.194130976602403825e+04 1.718604267079084646e+00
7.000000000000000000e+00 5.800000000000000000e+01 2.800000000000000000e+01 1.302460116781703814e+00 9.376465003281129640e+00 2.352497909501367831e+05 1.174098966975690050e+00
7.000000000000000000e+00 5.800000000000000000e+01 3.000000000000000000e+01 1.470533599922781542e+00 8.919397943085991542e+00 2.561541120711771364e+05 1.195519015769323401e+00
7.000000000000000000e+00 5.800000000000000000e+01 3.200000000000000000e+01 1.686473809617714537e+00 8.325836299764061366e+00 3.030466966766960104e+05 1.205031748663390800e+00
7.000000000000000000e+00 5.800000000000000000e+01 3.400000000000000000e+01 1.902152074138748317e+00 7.733626615590370790e+00 3.485389675736729987e+05 1.222456244695052430e+00
7.000000000000000000e+00 5.800000000000000000e+01 3.600000000000000000e+01 2.131119747912318729e+00 7.104779246413047922e+00 4.030607396589482087e+05 1.243397347826930677e+00
7.000000000000000000e+00 5.800000000000000000e+01 3.800000000000000000e+01 2.374488361099836187e+00 6.436202412763940117e+00 4.712353891635625623e+05 1.269566342234895062e+00
7.000000000000000000e+00 5.800000000000000000e+01 4.000000000000000000e+01 2.573475653677824937e+00 5.889811604163661229e+00 4.885394022540989099e+05 1.318159946448509201e+00
7.000000000000000000e+00 5.800000000000000000e+01 4.200000000000000000e+01 2.774267459404335501e+00 5.338208514146645989e+00 4.983265721309398068e+05 1.375348152310598815e+00
7.000000000000000000e+00 5.800000000000000000e+01 4.400000000000000000e+01 2.972355241032039519e+00 4.794011557158377457e+00 4.951697326978496858e+05 1.443609727376026663e+00
7.000000000000000000e+00 5.800000000000000000e+01 4.600000000000000000e+01 3.176212144630707002e+00 4.233938906014810044e+00 4.894921154198700679e+05 1.526949236530187992e+00
7.000000000000000000e+00 5.800000000000000000e+01 4.800000000000000000e+01 3.395336808367962256e+00 3.631891437064344696e+00 4.944799903090070002e+05 1.644336057954499442e+00
7.000000000000000000e+00 5.800000000000000000e+01 5.000000000000000000e+01 3.615738856287610936e+00 3.026320110533294638e+00 4.981068081923203426e+05 1.830722678107410850e+00
7.000000000000000000e+00 5.800000000000000000e+01 5.200000000000000000e+01 3.819287099511532002e+00 2.467052523830126187e+00 4.846123109720938955e+05 2.109911622594935032e+00
7.000000000000000000e+00 5.800000000000000000e+01 5.400000000000000000e+01 4.021745725463971688e+00 1.910768700718846524e+00 4.904930675526924315e+05 2.529548103980315155e+00
7.000000000000000000e+00 5.800000000000000000e+01 5.600000000000000000e+01 4.033020844541525207e+00 1.879851904671504093e+00 2.964286986499018967e+05 2.426655041676823998e+00
7.000000000000000000e+00 5.800000000000000000e+01 5.800000000000000000e+01 4.049969953824341218e+00 1.965901363538998803e+00 2.049857660577814968e+05 2.266744494248412511e+00
7.000000000000000000e+00 5.800000000000000000e+01 6.000000000000000000e+01 4.052822679821790786e+00 2.211938693683353829e+00 1.509624930762248114e+05 2.060043725265550130e+00
7.000000000000000000e+00 5.800000000000000000e+01 6.200000000000000000e+01 4.092214133148061705e+00 2.394147948941150794e+00 1.242156213677821361e+05 1.964292930122875092e+00
7.000000000000000000e+00 5.800000000000000000e+01 6.400000000000000000e+01 4.136230667837523356e+00 2.575307308437580378e+00 1.060616489546417579e+05 1.880972072076722013e+00
7.000000000000000000e+00 5.800000000000000000e+01 6.600000000000000000e+01 4.205841472278783577e+00 2.710337395119090331e+00 9.485057103267444472e+04 1.848389736130948702e+00
7.000000000000000000e+00 5.800000000000000000e+01 6.800000000000000000e+01 4.273122881809835683e+00 2.852923002263781704e+00 8.575539887580781942e+04 1.804332429286323425e+00
7.000000000000000000e+00 5.800000000000000000e+01 7.000000000000000000e+01 4.348247527664899081e+00 2.983148479831153832e+00 7.883546090711563011e+04 1.769218529915971283e+00
7.000000000000000000e+00 6.000000000000000000e+01 2.800000000000000000e+01 1.217076620237125484e+00 9.611260884446265251e+00 2.436629765522457892e+05 1.169640358765570820e+00
7.000000000000000000e+00 6.000000000000000000e+01 3.000000000000000000e+01 1.397154283435475541e+00 9.116056029830460261e+00 2.796897645221334533e+05 1.179696090574909428e+00
7.000000000000000000e+00 6.000000000000000000e+01 3.200000000000000000e+01 1.563456799649259654e+00 8.664166873156361248e+00 3.023134211741852341e+05 1.201947198567460351e+00
7.000000000000000000e+00 6.000000000000000000e+01 3.400000000000000000e+01 1.778329512241504151e+00 8.073541927473883106e+00 3.562778355613697204e+05 1.212248242997496339e+00
7.000000000000000000e+00 6.000000000000000000e+01 3.600000000000000000e+01 1.992083374739033186e+00 7.486539210064290017e+00 4.085935261389642255e+05 1.230398365204572020e+00
7.000000000000000000e+00 6.000000000000000000e+01 3.800000000000000000e+01 2.218827457427735794e+00 6.863695381843523791e+00 4.719723770759144099e+05 1.252391584373551359e+00
7.000000000000000000e+00 6.000000000000000000e+01 4.000000000000000000e+01 2.392310732749316493e+00 6.387366192295952594e+00 4.740637219387564692e+05 1.298077924578925790e+00
7.000000000000000000e+00 6.000000000000000000e+01 4.200000000000000000e+01 2.592398814843384081e+00 5.837681098268393320e+00 4.959201704961071955e+05 1.343262556635649529e+00
7.000000000000000000e+00 6.000000000000000000e+01 4.400000000000000000e+01 2.778374915971791204e+00 5.326757215014395364e+00 4.929125861573779839e+05 1.398552157813100605e+00
7.000000000000000000e+00 6.000000000000000000e+01 4.600000000000000000e+01 2.981327170282933814e+00 4.769160437157452748e+00 5.001382564082884346e+05 1.460874712356653671e+00
7.000000000000000000e+00 6.000000000000000000e+01 4.800000000000000000e+01 3.172753617597173559e+00 4.243222835247658864e+00 4.856878060717607150e+05 1.535580212802154509e+00
7.000000000000000000e+00 6.000000000000000000e+01 5.000000000000000000e+01 3.378707086819868088e+00 3.677350162223197660e+00 4.808626757542070118e+05 1.635733383507919525e+00
7.000000000000000000e+00 6.000000000000000000e+01 5.200000000000000000e+01 3.585240271778722398e+00 3.109873670797753231e+00 4.726612252131025307e+05 1.783403066648882485e+00
7.000000000000000000e+00 6.000000000000000000e+01 5.400000000000000000e+01 3.794736762985042589e+00 2.534244737169032202e+00 4.702822964463458047e+05 2.023184966219206515e+00
7.000000000000000000e+00 6.000000000000000000e+01 5.600000000000000000e+01 4.010923466266086201e+00 1.940223196167013997e+00 4.937494206402529962e+05 2.415309369453146449e+00
7.000000000000000000e+00 6.000000000000000000e+01 5.800000000000000000e+01 4.042628990856255378e+00 1.853150434796925206e+00 3.224339899278634693e+05 2.342092620301673644e+00
7.000000000000000000e+00 6.000000000000000000e+01 6.000000000000000000e+01 4.049969953824341218e+00 1.966132182455769595e+00 2.209850007412785781e+05 2.141207710041686862e+00
7.000000000000000000e+00 6.000000000000000000e+01 6.200000000000000000e+01 4.081380484605082515e+00 2.143602402707715626e+00 1.715146462543273519e+05 2.011404206224268965e+00
7.000000000000000000e+00 6.000000000000000000e+01 6.400000000000000000e+01 4.114653461170024507e+00 2.332906802722977790e+00 1.400328077611122571e+05 1.894481785207585700e+00
7.000000000000000000e+00 6.000000000000000000e+01 6.600000000000000000e+01 4.152981358374389309e+00 2.517997759452383022e+00 1.190336464461868745e+05 1.799871701446083883e+00
7.000000000000000000e+00 6.000000000000000000e+01 6.800000000000000000e+01 4.230437252209833687e+00 2.633261052121191881e+00 1.072505715445831156e+05 1.776270036658473828e+00
7.000000000000000000e+00 6.000000000000000000e+01 7.000000000000000000e+01 4.308929328445881168e+00 2.752202001880752480e+00 9.783480057228122314e+04 1.748536018664096803e+00
7.000000000000000000e+00 6.200000000000000000e+01 2.800000000000000000e+01 1.139822016871397281e+00 9.823712212234719132e+00 2.525608734912278596e+05 1.165575414497877382e+00
7.000000000000000000e+00 6.200000000000000000e+01 3.000000000000000000e+01 1.308469152020736770e+00 9.359901701564028897e+00 2.886878060838805977e+05 1.174462265748597689e+00
7.000000000000000000e+00 6.200000000000000000e+01 3.200000000000000000e+01 1.488747124076927442e+00 8.864249644406239526e+00 3.299247345418846235e+05 1.185230252226795900e+00
7.000000000000000000e+00 6.200000000000000000e+01 3.400000000000000000e+01 1.666295415557426773e+00 8.381087431461578419e+00 3.652516044768168358e+05 1.203532137274380576e+00
7.000000000000000000e+00 6.200000000000000000e+01 3.600000000000000000e+01 1.866481134857921997e+00 7.831384142798381909e+00 4.161432447354499600e+05 1.219455244388245152e+00
7.000000000000000000e+00 6.200000000000000000e+01 3.800000000000000000e+01 2.078106038118446630e+00 7.250166202389685566e+00 4.760096777521026670e+05 1.238297352728435330e+00
7.000000000000000000e+00 6.200000000000000000e+01 4.000000000000000000e+01 2.240457502054510108e+00 6.804417687035948070e+00 4.779011244689525338e+05 1.279423747776899489e+00
7.000000000000000000e+00 6.200000000000000000e+01 4.200000000000000000e+01 2.427844883828351286e+00 6.289624227714464055e+00 4.981019503766378621e+05 1.318559651854638304e+00
7.000000000000000000e+00 6.200000000000000000e+01 4.400000000000000000e+01 2.602862390955197558e+00 5.808805662818962823e+00 4.957876711316781584e+05 1.365736344915453371e+00
7.000000000000000000e+00 6.200000000000000000e+01 4.600000000000000000e+01 2.779598765488475287e+00 5.323244973869821095e+00 4.867599596318277181e+05 1.416818810832913389e+00
7.000000000000000000e+00 6.200000000000000000e+01 4.800000000000000000e+01 2.971361348426071913e+00 4.796375285943084599e+00 4.860458892712991801e+05 1.472758001225724644e+00
7.000000000000000000e+00 6.200000000000000000e+01 5.000000000000000000e+01 3.164241808676254486e+00 4.266421765196610316e+00 4.790443003096037428e+05 1.538671995926065739e+00
7.000000000000000000e+00 6.200000000000000000e+01 5.200000000000000000e+01 3.382408468929828160e+00 3.666970295948041247e+00 4.934863366433444899e+05 1.634455185126654664e+00
7.000000000000000000e+00 6.200000000000000000e+01 5.400000000000000000e+01 3.591073124032469810e+00 3.093623119783583508e+00 4.937411711904582335e+05 1.772975501407309196e+00
7.000000000000000000e+00 6.200000000000000000e+01 5.600000000000000000e+01 3.801233561344744771e+00 2.516158538822963475e+00 4.978705391350137070e+05 1.994824331691855690e+00
7.000000000000000000e+00 6.200000000000000000e+01 5.800000000000000000e+01 3.997008621008152573e+00 1.978219025025823141e+00 4.954453030430187355e+05 2.300075693483169648e+00
7.000000000000000000e+00 6.200000000000000000e+01 6.000000000000000000e+01 4.051627605748529426e+00 1.828170026414491334e+00 3.502555513259915169e+05 2.265568970086550227e+00
7.000000000000000000e+00 6.200000000000000000e+01 6.200000000000000000e+01 4.063405604902838419e+00 1.935344359939897396e+00 2.444016531465976441e+05 2.071969472654076938e+00
7.000000000000000000e+00 6.200000000000000000e+01 6.400000000000000000e+01 4.110371823853510520e+00 2.075672110730992337e+00 1.947716338121742301e+05 1.974217807775090927e+00
7.000000000000000000e+00 6.200000000000000000e+01 6.600000000000000000e+01 4.147348646866071853e+00 2.254718075015795797e+00 1.596371606467774254e+05 1.859600496186214480e+00
7.000000000000000000e+00 6.200000000000000000e+01 6.800000000000000000e+01 4.197122436439891580e+00 2.413141504490082578e+00 1.370971703797714435e+05 1.781365737510262059e+00
7.000000000000000000e+00 6.200000000000000000e+01 7.000000000000000000e+01 4.271039097132965701e+00 2.531712004452381759e+00 1.228920107222727092e+05 1.745390835874503610e+00
7.000000000000000000e+00 6.400000000000000000e+01 2.800000000000000000e+01 1.069696248255286086e+00 1.001655758975582167e+01 2.619114712897221034e+05 1.162144787617641173e+00
7.000000000000000000e+00 6.400000000000000000e+01 3.000000000000000000e+01 1.227967631925711123e+00 9.581262335696935750e+00 2.982900951583742863e+05 1.170191907708484358e+00
7.000000000000000000e+00 6.400000000000000000e+01 3.200000000000000000e+01 1.397154283435475541e+00 9.116087435866548461e+00 3.394438351922752336e+05 1.179691546778105504e+00
7.000000000000000000e+00 6.400000000000000000e+01 3.400000000000000000e+01 1.577256202784580008e+00 8.620856886478556191e+00 3.864165810360343312e+05 1.191079126648491471e+00
7.000000000000000000e+00 6.400000000000000000e+01 3.600000000000000000e+01 1.752469111912561717e+00 8.144407209234309164e+00 4.251642896648786264e+05 1.210157339855573388e+00
7.000000000000000000e+00 6.400000000000000000e+01 3.800000000000000000e+01 1.951074123663893989e+00 7.598975897793033951e+00 4.831179436830367777e+05 1.226721668210816185e+00
7.000000000000000000e+00 6.400000000000000000e+01 4.000000000000000000e+01 2.102616854955453363e+00 7.183003434689258171e+00 4.843329945626633707e+05 1.264560893645139794e+00
7.000000000000000000e+00 6.400000000000000000e+01 4.200000000000000000e+01 2.263326916256529042e+00 6.741514487760642993e+00 4.868677341923563508e+05 1.303062145419072282e+00
7.000000000000000000e+00 6.400000000000000000e+01 4.400000000000000000e+01 2.430212292444957622e+00 6.283033514790075991e+00 4.876979570246536168e+05 1.343335879851164316e+00
7.000000000000000000e+00 6.400000000000000000e+01 4.600000000000000000e+01 2.608588294564868626e+00 5.792957737456714717e+00 4.927849090812963550e+05 1.385074710851802227e+00
7.000000000000000000e+00 6.400000000000000000e+01 4.800000000000000000e+01 2.788552984216265518e+00 5.298502947549528663e+00 4.916556231966062333e+05 1.430987010084475486e+00
7.000000000000000000e+00 6.400000000000000000e+01 5.000000000000000000e+01 2.969566775525274149e+00 4.801154053191223348e+00 4.842201743666618713e+05 1.481501675917418215e+00
7.000000000000000000e+00 6.400000000000000000e+01 5.200000000000000000e+01 3.174311072892153085e+00 4.238582971424855295e+00 4.950427774760653265e+05 1.544069310123694638e+00
7.000000000000000000e+00 6.400000000000000000e+01 5.400000000000000000e+01 3.357624890493169811e+00 3.734896511113124262e+00 4.770806775639159023e+05 1.616531658540528493e+00
7.000000000000000000e+00 6.400000000000000000e+01 5.600000000000000000e+01 3.567368605910449020e+00 3.158573248658032018e+00 4.829910921788612613e+05 1.733504271709492617e+00
7.000000000000000000e+00 6.400000000000000000e+01 5.800000000000000000e+01 3.782286582417558662e+00 2.568025816354889468e+00 4.955210694849754218e+05 1.925447644250531276e+00
7.000000000000000000e+00 6.400000000000000000e+01 6.000000000000000000e+01 3.964233310136025423e+00 2.068078630992365774e+00 4.767067356905425549e+05 2.149470742906440357e+00
7.000000000000000000e+00 6.400000000000000000e+01 6.200000000000000000e+01 4.040395381142682041e+00 1.858821494909730809e+00 3.637945887028396828e+05 2.143925227405474754e+00
7.000000000000000000e+00 6.400000000000000000e+01 6.400000000000000000e+01 4.063405604902838419e+00 1.935328117060497899e+00 2.641296746725352132e+05 1.982721379807483864e+00
7.000000000000000000e+00 6.400000000000000000e+01 6.600000000000000000e+01 4.102347673841086007e+00 2.084422638828169028e+00 2.099592456780038774e+05 1.868587467951228875e+00
7.000000000000000000e+00 6.400000000000000000e+01 6.800000000000000000e+01 4.171363136858792231e+00 2.194447917385990099e+00 1.799727622541622550e+05 1.817744334538545337e+00
7.000000000000000000e+00 6.400000000000000000e+01 7.000000000000000000e+01 4.242094443374922363e+00 2.308828790997986768e+00 1.578593034938616038e+05 1.770711893057055786e+00
7.000000000000000000e+00 6.600000000000000000e+01 2.800000000000000000e+01 1.005848446476963032e+00 1.019211578038437516e+01 2.716721249925085576e+05 1.159161812382291101e+00
7.000000000000000000e+00 6.600000000000000000e+01 3.000000000000000000e+01 1.154672961516922003e+00 9.782815794291378708e+00 3.084088082993295975e+05 1.166337066005623146e+00
7.000000000000000000e+00 6.600000000000000000e+01 3.200000000000000000e+01 1.313761236214809003e+00 9.345422908221925340e+00 3.496590405031046830e+05 1.174782178395614718e+00
7.000000000000000000e+00 6.600000000000000000e+01 3.400000000000000000e+01 1.483113270570624476e+00 8.879680557549754383e+00 3.963731660260306089e+05 1.184875225823830869e+00
7.000000000000000000e+00 6.600000000000000000e+01 3.600000000000000000e+01 1.648663946065317187e+00 8.429414036016085632e+00 4.354802962268666597e+05 1.202187775003571657e+00
7.000000000000000000e+00 6.600000000000000000e+01 3.800000000000000000e+01 1.835414664185944789e+00 7.916561983128070246e+00 4.920611271674800082e+05 1.216871059667995469e+00
7.000000000000000000e+00 6.600000000000000000e+01 4.000000000000000000e+01 1.977529563569540239e+00 7.526576087974478746e+00 4.932398497924520634e+05 1.252010729972856895e+00
7.000000000000000000e+00 6.600000000000000000e+01 4.200000000000000000e+01 2.128233941457011724e+00 7.112574465899794696e+00 4.956058969485607813e+05 1.287444430695491082e+00
7.000000000000000000e+00 6.600000000000000000e+01 4.400000000000000000e+01 2.285158298864680138e+00 6.681459258140191260e+00 4.966786447698560078e+05 1.323992485726040780e+00
7.000000000000000000e+00 6.600000000000000000e+01 4.600000000000000000e+01 2.435800590723443015e+00 6.267592388644516177e+00 4.833446451417808421e+05 1.363805911609268673e+00
7.000000000000000000e+00 6.600000000000000000e+01 4.800000000000000000e+01 2.608777055540743017e+00 5.792334887819436062e+00 4.864002664203901077e+05 1.401864546374999687e+00
7.000000000000000000e+00 6.600000000000000000e+01 5.000000000000000000e+01 2.792319906462700452e+00 5.288030065598966267e+00 4.932910877905237139e+05 1.442802245899823088e+00
7.000000000000000000e+00 6.600000000000000000e+01 5.200000000000000000e+01 2.963008489073323926e+00 4.819041411711682876e+00 4.800757392993518151e+05 1.487145211238524833e+00
7.000000000000000000e+00 6.600000000000000000e+01 5.400000000000000000e+01 3.157215691336093144e+00 4.285415194146583673e+00 4.845302619470055215e+05 1.540491516011508022e+00
7.000000000000000000e+00 6.600000000000000000e+01 5.600000000000000000e+01 3.354440268551239335e+00 3.743491455370245635e+00 4.864809815741287894e+05 1.609316200117481666e+00
7.000000000000000000e+00 6.600000000000000000e+01 5.800000000000000000e+01 3.557326103822080476e+00 3.186005593440172312e+00 4.901467761664819554e+05 1.708833395086664320e+00
7.000000000000000000e+00 6.600000000000000000e+01 6.000000000000000000e+01 3.758916782529976963e+00 2.632074558458955327e+00 4.914985758212872315e+05 1.856316529832498174e+00
7.000000000000000000e+00 6.600000000000000000e+01 6.200000000000000000e+01 3.962559428263492833e+00 2.072500957435917002e+00 5.002379415479312302e+05 2.083596818540174755e+00
7.000000000000000000e+00 6.600000000000000000e+01 6.400000000000000000e+01 4.048272273242054631e+00 1.836992487901480064e+00 3.946862154610183206e+05 2.085797223233979203e+00
7.000000000000000000e+00 6.600000000000000000e+01 6.600000000000000000e+01 4.085144945008831741e+00 1.888141614251895861e+00 2.958991202762788162e+05 1.954755289673619556e+00
7.000000000000000000e+00 6.600000000000000000e+01 6.800000000000000000e+01 4.117893816074878366e+00 2.045420824032265550e+00 2.336881186735764495e+05 1.826767094960329407e+00
7.000000000000000000e+00 6.600000000000000000e+01 7.000000000000000000e+01 4.196073048741602918e+00 2.132962808415887590e+00 2.028402273288674478e+05 1.786680809858826713e+00
7.000000000000000000e+00 6.800000000000000000e+01 2.800000000000000000e+01 9.475510019147171947e-01 1.035241799047070721e+01 2.818294490232815733e+05 1.156544472109519717e+00
7.000000000000000000e+00 6.800000000000000000e+01 3.000000000000000000e+01 1.087749874646996906e+00 9.966855062544155430e+00 3.190256030079547781e+05 1.163030078734556216e+00
7.000000000000000000e+00 6.800000000000000000e+01 3.200000000000000000e+01 1.237617635153916318e+00 9.554822608595467059e+00 3.605168717846717336e+05 1.170659012946223321e+00
7.000000000000000000e+00 6.800000000000000000e+01 3.400000000000000000e+01 1.397154283435475541e+00 9.116030338595919602e+00 4.071474057047480019e+05 1.179621102629302420e+00
7.000000000000000000e+00 6.800000000000000000e+01 3.600000000000000000e+01 1.566359819491675243e+00 8.650775849490308644e+00 4.599560246930752764e+05 1.190359715396705598e+00
7.000000000000000000e+00 6.800000000000000000e+01 3.800000000000000000e+01 1.716476245560001113e+00 8.243664140867323908e+00 4.874349978431489435e+05 1.213223101415346505e+00
7.000000000000000000e+00 6.800000000000000000e+01 4.000000000000000000e+01 1.850354379758294865e+00 7.875918248441165836e+00 4.892360536732327892e+05 1.245529695517822111e+00
7.000000000000000000e+00 6.800000000000000000e+01 4.200000000000000000e+01 1.983172614314517412e+00 7.511061450106296888e+00 4.821785778986642836e+05 1.280431364387159432e+00
7.000000000000000000e+00 6.800000000000000000e+01 4.400000000000000000e+01 2.137986757552200690e+00 7.085735657877482829e+00 4.913698648810858140e+05 1.311273086188856851e+00
7.000000000000000000e+00 6.800000000000000000e+01 4.600000000000000000e+01 2.294625296970441042e+00 6.655382367612723726e+00 4.950962269143854501e+05 1.344223449759252675e+00
7.000000000000000000e+00 6.800000000000000000e+01 4.800000000000000000e+01 2.455111571120080161e+00 6.214443498502706831e+00 4.957435213081082329e+05 1.378470219926503981e+00
7.000000000000000000e+00 6.800000000000000000e+01 5.000000000000000000e+01 2.613043511236975203e+00 5.780514538915461742e+00 4.869679661900715437e+05 1.414141842909950819e+00
7.000000000000000000e+00 6.800000000000000000e+01 5.200000000000000000e+01 2.791897778256482443e+00 5.289081490517974160e+00 4.930684103889400722e+05 1.451085920611721702e+00
7.000000000000000000e+00 6.800000000000000000e+01 5.400000000000000000e+01 2.974228276699831586e+00 4.788089345457031243e+00 4.962776802503057988e+05 1.492333904532066491e+00
7.000000000000000000e+00 6.800000000000000000e+01 5.600000000000000000e+01 3.160022017692301510e+00 4.277574736184727833e+00 4.969460189909660839e+05 1.540122192713754057e+00
7.000000000000000000e+00 6.800000000000000000e+01 5.800000000000000000e+01 3.338588295690289254e+00 3.786916552562005656e+00 4.853172053803884774e+05 1.594155216209879544e+00
7.000000000000000000e+00 6.800000000000000000e+01 6.000000000000000000e+01 3.541828468432941079e+00 3.228450389211020788e+00 4.937422520200129948e+05 1.680170250269339194e+00
7.000000000000000000e+00 6.800000000000000000e+01 6.200000000000000000e+01 3.733668296463906078e+00 2.701308885458451048e+00 4.890634247204912244e+05 1.793315224652922035e+00
7.000000000000000000e+00 6.800000000000000000e+01 6.400000000000000000e+01 3.933069361455152180e+00 2.153386154220661819e+00 4.939051936986052897e+05 1.970077504667208768e+00
7.000000000000000000e+00 6.800000000000000000e+01 6.600000000000000000e+01 4.055692849035621883e+00 1.816443372552124069e+00 4.276885678081227234e+05 2.034795272224349638e+00
7.000000000000000000e+00 6.800000000000000000e+01 6.800000000000000000e+01 4.098580596087328942e+00 1.859268585528234485e+00 3.266528919543503434e+05 1.916363785172161327e+00
7.000000000000000000e+00 6.800000000000000000e+01 7.000000000000000000e+01 4.148047050296966631e+00 1.978316718242755234e+00 2.647941995917827007e+05 1.817798494276504195e+00
7.000000000000000000e+00 7.000000000000000000e+01 2.800000000000000000e+01 8.941787413987045685e-01 1.049918146138113073e+01 2.923872014947473654e+05 1.154174704962665166e+00
7.000000000000000000e+00 7.000000000000000000e+01 3.000000000000000000e+01 1.026480698034226702e+00 1.013535138209136299e+01 3.300871354088941589e+05 1.160141666290147588e+00
7.000000000000000000e+00 7.000000000000000000e+01 3.200000000000000000e+01 1.167906927541165096e+00 9.746511179477026943e+00 3.719401365407512058e+05 1.167081954307504388e+00
7.000000000000000000e+00 7.000000000000000000e+01 3.400000000000000000e+01 1.318457429919518642e+00 9.332439029434054234e+00 4.186703716701256344e+05 1.175079621602506341e+00
7.000000000000000000e+00 7.000000000000000000e+01 3.600000000000000000e+01 1.478132205169287117e+00 8.893394107088544942e+00 4.712021170504177571e+05 1.184554466797791195e+00
7.000000000000000000e+00 7.000000000000000000e+01 3.800000000000000000e+01 1.619793093769274828e+00 8.509240035839232164e+00 4.986877373819163186e+05 1.205973165509977463e+00
7.000000000000000000e+00 7.000000000000000000e+01 4.000000000000000000e+01 1.724404273284205091e+00 8.221919219516077959e+00 4.769919604213822749e+05 1.243675080144134970e+00
7.000000000000000000e+00 7.000000000000000000e+01 4.200000000000000000e+01 1.871467381344964931e+00 7.817902380756157399e+00 4.948347756090252078e+05 1.269075887488974930e+00
7.000000000000000000e+00 7.000000000000000000e+01 4.400000000000000000e+01 1.995074412559795451e+00 7.478332648899709056e+00 4.800893612885337207e+05 1.302909086111144088e+00
7.000000000000000000e+00 7.000000000000000000e+01 4.600000000000000000e+01 2.140799315955235649e+00 7.077964161982193581e+00 4.822501888769195066e+05 1.332320809060488997e+00
7.000000000000000000e+00 7.000000000000000000e+01 4.800000000000000000e+01 2.304241306950316481e+00 6.628896267097156070e+00 4.960632291380275274e+05 1.360449905221881473e+00
7.000000000000000000e+00 7.000000000000000000e+01 5.000000000000000000e+01 2.453277486597003509e+00 6.219408651992075932e+00 4.884163779094973579e+05 1.392062436548357596e+00
7.000000000000000000e+00 7.000000000000000000e+01 5.200000000000000000e+01 2.622057510766692356e+00 5.755656045309919477e+00 4.945954750384038198e+05 1.423446806437111745e+00
7.000000000000000000e+00 7.000000000000000000e+01 5.400000000000000000e+01 2.786163856382887438e+00 5.304740995150821092e+00 4.900689432162644225e+05 1.456349626443529166e+00
7.000000000000000000e+00 7.000000000000000000e+01 5.600000000000000000e+01 2.959516946419314287e+00 4.828410407675044702e+00 4.889112533941426664e+05 1.491648730861514949e+00
7.000000000000000000e+00 7.000000000000000000e+01 5.800000000000000000e+01 3.150537199851406900e+00 4.303525989395528661e+00 4.991714964471221319e+05 1.535152510775167567e+00
7.000000000000000000e+00 7.000000000000000000e+01 6.000000000000000000e+01 3.329747196469128756e+00 3.811092582879113344e+00 4.931369796195012750e+05 1.583299137675225676e+00
7.000000000000000000e+00 7.000000000000000000e+01 6.200000000000000000e+01 3.524114735275326815e+00 3.277003144056282125e+00 4.973512912596378592e+05 1.652804389674207730e+00
7.000000000000000000e+00 7.000000000000000000e+01 6.400000000000000000e+01 3.711533209667066124e+00 2.762006842198460266e+00 4.924599831559697050e+05 1.742876528533909175e+00
7.000000000000000000e+00 7.000000000000000000e+01 6.600000000000000000e+01 3.909866291549305206e+00 2.217015017627857798e+00 4.982153528846460395e+05 1.886018636972189411e+00
7.000000000000000000e+00 7.000000000000000000e+01 6.800000000000000000e+01 4.082555948542163193e+00 1.742488443059188485e+00 4.820305667469967739e+05 2.032718330047772248e+00
7.000000000000000000e+00 7.000000000000000000e+01 7.000000000000000000e+01 4.120319936193322263e+00 1.811394029264479899e+00 3.651816761392098269e+05 1.901016220619398789e+00
7.000000000000000000e+00 7.200000000000000000e+01 2.800000000000000000e+01 8.451920973868924936e-01 1.063388863104712101e+01 3.033053651993672247e+05 1.152015527514794080e+00
7.000000000000000000e+00 7.200000000000000000e+01 3.000000000000000000e+01 9.702460301635249529e-01 1.029000635349233406e+01 3.415789743292400963e+05 1.157581392822446320e+00
7.000000000000000000e+00 7.200000000000000000e+01 3.200000000000000000e+01 1.103924372097165874e+00 9.922455846068567453e+00 3.838993320598086575e+05 1.163788754004139836e+00
7.000000000000000000e+00 7.200000000000000000e+01 3.400000000000000000e+01 1.246227123187816144e+00 9.531077430392409511e+00 4.308661830138869700e+05 1.171150424601770101e+00
7.000000000000000000e+00 7.200000000000000000e+01 3.600000000000000000e+01 1.397154283435475541e+00 9.116094129952834635e+00 4.833105825729268254e+05 1.179628389885563067e+00
7.000000000000000000e+00 7.200000000000000000e+01 3.800000000000000000e+01 1.515200977061340160e+00 8.796574750136880283e+00 4.924874563562819967e+05 1.205814334644885966e+00
7.000000000000000000e+00 7.200000000000000000e+01 4.000000000000000000e+01 1.635381145980615125e+00 8.466452461852876255e+00 4.966052835811593686e+05 1.233581839144507253e+00
7.000000000000000000e+00 7.200000000000000000e+01 4.200000000000000000e+01 1.750938413840841035e+00 8.149014531284295870e+00 4.884660688014559564e+05 1.264577104380404382e+00
7.000000000000000000e+00 7.200000000000000000e+01 4.400000000000000000e+01 1.885973376273005098e+00 7.778030226425659777e+00 4.950052304590371787e+05 1.291020389689506498e+00
7.000000000000000000e+00 7.200000000000000000e+01 4.600000000000000000e+01 2.023517871948428137e+00 7.400136998092009755e+00 4.974917075263003353e+05 1.318522814770261231e+00
7.000000000000000000e+00 7.200000000000000000e+01 4.800000000000000000e+01 2.162372535564715204e+00 7.018633026073680448e+00 4.949747859823756735e+05 1.346765682197815561e+00
7.000000000000000000e+00 7.200000000000000000e+01 5.000000000000000000e+01 2.304763509315161052e+00 6.627402337783119712e+00 4.901549942064705538e+05 1.374824397394226461e+00
7.000000000000000000e+00 7.200000000000000000e+01 5.200000000000000000e+01 2.460063392475681621e+00 6.200690053372473365e+00 4.924479012716649449e+05 1.402272894351092036e+00
7.000000000000000000e+00 7.200000000000000000e+01 5.400000000000000000e+01 2.620923873730125919e+00 5.758691403523449104e+00 4.944291891922850627e+05 1.430503680335965422e+00
7.000000000000000000e+00 7.200000000000000000e+01 5.600000000000000000e+01 2.776286633289799521e+00 5.331795825154606483e+00 4.858641630156814354e+05 1.459046439365430103e+00
7.000000000000000000e+00 7.200000000000000000e+01 5.800000000000000000e+01 2.948472261128117111e+00 4.858666598840404305e+00 4.878930313652191544e+05 1.490132645849150173e+00
7.000000000000000000e+00 7.200000000000000000e+01 6.000000000000000000e+01 3.132233726527230644e+00 4.353723626299774274e+00 4.953892385321230395e+05 1.526945067161212588e+00
7.000000000000000000e+00 7.200000000000000000e+01 6.200000000000000000e+01 3.302326888693894347e+00 3.886338083393030551e+00 4.860792404950447381e+05 1.564633023609619311e+00
7.000000000000000000e+00 7.200000000000000000e+01 6.400000000000000000e+01 3.491023995041372618e+00 3.367826581731026447e+00 4.892707663219071110e+05 1.619073910121652471e+00
7.000000000000000000e+00 7.200000000000000000e+01 6.600000000000000000e+01 3.683065434425760287e+00 2.840122764018267798e+00 4.924266337766444776e+05 1.694398266204564463e+00
7.000000000000000000e+00 7.200000000000000000e+01 6.800000000000000000e+01 3.878288359665644780e+00 2.303674486369551300e+00 4.974240288514196873e+05 1.804460568033978252e+00
7.000000000000000000e+00 7.200000000000000000e+01 7.000000000000000000e+01 4.067108559833378045e+00 1.784819244310480002e+00 4.982955261468874523e+05 1.947166711785141002e+00
7.000000000000000000e+00 7.400000000000000000e+01 2.800000000000000000e+01 8.001234172486580976e-01 1.075782487519308361e+01 3.145795683270119480e+05 1.150242108977742372e+00
7.000000000000000000e+00 7.400000000000000000e+01 3.000000000000000000e+01 9.185090249027961784e-01 1.043229499658753667e+01 3.535056533578622621e+05 1.155249185135609924e+00
7.000000000000000000e+00 7.400000000000000000e+01 3.200000000000000000e+01 1.045059157222737234e+00 1.008433412377769400e+01 3.963513282211580081e+05 1.160991822255589057e+00
7.000000000000000000e+00 7.400000000000000000e+01 3.400000000000000000e+01 1.179773814208480820e+00 9.713836390412859956e+00 4.436532510410900577e+05 1.167668637105473861e+00
7.000000000000000000e+00 7.400000000000000000e+01 3.600000000000000000e+01 1.322652995860027048e+00 9.320960400690763592e+00 4.961955386915970012e+05 1.175291655686570680e+00
7.000000000000000000e+00 7.400000000000000000e+01 3.800000000000000000e+01 1.410121417719526038e+00 9.085266180907959566e+00 4.778237351650997298e+05 1.209654129851781112e+00
7.000000000000000000e+00 7.400000000000000000e+01 4.000000000000000000e+01 1.535554371081518266e+00 8.740695078725769562e+00 4.960940310493423021e+05 1.230920089367146808e+00
7.000000000000000000e+00 7.400000000000000000e+01 4.200000000000000000e+01 1.644949708499721774e+00 8.440182985671640381e+00 4.893340695639302721e+05 1.259734559567177836e+00
7.000000000000000000e+00 7.400000000000000000e+01 4.400000000000000000e+01 1.772784119541604309e+00 8.088980066471448183e+00 4.965672561481648590e+05 1.284126383228082480e+00
7.000000000000000000e+00 7.400000000000000000e+01 4.600000000000000000e+01 1.893624164201970661e+00 7.756987268870239483e+00 4.899417708702500095e+05 1.311340972154919626e+00
7.000000000000000000e+00 7.400000000000000000e+01 4.800000000000000000e+01 2.023120636426992025e+00 7.401195280589936587e+00 4.867497420745582785e+05 1.337026604944611119e+00
7.000000000000000000e+00 7.400000000000000000e+01 5.000000000000000000e+01 2.169242851734679789e+00 6.999706283195347822e+00 4.946875414111113641e+05 1.360713099789205183e+00
7.000000000000000000e+00 7.400000000000000000e+01 5.200000000000000000e+01 2.314113549122029934e+00 6.601650459915809677e+00 4.955923033950143727e+05 1.385479903073385533e+00
7.000000000000000000e+00 7.400000000000000000e+01 5.400000000000000000e+01 2.462435918028305082e+00 6.194103952012665282e+00 4.944692043563679908e+05 1.410399697699399990e+00
7.000000000000000000e+00 7.400000000000000000e+01 5.600000000000000000e+01 2.615622661528064885e+00 5.773185479960094568e+00 4.928470859561093384e+05 1.435453247415767741e+00
7.000000000000000000e+00 7.400000000000000000e+01 5.800000000000000000e+01 2.770825662654153199e+00 5.346722438850385117e+00 4.882920506340688444e+05 1.460664543821762029e+00
7.000000000000000000e+00 7.400000000000000000e+01 6.000000000000000000e+01 2.942087229739406951e+00 4.876127195049449803e+00 4.933374448445756570e+05 1.488523071350409177e+00
7.000000000000000000e+00 7.400000000000000000e+01 6.200000000000000000e+01 3.116803496757377889e+00 4.396035790743019867e+00 4.967299204796786653e+05 1.519545048162682432e+00
7.000000000000000000e+00 7.400000000000000000e+01 6.400000000000000000e+01 3.278559464281009195e+00 3.951556613685940800e+00 4.849661744415541762e+05 1.549384519806609850e+00
7.000000000000000000e+00 7.400000000000000000e+01 6.600000000000000000e+01 3.472023843082414629e+00 3.419941398670864885e+00 4.960046427654131548e+05 1.598012439261933482e+00
7.000000000000000000e+00 7.400000000000000000e+01 6.800000000000000000e+01 3.653127127073885649e+00 2.922292443203455381e+00 4.936224350461794529e+05 1.653250317753158338e+00
7.000000000000000000e+00 7.400000000000000000e+01 7.000000000000000000e+01 3.844127886467657795e+00 2.397444250509692232e+00 4.975672734646654571e+05 1.736106333258147671e+00
7.000000000000000000e+00 7.600000000000000000e+01 2.800000000000000000e+01 7.585657605356045385e-01 1.087210794434951389e+01 3.262075016284638550e+05 1.148617239559345471e+00
7.000000000000000000e+00 7.600000000000000000e+01 3.000000000000000000e+01 8.708025312270971652e-01 1.056350106958538149e+01 3.658344730098065338e+05 1.153175997824619436e+00
7.000000000000000000e+00 7.600000000000000000e+01 3.200000000000000000e+01 9.907797688628303678e-01 1.023360597126679572e+01 4.092743367736022919e+05 1.158563836231536692e+00
7.000000000000000000e+00 7.600000000000000000e+01 3.400000000000000000e+01 1.118497473442804591e+00 9.882363317186124263e+00 4.570474980201392318e+05 1.164460934709481865e+00
7.000000000000000000e+00 7.600000000000000000e+01 3.600000000000000000e+01 1.233856043619691034e+00 9.569432350707815615e+00 4.854581279144479777e+05 1.180489668567664685e+00
7.000000000000000000e+00 7.600000000000000000e+01 3.800000000000000000e+01 1.336881039375367841e+00 9.286461080652605560e+00 4.924576716949481051e+05 1.204505513344489742e+00
7.000000000000000000e+00 7.600000000000000000e+01 4.000000000000000000e+01 1.440033380536292373e+00 9.003116734481091399e+00 4.928042769017331884e+05 1.230350218273001728e+00
7.000000000000000000e+00 7.600000000000000000e+01 4.200000000000000000e+01 1.544721693806949681e+00 8.715532371777005238e+00 4.886042827472459176e+05 1.256822513924739981e+00
7.000000000000000000e+00 7.600000000000000000e+01 4.400000000000000000e+01 1.661630833315693945e+00 8.394347535424623530e+00 4.919084462144284043e+05 1.280371211706286871e+00
7.000000000000000000e+00 7.600000000000000000e+01 4.600000000000000000e+01 1.782384979540098335e+00 8.062584904244868511e+00 4.933714747548344894e+05 1.303967582386230450e+00
7.000000000000000000e+00 7.600000000000000000e+01 4.800000000000000000e+01 1.895338986457918429e+00 7.752248872567732541e+00 4.813468409899955150e+05 1.329349242720655022e+00
7.000000000000000000e+00 7.600000000000000000e+01 5.000000000000000000e+01 2.041349788458774128e+00 7.351061868343607308e+00 4.974595803319431725e+05 1.349614261082032307e+00
7.000000000000000000e+00 7.600000000000000000e+01 5.200000000000000000e+01 2.164812863334764970e+00 7.011832040444978986e+00 4.858056570810126723e+05 1.373178487972618322e+00
7.000000000000000000e+00 7.600000000000000000e+01 5.400000000000000000e+01 2.319139617028417977e+00 6.587782192412504401e+00 4.989321871108697378e+05 1.394454775794226720e+00
7.000000000000000000e+00 7.600000000000000000e+01 5.600000000000000000e+01 2.462202197841649287e+00 6.194682717956081497e+00 4.962234953976366669e+05 1.416744404515985378e+00
7.000000000000000000e+00 7.600000000000000000e+01 5.800000000000000000e+01 2.606425321736412837e+00 5.798390374667063085e+00 4.901349138714622241e+05 1.438636816967079568e+00
7.000000000000000000e+00 7.600000000000000000e+01 6.000000000000000000e+01 2.767354519007761304e+00 5.356186644099288685e+00 4.944218416289176675e+05 1.461590340082808970e+00
7.000000000000000000e+00 7.600000000000000000e+01 6.200000000000000000e+01 2.917042461697158640e+00 4.944871151152306687e+00 4.848770874464259250e+05 1.483175967529485995e+00
7.000000000000000000e+00 7.600000000000000000e+01 6.400000000000000000e+01 3.083330135476303635e+00 4.487937549858070696e+00 4.852947777416505269e+05 1.507891617501571080e+00
7.000000000000000000e+00 7.600000000000000000e+01 6.600000000000000000e+01 3.262654498781472956e+00 3.995177575503211731e+00 4.922047122642664472e+05 1.538546517596812269e+00
7.000000000000000000e+00 7.600000000000000000e+01 6.800000000000000000e+01 3.442472613118741531e+00 3.501059254223882977e+00 4.957652661513088970e+05 1.574682600735104243e+00
7.000000000000000000e+00 7.600000000000000000e+01 7.000000000000000000e+01 3.622886340538409300e+00 3.005303017034314461e+00 4.966193295150775812e+05 1.619324234796555961e+00
7.000000000000000000e+00 7.800000000000000000e+01 2.800000000000000000e+01 7.201636806136838542e-01 1.097771535681446764e+01 3.381655512843771721e+05 1.147273831785514231e+00
7.000000000000000000e+00 7.800000000000000000e+01 3.000000000000000000e+01 8.267185109085654071e-01 1.068474641839696204e+01 3.785479425734231481e+05 1.151318576076825861e+00
7.000000000000000000e+00 7.800000000000000000e+01 3.200000000000000000e+01 9.406219501893012813e-01 1.037154677818642767e+01 4.226354238111109589e+05 1.156277945959851783e+00
7.000000000000000000e+00 7.800000000000000000e+01 3.400000000000000000e+01 1.061873998455890922e+00 1.003809785907796126e+01 4.709616880515943631e+05 1.161764689211494561e+00
7.000000000000000000e+00 7.800000000000000000e+01 3.600000000000000000e+01 1.158734232421018140e+00 9.775818473124681773e+00 4.845383165512029664e+05 1.182447037162247083e+00
7.000000000000000000e+00 7.800000000000000000e+01 3.800000000000000000e+01 1.247345151508590044e+00 9.532452423613202441e+00 4.815820234186608577e+05 1.208736476176915486e+00
7.000000000000000000e+00 7.800000000000000000e+01 4.000000000000000000e+01 1.342914183106125092e+00 9.269939355535630199e+00 4.806169569838748430e+05 1.233390830658978254e+00
7.000000000000000000e+00 7.800000000000000000e+01 4.200000000000000000e+01 1.453862432429096074e+00 8.965142333957356158e+00 4.909577240133763989e+05 1.253901357094268310e+00
7.000000000000000000e+00 7.800000000000000000e+01 4.400000000000000000e+01 1.561540911346255500e+00 8.669319072257154701e+00 4.915850041232120711e+05 1.276743305613037505e+00
7.000000000000000000e+00 7.800000000000000000e+01 4.600000000000000000e+01 1.672357810127045763e+00 8.364860229951419868e+00 4.900819746353278751e+05 1.299282472573549230e+00
7.000000000000000000e+00 7.800000000000000000e+01 4.800000000000000000e+01 1.786067522368814942e+00 8.052442863190332645e+00 4.864722507984305848e+05 1.321410993727557326e+00
7.000000000000000000e+00 7.800000000000000000e+01 5.000000000000000000e+01 1.914620405968388006e+00 7.699228050498286180e+00 4.927787807448691456e+05 1.341276483423666122e+00
7.000000000000000000e+00 7.800000000000000000e+01 5.200000000000000000e+01 2.029924843328753337e+00 7.382415308424108424e+00 4.813243088531299145e+05 1.362764540140786407e+00
7.000000000000000000e+00 7.800000000000000000e+01 5.400000000000000000e+01 2.175130654523034668e+00 6.983427325124631047e+00 4.935628769416757277e+05 1.381704867546986293e+00
7.000000000000000000e+00 7.800000000000000000e+01 5.600000000000000000e+01 2.306764888107522005e+00 6.621730750676292132e+00 4.884879324654312222e+05 1.401380518092842919e+00
7.000000000000000000e+00 7.800000000000000000e+01 5.800000000000000000e+01 2.456340083554569453e+00 6.210728826057794194e+00 4.951242660875036381e+05 1.420983265756220471e+00
7.000000000000000000e+00 7.800000000000000000e+01 6.000000000000000000e+01 2.593581214520560341e+00 5.833618107241838935e+00 4.868047941293641343e+05 1.439595927906550887e+00
7.000000000000000000e+00 7.800000000000000000e+01 6.200000000000000000e+01 2.747144081632085122e+00 5.411652877345906276e+00 4.883898131119965110e+05 1.459130140731666359e+00
7.000000000000000000e+00 7.800000000000000000e+01 6.400000000000000000e+01 2.912601993004106493e+00 4.956998253473605232e+00 4.955877579473463702e+05 1.480803856949520103e+00
7.000000000000000000e+00 7.800000000000000000e+01 6.600000000000000000e+01 3.076390772106272653e+00 4.506928636072463412e+00 4.974639239686681540e+05 1.503036505027144143e+00
7.000000000000000000e+00 7.800000000000000000e+01 6.800000000000000000e+01 3.244798205123175183e+00 4.044165612540263410e+00 4.992800058277291828e+05 1.527819699099817186e+00
7.000000000000000000e+00 7.800000000000000000e+01 7.000000000000000000e+01 3.410145978631495378e+00 3.589809280302802996e+00 4.954050850735439453e+05 1.553675735612231268e+00
7.000000000000000000e+00 8.000000000000000000e+01 2.800000000000000000e+01 6.846055988833830153e-01 1.107550289624137285e+01 3.504595743056900101e+05 1.146142963053304431e+00
7.000000000000000000e+00 8.000000000000000000e+01 3.000000000000000000e+01 7.858992844324550475e-01 1.079701371283455558e+01 3.916459105807927554e+05 1.149708558064278519e+00
7.000000000000000000e+00 8.000000000000000000e+01 3.200000000000000000e+01 8.941787413987045685e-01 1.049927472087186864e+01 4.364433303110755514e+05 1.154162627504611960e+00
7.000000000000000000e+00 8.000000000000000000e+01 3.400000000000000000e+01 1.009443969782131134e+00 1.018230088606016537e+01 4.853802927451750147e+05 1.159406948468839627e+00
7.000000000000000000e+00 8.000000000000000000e+01 3.600000000000000000e+01 1.101521729695229990e+00 9.932981709317706631e+00 4.996931320138108567e+05 1.179096762242780372e+00
7.000000000000000000e+00 8.000000000000000000e+01 3.800000000000000000e+01 1.186249539385930252e+00 9.700279469825373369e+00 4.981670541620139265e+05 1.204173237879643699e+00
7.000000000000000000e+00 8.000000000000000000e+01 4.000000000000000000e+01 1.276607795315259919e+00 9.452080404575966099e+00 4.973849959549099440e+05 1.228070867336804151e+00
7.000000000000000000e+00 8.000000000000000000e+01 4.200000000000000000e+01 1.366390962265970233e+00 9.205445006407350306e+00 4.903186142151600798e+05 1.252789641530133169e+00
7.000000000000000000e+00 8.000000000000000000e+01 4.400000000000000000e+01 1.471764807018734356e+00 8.915949383951534912e+00 4.955040280844700173e+05 1.273050207053371352e+00
7.000000000000000000e+00 8.000000000000000000e+01 4.600000000000000000e+01 1.572671467470789786e+00 8.638720649406899099e+00 4.904067798794487608e+05 1.295133501753840344e+00
7.000000000000000000e+00 8.000000000000000000e+01 4.800000000000000000e+01 1.678061640386107944e+00 8.349162177324870981e+00 4.853883780359614757e+05 1.316063142220093463e+00
7.000000000000000000e+00 8.000000000000000000e+01 5.000000000000000000e+01 1.806345792492256574e+00 7.996682324766267058e+00 4.987654318876927136e+05 1.333153452372640047e+00
7.000000000000000000e+00 8.000000000000000000e+01 5.200000000000000000e+01 1.905650999219166586e+00 7.723833520538949671e+00 4.789465494516819599e+05 1.354376313298135681e+00
7.000000000000000000e+00 8.000000000000000000e+01 5.400000000000000000e+01 2.039031942616082560e+00 7.357338094708801179e+00 4.874601778419372276e+05 1.371411467300578835e+00
7.000000000000000000e+00 8.000000000000000000e+01 5.600000000000000000e+01 2.178313714870057538e+00 6.974623699700601698e+00 4.967164616174166440e+05 1.388711269494582456e+00
7.000000000000000000e+00 8.000000000000000000e+01 5.800000000000000000e+01 2.303894402741204050e+00 6.629557042107301790e+00 4.894000582083041081e+05 1.406184384059378401e+00
7.000000000000000000e+00 8.000000000000000000e+01 6.000000000000000000e+01 2.446842200130812994e+00 6.236762809417325748e+00 4.932921888928486151e+05 1.423404997819134099e+00
7.000000000000000000e+00 8.000000000000000000e+01 6.200000000000000000e+01 2.584124448258900308e+00 5.859535173819941711e+00 4.886155465870366897e+05 1.439929539075597509e+00
7.000000000000000000e+00 8.000000000000000000e+01 6.400000000000000000e+01 2.735213241282465457e+00 5.444365398097573028e+00 4.914798675076052896e+05 1.457211249063666170e+00
7.000000000000000000e+00 8.000000000000000000e+01 6.600000000000000000e+01 2.881867390040750543e+00 5.041380221357947278e+00 4.873857589341053390e+05 1.473568938202998391e+00
7.000000000000000000e+00 8.000000000000000000e+01 6.800000000000000000e+01 3.033758431483629447e+00 4.624002763530651983e+00 4.841395478593944572e+05 1.490263253663805854e+00
7.000000000000000000e+00 8.000000000000000000e+01 7.000000000000000000e+01 3.214839168310940298e+00 4.126412043874078783e+00 4.987581098691791994e+05 1.514596670190623273e+00
