7.000000000000000000e+00 4.400000000000000000e+01 2.800000000000000000e+01 2.240111052232392819e+00 6.804790073570636366e+00 1.886747755994304316e+05 1.254711958267088923e+00
7.000000000000000000e+00 4.400000000000000000e+01 3.000000000000000000e+01 2.571556054858615159e+00 5.894135059075569671e+00 2.339356864242114534e+05 1.295341791031064727e+00
7.000000000000000000e+00 4.400000000000000000e+01 3.200000000000000000e+01 2.939192710258863972e+00 4.881999624343852595e+00 3.083818315755997901e+05 1.356489000104353915e+00
7.000000000000000000e+00 4.400000000000000000e+01 3.400000000000000000e+01 3.303020888240620234e+00 3.884359222245069354e+00 4.033192181307434803e+05 1.487399409705377762e+00
7.000000000000000000e+00 4.400000000000000000e+01 3.600000000000000000e+01 3.703040718996404301e+00 2.785261761030680017e+00 6.228825182625548914e+05 1.816764513835284367e+00
7.000000000000000000e+00 4.400000000000000000e+01 3.800000000000000000e+01 4.125918825795377387e+00 1.623398914004169580e+00 1.418678948479911545e+06 2.389952503629533709e+00
7.000000000000000000e+00 4.400000000000000000e+01 4.000000000000000000e+01 4.555918368699955145e+00 4.419850020444510696e-01 5.663093713430742733e+06 1.954196726680979657e+00
7.000000000000000000e+00 4.400000000000000000e+01 4.200000000000000000e+01 4.414370541796652780e+00 8.310756365205445029e-01 1.490065294244827470e+06 3.342291885879536295e+00
7.000000000000000000e+00 4.400000000000000000e+01 4.400000000000000000e+01 4.361412912433753952e+00 1.314999995151168166e+00 6.290336057024337351e+05 3.973742289805715089e+00
7.000000000000000000e+00 4.400000000000000000e+01 4.600000000000000000e+01 4.364310794050435760e+00 1.699411803453282799e+00 4.177013625892324490e+05 4.202346120563456466e+00
7.000000000000000000e+00 4.400000000000000000e+01 4.800000000000000000e+01 4.371541259381495514e+00 2.062617208050373740e+00 2.960388135753215756e+05 4.365847184857470253e+00
7.000000000000000000e+00 4.400000000000000000e+01 5.000000000000000000e+01 4.371935757700392777e+00 2.421513070688007918e+00 2.043343325737871928e+05 4.504014147118017064e+00
7.000000000000000000e+00 4.600000000000000000e+01 2.800000000000000000e+01 2.049854064878792403e+00 7.326887535733781931e+00 1.909734139495760610e+05 1.235615941384074379e+00
7.000000000000000000e+00 4.600000000000000000e+01 3.000000000000000000e+01 2.352803649435858624e+00 6.494550216502320339e+00 2.318021460081034747e+05 1.267102108278312045e+00
7.000000000000000000e+00 4.600000000000000000e+01 3.200000000000000000e+01 2.690301080841758452e+00 5.564960087288407742e+00 2.957565015877953265e+05 1.307861668067906491e+00
7.000000000000000000e+00 4.600000000000000000e+01 3.400000000000000000e+01 3.035378954544015517e+00 4.617176588159153994e+00 3.785822805495716166e+05 1.380437530522990119e+00
7.000000000000000000e+00 4.600000000000000000e+01 3.600000000000000000e+01 3.401370638773684618e+00 3.611921197478938250e+00 5.164519344946502242e+05 1.530640897633910091e+00
7.000000000000000000e+00 4.600000000000000000e+01 3.800000000000000000e+01 3.774942744205978418e+00 2.587015599349563377e+00 7.865666311088022776e+05 1.886908917691634935e+00
7.000000000000000000e+00 4.600000000000000000e+01 4.000000000000000000e+01 4.182762043441527133e+00 1.466552882157966531e+00 1.850580864191854605e+06 2.357222217135300557e+00
7.000000000000000000e+00 4.600000000000000000e+01 4.200000000000000000e+01 4.595504979310614857e+00 3.325951044941949930e-01 6.787816199187128805e+06 1.777973603712502459e+00
7.000000000000000000e+00 4.600000000000000000e+01 4.400000000000000000e+01 4.380540315221177039e+00 9.235575055543703282e-01 1.206054217460924992e+06 3.453614172816490413e+00
7.000000000000000000e+00 4.600000000000000000e+01 4.600000000000000000e+01 4.361412912433753952e+00 1.315075486774008429e+00 6.035505140857801307e+05 3.924583686099195390e+00
7.000000000000000000e+00 4.600000000000000000e+01 4.800000000000000000e+01 4.362455526655418581e+00 1.686687582584807998e+00 3.831077287666384946e+05 4.146705866643407568e+00
7.000000000000000000e+00 4.600000000000000000e+01 5.000000000000000000e+01 4.381479165975237677e+00 2.014155999705073530e+00 2.801522283510079142e+05 4.274229725895124510e+00
7.000000000000000000e+00 4.600000000000000000e+01 5.200000000000000000e+01 4.385969782782244586e+00 2.353319623541254124e+00 1.927703683782242006e+05 4.371358727308095382e+00
7.000000000000000000e+00 4.800000000000000000e+01 2.800000000000000000e+01 1.883679630186715137e+00 7.782312357507853662e+00 1.952373584946789779e+05 1.220881201613462252e+00
7.000000000000000000e+00 4.800000000000000000e+01 3.000000000000000000e+01 2.160821407207585310e+00 7.021018187664883392e+00 2.328365380388552148e+05 1.246454640083126231e+00
7.000000000000000000e+00 4.800000000000000000e+01 3.200000000000000000e+01 2.458534578867297427e+00 6.203006996985253707e+00 2.820597772933532833e+05 1.279945518602847665e+00
7.000000000000000000e+00 4.800000000000000000e+01 3.400000000000000000e+01 2.788788426424394729e+00 5.293439874830506042e+00 3.595892009434178472e+05 1.324969663897052952e+00
7.000000000000000000e+00 4.800000000000000000e+01 3.600000000000000000e+01 3.124916205864488372e+00 4.370153351885176285e+00 4.611850802161222673e+05 1.406636887102316491e+00
7.000000000000000000e+00 4.800000000000000000e+01 3.800000000000000000e+01 3.480542731706989912e+00 3.393336683209843940e+00 6.350438544500005664e+05 1.576608647745695313e+00
7.000000000000000000e+00 4.800000000000000000e+01 4.000000000000000000e+01 3.841460279480152895e+00 2.403190607299632742e+00 9.878362484832606278e+05 1.947207405573980310e+00
7.000000000000000000e+00 4.800000000000000000e+01 4.200000000000000000e+01 4.235209958126867846e+00 1.321450470052740078e+00 2.376121141954056919e+06 2.295862703483467548e+00
7.000000000000000000e+00 4.800000000000000000e+01 4.400000000000000000e+01 4.631943576583521960e+00 2.316197411454952171e-01 7.898704552426719107e+06 1.619567558380728300e+00
7.000000000000000000e+00 4.800000000000000000e+01 4.600000000000000000e+01 4.416069842366730391e+00 8.444431181754841198e-01 1.462982792149710236e+06 3.294226762747462178e+00
7.000000000000000000e+00 4.800000000000000000e+01 4.800000000000000000e+01 4.361412912433753952e+00 1.314975708353392836e+00 5.801934730274615576e+05 3.861257214504437485e+00
7.000000000000000000e+00 4.800000000000000000e+01 5.000000000000000000e+01 4.370909954121471763e+00 1.656476616334398910e+00 3.734807092500916333e+05 4.048313433544921125e+00
7.000000000000000000e+00 4.800000000000000000e+01 5.200000000000000000e+01 4.377831519067196808e+00 1.991206897298090084e+00 2.497454890808514028e+05 4.156725621006008176e+00
7.000000000000000000e+00 4.800000000000000000e+01 5.400000000000000000e+01 4.401750119941601369e+00 2.285407877674575428e+00 1.853860106366523542e+05 4.203768735346116614e+00
7.000000000000000000e+00 5.000000000000000000e+01 2.800000000000000000e+01 1.737044480513409761e+00 8.183344623116065364e+00 2.007043139345629897e+05 1.208885954162584042e+00
7.000000000000000000e+00 5.000000000000000000e+01 3.000000000000000000e+01 1.992083374739033186e+00 7.482847129364454730e+00 2.364475889310817583e+05 1.230395790151321389e+00
7.000000000000000000e+00 5.000000000000000000e+01 3.200000000000000000e+01 2.265785467884101401e+00 6.730880965311295761e+00 2.814837929379214183e+05 1.257495987782541791e+00
7.000000000000000000e+00 5.000000000000000000e+01 3.400000000000000000e+01 2.557859375853535955e+00 5.928356317700899325e+00 3.402178489311177982e+05 1.293262666590643484e+00
7.000000000000000000e+00 5.000000000000000000e+01 3.600000000000000000e+01 2.880968108658045868e+00 5.038447637835780313e+00 4.338111020793856005e+05 1.342914243370892713e+00
7.000000000000000000e+00 5.000000000000000000e+01 3.800000000000000000e+01 3.208444919420434971e+00 4.138981380771908469e+00 5.579730243772491813e+05 1.434888200335737052e+00
7.000000000000000000e+00 5.000000000000000000e+01 4.000000000000000000e+01 3.554202971236744446e+00 3.189250096098402043e+00 7.765879250326681649e+05 1.624442542847317483e+00
7.000000000000000000e+00 5.000000000000000000e+01 4.200000000000000000e+01 3.903169497409721522e+00 2.231932922473835568e+00 1.233436774432108272e+06 1.995100588032221234e+00
7.000000000000000000e+00 5.000000000000000000e+01 4.400000000000000000e+01 4.283750650218377309e+00 1.186538506672471849e+00 2.997251021306089126e+06 2.213291719451525363e+00
7.000000000000000000e+00 5.000000000000000000e+01 4.600000000000000000e+01 4.652261139456328465e+00 1.837368859958221634e-01 8.550413181801352650e+06 1.533022206637986606e+00
7.000000000000000000e+00 5.000000000000000000e+01 4.800000000000000000e+01 4.399026170154057169e+00 8.949161911680492132e-01 1.304205032637607539e+06 3.326376055795694953e+00
7.000000000000000000e+00 5.000000000000000000e+01 5.000000000000000000e+01 4.383152252539747273e+00 1.274206485170576331e+00 6.286207974812779576e+05 3.754080914273242531e+00
7.000000000000000000e+00 5.000000000000000000e+01 5.200000000000000000e+01 4.394979502262910565e+00 1.598577090262322642e+00 3.960271658196458011e+05 3.927244974167440006e+00
7.000000000000000000e+00 5.000000000000000000e+01 5.400000000000000000e+01 4.391960574054611932e+00 1.938909542082660309e+00 2.462401001127491763e+05 3.999317514790861505e+00
7.000000000000000000e+00 5.000000000000000000e+01 5.600000000000000000e+01 4.404034914114477672e+00 2.241382830106093405e+00 1.708159838626768324e+05 3.977428056221613772e+00
7.000000000000000000e+00 5.200000000000000000e+01 2.800000000000000000e+01 1.607001183906628938e+00 8.537712831567747074e+00 2.071303836943038914e+05 1.199000187968581210e+00
7.000000000000000000e+00 5.200000000000000000e+01 3.000000000000000000e+01 1.842798978124106313e+00 7.890100751569749882e+00 2.417991727807981370e+05 1.217455387675897560e+00
7.000000000000000000e+00 5.200000000000000000e+01 3.200000000000000000e+01 2.094858689184168288e+00 7.197718871914495331e+00 2.838098000081081991e+05 1.239967282855792607e+00
7.000000000000000000e+00 5.200000000000000000e+01 3.400000000000000000e+01 2.364884777971095087e+00 6.455768071071664060e+00 3.374939193539968110e+05 1.268430268816338691e+00
7.000000000000000000e+00 5.200000000000000000e+01 3.600000000000000000e+01 2.664622881525560594e+00 5.629860803153382776e+00 4.198885953183629899e+05 1.303563445028015577e+00
7.000000000000000000e+00 5.200000000000000000e+01 3.800000000000000000e+01 2.967393601535166514e+00 4.798241376932084634e+00 5.196786058109116857e+05 1.361745804414278505e+00
7.000000000000000000e+00 5.200000000000000000e+01 4.000000000000000000e+01 3.286530306410155866e+00 3.921656055023219345e+00 6.709195565073250327e+05 1.464562313153628281e+00
7.000000000000000000e+00 5.200000000000000000e+01 4.200000000000000000e+01 3.622881634419850894e+00 2.997799203320401062e+00 9.450573255403760122e+05 1.671759132777960177e+00
7.000000000000000000e+00 5.200000000000000000e+01 4.400000000000000000e+01 3.960568278678234133e+00 2.071583605711697196e+00 1.530455769849716686e+06 2.026792649666624868e+00
7.000000000000000000e+00 5.200000000000000000e+01 4.600000000000000000e+01 4.314610338196973593e+00 1.099450629003887903e+00 3.486695832875707187e+06 2.150731649109091759e+00
7.000000000000000000e+00 5.200000000000000000e+01 4.800000000000000000e+01 4.670098578398001798e+00 1.583455648867936327e-01 9.105778128061972558e+06 1.461432737639512425e+00
7.000000000000000000e+00 5.200000000000000000e+01 5.000000000000000000e+01 4.393037668675704666e+00 9.206360254275964827e-01 1.241505088391666999e+06 3.305286331886222229e+00
7.000000000000000000e+00 5.200000000000000000e+01 5.200000000000000000e+01 4.383152252539747273e+00 1.274564051964456102e+00 6.074814338783584535e+05 3.673899804976636929e+00
7.000000000000000000e+00 5.200000000000000000e+01 5.400000000000000000e+01 4.381986221855282082e+00 1.609607922691118409e+00 3.522976665679150028e+05 3.796700621934201880e+00
7.000000000000000000e+00 5.200000000000000000e+01 5.600000000000000000e+01 4.392183295536519871e+00 1.914175797518539168e+00 2.315824245142389555e+05 3.796092444133383204e+00
7.000000000000000000e+00 5.200000000000000000e+01 5.800000000000000000e+01 4.424906712526010644e+00 2.171400191307613081e+00 1.735166953312630940e+05 3.759147637900182914e+00
7.000000000000000000e+00 5.400000000000000000e+01 2.800000000000000000e+01 1.477804459545018156e+00 8.888941944570191822e+00 2.077807501608271850e+05 1.195930920296653710e+00
7.000000000000000000e+00 5.400000000000000000e+01 3.000000000000000000e+01 1.709792559504200948e+00 8.251087150887737920e+00 2.483499245685765927e+05 1.206756940217883489e+00
7.000000000000000000e+00 5.400000000000000000e+01 3.200000000000000000e+01 1.943526941776631878e+00 7.609072996920183130e+00 2.887964920311655733e+05 1.226038365707257549e+00
7.000000000000000000e+00 5.400000000000000000e+01 3.400000000000000000e+01 2.192952139792126331e+00 6.923825009583443268e+00 3.384219778777993051e+05 1.249641356682105409e+00
7.000000000000000000e+00 5.400000000000000000e+01 3.600000000000000000e+01 2.458534578867297427e+00 6.194078151405065569e+00 4.016077802118106629e+05 1.279887932499562675e+00
7.000000000000000000e+00 5.400000000000000000e+01 3.800000000000000000e+01 2.752626531281809452e+00 5.383766919258064831e+00 4.993155246957766358e+05 1.318212752427411649e+00
7.000000000000000000e+00 5.400000000000000000e+01 4.000000000000000000e+01 3.048561253497849233e+00 4.570904102917030976e+00 6.185457294753935421e+05 1.382098005074042124e+00
7.000000000000000000e+00 5.400000000000000000e+01 4.200000000000000000e+01 3.359672115314711771e+00 3.716450875857660208e+00 8.022094487997735851e+05 1.495940924289754559e+00
7.000000000000000000e+00 5.400000000000000000e+01 4.400000000000000000e+01 3.687058980792575547e+00 2.817325026197952109e+00 1.144789693654325791e+06 1.717121301649151555e+00
7.000000000000000000e+00 5.400000000000000000e+01 4.600000000000000000e+01 4.014088864879012064e+00 1.920632771712071030e+00 1.884506237039230065e+06 2.040908714963415971e+00
7.000000000000000000e+00 5.400000000000000000e+01 4.800000000000000000e+01 4.356268952330753841e+00 9.816653309365053204e-01 4.236633945210222155e+06 2.045347194020720849e+00
7.000000000000000000e+00 5.400000000000000000e+01 5.000000000000000000e+01 4.679834111121282447e+00 1.379355322189904087e-01 9.386999984435971826e+06 1.425240253738155660e+00
7.000000000000000000e+00 5.400000000000000000e+01 5.200000000000000000e+01 4.406063718366524995e+00 9.055909468698193354e-01 1.315660552303815261e+06 3.229690161206046906e+00
7.000000000000000000e+00 5.400000000000000000e+01 5.400000000000000000e+01 4.383152252539747273e+00 1.274074767279510523e+00 5.914691566847172799e+05 3.577174688112099599e+00
7.000000000000000000e+00 5.400000000000000000e+01 5.600000000000000000e+01 4.407801354365523672e+00 1.550969436475139185e+00 3.809054207961478387e+05 3.668793628000991180e+00
7.000000000000000000e+00 5.400000000000000000e+01 5.800000000000000000e+01 4.434633341199211820e+00 1.817755723944545432e+00 2.630878192376091029e+05 3.669243903854789490e+00
7.000000000000000000e+00 5.400000000000000000e+01 6.000000000000000000e+01 4.448097521639468255e+00 2.098985169972648723e+00 1.803502774176047824e+05 3.544626565817063035e+00
7.000000000000000000e+00 5.600000000000000000e+01 2.800000000000000000e+01 1.374131952816732172e+00 9.167368566637815519e+00 2.153034509924650774e+05 1.189132984491378942e+00
7.000000000000000000e+00 5.600000000000000000e+01 3.000000000000000000e+01 1.577447394815126192e+00 8.608777234708991699e+00 2.481426187557723606e+05 1.202914265346815670e+00
7.000000000000000000e+00 5.600000000000000000e+01 3.200000000000000000e+01 1.808117951388390043e+00 7.974605437004180786e+00 2.953256722670962336e+05 1.214620133376049793e+00
7.000000000000000000e+00 5.600000000000000000e+01 3.400000000000000000e+01 2.039476906059549677e+00 7.339063973298049603e+00 3.423141437303959974e+05 1.234718797473042473e+00
7.000000000000000000e+00 5.600000000000000000e+01 3.600000000000000000e+01 2.286060852033495294e+00 6.661547832470920305e+00 4.006263192128789960e+05 1.259631330987502906e+00
7.000000000000000000e+00 5.600000000000000000e+01 3.800000000000000000e+01 2.547123356741023859e+00 5.944198483386707643e+00 4.746025726765286527e+05 1.291637058256183135e+00
7.000000000000000000e+00 5.600000000000000000e+01 4.000000000000000000e+01 2.835630723384268137e+00 5.149330731835478403e+00 5.900937662891641958e+05 1.333277229097393324e+00
7.000000000000000000e+00 5.600000000000000000e+01 4.200000000000000000e+01 3.124916205864488372e+00 4.354792146136996500e+00 7.321568588530042907e+05 1.403755378426120970e+00
7.000000000000000000e+00 5.600000000000000000e+01 4.400000000000000000e+01 3.428400506374728707e+00 3.521379501665439005e+00 9.547827853181144455e+05 1.528561336578961427e+00
7.000000000000000000e+00 5.600000000000000000e+01 4.600000000000000000e+01 3.747156751802131591e+00 2.646268269772235726e+00 1.380670691673260415e+06 1.757899215954524363e+00
7.000000000000000000e+00 5.600000000000000000e+01 4.800000000000000000e+01 4.064108181392878549e+00 1.777750791685684284e+00 2.302380806392337661e+06 2.037235260476430554e+00
7.000000000000000000e+00 5.600000000000000000e+01 5.000000000000000000e+01 4.395131717256811399e+00 8.704087894712875251e-01 5.049009848370967433e+06 1.933807167940994054e+00
7.000000000000000000e+00 5.600000000000000000e+01 5.200000000000000000e+01 4.676945567078277577e+00 1.129468235591137154e-01 9.259543805513292551e+06 1.439574973484874176e+00
7.000000000000000000e+00 5.600000000000000000e+01 5.400000000000000000e+01 4.398802643106127341e+00 9.325295228648351475e-01 1.247977102327993605e+06 3.197283046357247915e+00
7.000000000000000000e+00 5.600000000000000000e+01 5.600000000000000000e+01 4.396587903618244475e+00 1.249273301500603894e+00 6.192740776354714762e+05 3.472050061946876376e+00
7.000000000000000000e+00 5.600000000000000000e+01 5.800000000000000000e+01 4.419884013186968552e+00 1.517627959607846133e+00 3.894788371125810081e+05 3.526322590836354909e+00
7.000000000000000000e+00 5.600000000000000000e+01 6.000000000000000000e+01 4.428238339109959121e+00 1.806166792235325280e+00 2.487511003420437046e+05 3.423620544760016760e+00
7.000000000000000000e+00 5.600000000000000000e+01 6.200000000000000000e+01 4.459498416259790154e+00 2.047883249772654679e+00 1.829345710224796494e+05 3.290911902468009576e+00
7.000000000000000000e+00 5.800000000000000000e+01 2.800000000000000000e+01 1.302460116781703814e+00 9.350802588518771330e+00 2.352497909501367831e+05 1.174098966975690050e+00
7.000000000000000000e+00 5.800000000000000000e+01 3.000000000000000000e+01 1.470533599922781542e+00 8.893463165898687350e+00 2.561541120711771364e+05 1.195519015769323401e+00
7.000000000000000000e+00 5.800000000000000000e+01 3.200000000000000000e+01 1.686473809617714537e+00 8.299659670113607390e+00 3.030466966766960104e+05 1.205031748663390800e+00
7.000000000000000000e+00 5.800000000000000000e+01 3.400000000000000000e+01 1.902152074138748317e+00 7.707231797741974866e+00 3.485389675736729987e+05 1.222456244695052430e+00
7.000000000000000000e+00 5.800000000000000000e+01 3.600000000000000000e+01 2.131119747912318729e+00 7.078202895981393183e+00 4.030607396589482087e+05 1.243397347826930677e+00
7.000000000000000000e+00 5.800000000000000000e+01 3.800000000000000000e+01 2.374488361099836187e+00 6.409478015875122558e+00 4.712353891635625623e+05 1.269566342234895062e+00
7.000000000000000000e+00 5.800000000000000000e+01 4.000000000000000000e+01 2.644345406817200761e+00 5.665667351432611909e+00 5.747763691111135995e+05 1.300325566877301275e+00
7.000000000000000000e+00 5.800000000000000000e+01 4.200000000000000000e+01 2.914024144349297352e+00 4.924956477632616902e+00 6.934408635137700476e+05 1.349076565967578079e+00
7.000000000000000000e+00 5.800000000000000000e+01 4.400000000000000000e+01 3.196857942248812812e+00 4.148250027186094258e+00 8.622596121560776373e+05 1.426679681617150974e+00
7.000000000000000000e+00 5.800000000000000000e+01 4.600000000000000000e+01 3.493187744842891185e+00 3.334732897065779689e+00 1.131899171691072173e+06 1.561635477062325972e+00
7.000000000000000000e+00 5.800000000000000000e+01 4.800000000000000000e+01 3.803546580396040433e+00 2.483236482725024175e+00 1.657527667580935638e+06 1.791192883729635810e+00
7.000000000000000000e+00 5.800000000000000000e+01 5.000000000000000000e+01 4.110956303843207316e+00 1.641805629208216155e+00 2.787844310814143158e+06 2.015821345885568494e+00
7.000000000000000000e+00 5.800000000000000000e+01 5.200000000000000000e+01 4.431469903521778164e+00 7.648485529995254772e-01 5.898773025812502019e+06 1.821644071113813768e+00
7.000000000000000000e+00 5.800000000000000000e+01 5.400000000000000000e+01 4.682124733005492700e+00 1.050147022680837511e-01 9.347612740292351693e+06 1.426055139352716772e+00
7.000000000000000000e+00 5.800000000000000000e+01 5.600000000000000000e+01 4.410011505780899732e+00 9.193555386386620398e-01 1.310388974792880239e+06 3.124399498791456953e+00
7.000000000000000000e+00 5.800000000000000000e+01 5.800000000000000000e+01 4.396587903618244475e+00 1.249382155854444232e+00 6.113161740096035646e+05 3.356974722959110924e+00
7.000000000000000000e+00 5.800000000000000000e+01 6.000000000000000000e+01 4.409379242061819859e+00 1.526564987634181580e+00 3.675100106670983369e+05 3.327208485351272227e+00
7.000000000000000000e+00 5.800000000000000000e+01 6.200000000000000000e+01 4.457584559282507186e+00 1.735613576718135320e+00 2.721757650827927282e+05 3.281441334888978378e+00
7.000000000000000000e+00 5.800000000000000000e+01 6.400000000000000000e+01 4.499083798529148304e+00 1.952964418498901011e+00 2.048579990008841269e+05 3.157295107609638940e+00
7.000000000000000000e+00 6.000000000000000000e+01 2.800000000000000000e+01 1.217076620237125484e+00 9.573390531052124786e+00 2.436629765522457892e+05 1.169640358765570820e+00
7.000000000000000000e+00 6.000000000000000000e+01 3.000000000000000000e+01 1.397154283435475541e+00 9.078038593846676108e+00 2.796897645221334533e+05 1.179696090574909428e+00
7.000000000000000000e+00 6.000000000000000000e+01 3.200000000000000000e+01 1.563456799649259654e+00 8.625858938669546561e+00 3.023134211741852341e+05 1.201947198567460351e+00
7.000000000000000000e+00 6.000000000000000000e+01 3.400000000000000000e+01 1.778329512241504151e+00 8.035047667000549509e+00 3.562778355613697204e+05 1.212248242997496339e+00
7.000000000000000000e+00 6.000000000000000000e+01 3.600000000000000000e+01 1.992083374739033186e+00 7.447874587861926798e+00 4.085935261389642255e+05 1.230398365204572020e+00
7.000000000000000000e+00 6.000000000000000000e+01 3.800000000000000000e+01 2.218827457427735794e+00 6.824891618182695296e+00 4.719723770759144099e+05 1.252391584373551359e+00
7.000000000000000000e+00 6.000000000000000000e+01 4.000000000000000000e+01 2.458534578867297427e+00 6.166216654918055262e+00 5.509068843209621264e+05 1.279818050360260528e+00
7.000000000000000000e+00 6.000000000000000000e+01 4.200000000000000000e+01 2.723867746738250606e+00 5.434950984658298623e+00 6.715105957476071781e+05 1.313009364934248691e+00
7.000000000000000000e+00 6.000000000000000000e+01 4.400000000000000000e+01 2.988160217886576930e+00 4.709166018628088146e+00 8.106540792123650899e+05 1.365643878104280340e+00
7.000000000000000000e+00 6.000000000000000000e+01 4.600000000000000000e+01 3.264745362111567406e+00 3.949871763088490528e+00 1.010747537301767268e+06 1.450120645938328234e+00
7.000000000000000000e+00 6.000000000000000000e+01 4.800000000000000000e+01 3.554202971236744446e+00 3.155688837473751729e+00 1.336391874914900865e+06 1.594127899836218498e+00
7.000000000000000000e+00 6.000000000000000000e+01 5.000000000000000000e+01 3.856557043442648158e+00 2.327093664011614660e+00 1.980054169780176599e+06 1.815938339509182153e+00
7.000000000000000000e+00 6.000000000000000000e+01 5.200000000000000000e+01 4.154923438285734072e+00 1.511870537934178582e+00 3.341477595213299617e+06 1.978671517572046845e+00
7.000000000000000000e+00 6.000000000000000000e+01 5.400000000000000000e+01 4.480679269985649249e+00 6.228288695814339082e-01 7.157344632719664834e+06 1.660608393794302140e+00
7.000000000000000000e+00 6.000000000000000000e+01 5.600000000000000000e+01 4.687660176527199241e+00 1.227341660897651870e-01 9.423925364753924310e+06 1.413503414705611805e+00
7.000000000000000000e+00 6.000000000000000000e+01 5.800000000000000000e+01 4.420486018263727779e+00 9.081646470022574080e-01 1.372026461682205554e+06 3.052719616398639424e+00
7.000000000000000000e+00 6.000000000000000000e+01 6.000000000000000000e+01 4.418327243724237796e+00 1.208293469010266463e+00 6.710523164012032794e+05 3.260531789496758481e+00
7.000000000000000000e+00 6.000000000000000000e+01 6.200000000000000000e+01 4.437145139122309345e+00 1.466555113620727324e+00 4.076750802552024834e+05 3.219948928461842108e+00
7.000000000000000000e+00 6.000000000000000000e+01 6.400000000000000000e+01 4.453719553294088307e+00 1.722814452443627742e+00 2.696251342600482749e+05 3.036663773253911014e+00
7.000000000000000000e+00 6.000000000000000000e+01 6.600000000000000000e+01 4.513570200486795692e+00 1.901081663081136242e+00 2.150356484437464678e+05 2.944237373004803704e+00
7.000000000000000000e+00 6.200000000000000000e+01 2.800000000000000000e+01 1.139822016871397281e+00 9.769823068862802273e+00 2.525608734912278596e+05 1.165575414497877382e+00
7.000000000000000000e+00 6.200000000000000000e+01 3.000000000000000000e+01 1.308469152020736770e+00 9.305872681000082025e+00 2.886878060838805977e+05 1.174462265748597689e+00
7.000000000000000000e+00 6.200000000000000000e+01 3.200000000000000000e+01 1.488747124076927442e+00 8.810048808249389296e+00 3.299247345418846235e+05 1.185230252226795900e+00
7.000000000000000000e+00 6.200000000000000000e+01 3.400000000000000000e+01 1.666295415557426773e+00 8.326652571750004839e+00 3.652516044768168358e+05 1.203532137274380576e+00
7.000000000000000000e+00 6.200000000000000000e+01 3.600000000000000000e+01 1.866481134857921997e+00 7.776789099477322331e+00 4.161432447354499600e+05 1.219455244388245152e+00
7.000000000000000000e+00 6.200000000000000000e+01 3.800000000000000000e+01 2.078106038118446630e+00 7.195439511611545491e+00 4.760096777521026670e+05 1.238297352728435330e+00
7.000000000000000000e+00 6.200000000000000000e+01 4.000000000000000000e+01 2.302477753361672264e+00 6.578914932891569478e+00 5.494658009668168379e+05 1.261414203692306613e+00
7.000000000000000000e+00 6.200000000000000000e+01 4.200000000000000000e+01 2.538481723081244201e+00 5.930462800627302578e+00 6.404473798969218042e+05 1.290378777450064129e+00
7.000000000000000000e+00 6.200000000000000000e+01 4.400000000000000000e+01 2.799331456223986159e+00 5.211723770906284692e+00 7.806411255302274367e+05 1.326218760945895081e+00
7.000000000000000000e+00 6.200000000000000000e+01 4.600000000000000000e+01 3.058360207319192892e+00 4.500592140808086228e+00 9.431337783452426083e+05 1.383159277771755846e+00
7.000000000000000000e+00 6.200000000000000000e+01 4.800000000000000000e+01 3.328901347351962414e+00 3.758361804678986395e+00 1.179644736201856751e+06 1.474292285725855134e+00
7.000000000000000000e+00 6.200000000000000000e+01 5.000000000000000000e+01 3.611759978250138392e+00 2.983111271508926521e+00 1.571882872363000410e+06 1.624896254526173589e+00
7.000000000000000000e+00 6.200000000000000000e+01 5.200000000000000000e+01 3.906479592475349705e+00 2.176897927444468195e+00 2.353271294386595022e+06 1.830004262417222360e+00
7.000000000000000000e+00 6.200000000000000000e+01 5.400000000000000000e+01 4.196265705501649457e+00 1.387245970289534336e+00 3.960458421872874722e+06 1.926771178212256297e+00
7.000000000000000000e+00 6.200000000000000000e+01 5.600000000000000000e+01 4.512856396588878383e+00 5.264305939656542810e-01 8.035446597619808279e+06 1.553942781592536626e+00
7.000000000000000000e+00 6.200000000000000000e+01 5.800000000000000000e+01 4.693112608217829163e+00 1.336869559489699266e-01 9.481079081468768418e+06 1.402986445747644195e+00
7.000000000000000000e+00 6.200000000000000000e+01 6.000000000000000000e+01 4.416962639052691486e+00 9.242277675836904072e-01 1.340051368992523057e+06 2.998085291311164191e+00
7.000000000000000000e+00 6.200000000000000000e+01 6.200000000000000000e+01 4.418327243724237796e+00 1.208984787679699524e+00 6.721876637376585277e+05 3.141235748461410626e+00
7.000000000000000000e+00 6.200000000000000000e+01 6.400000000000000000e+01 4.451080010305324741e+00 1.432227539277066919e+00 4.322146828079667175e+05 3.086035822723261379e+00
7.000000000000000000e+00 6.200000000000000000e+01 6.600000000000000000e+01 4.500274122335010674e+00 1.625623812198649709e+00 3.157793344626701437e+05 2.985435054456534676e+00
7.000000000000000000e+00 6.200000000000000000e+01 6.800000000000000000e+01 4.555599488995289548e+00 1.807739810462780206e+00 2.453612131217230926e+05 2.859172544353596024e+00
7.000000000000000000e+00 6.400000000000000000e+01 2.800000000000000000e+01 1.069696248255286086e+00 9.942310297009459674e+00 2.619114712897221034e+05 1.162144787617641173e+00
7.000000000000000000e+00 6.400000000000000000e+01 3.000000000000000000e+01 1.227967631925711123e+00 9.506877115993649596e+00 2.982900951583742863e+05 1.170191907708484358e+00
7.000000000000000000e+00 6.400000000000000000e+01 3.200000000000000000e+01 1.397154283435475541e+00 9.041572276154420607e+00 3.394438351922752336e+05 1.179691546778105504e+00
7.000000000000000000e+00 6.400000000000000000e+01 3.400000000000000000e+01 1.577256202784580008e+00 8.546174064689521899e+00 3.864165810360343312e+05 1.191079126648491471e+00
7.000000000000000000e+00 6.400000000000000000e+01 3.600000000000000000e+01 1.752469111912561717e+00 8.069516911940613824e+00 4.251642896648786264e+05 1.210157339855573388e+00
7.000000000000000000e+00 6.400000000000000000e+01 3.800000000000000000e+01 1.951074123663893989e+00 7.523961430819730012e+00 4.831179436830367777e+05 1.226721668210816185e+00
7.000000000000000000e+00 6.400000000000000000e+01 4.000000000000000000e+01 2.160821407207585310e+00 6.947715804140450757e+00 5.519274904548532795e+05 1.246409793741126038e+00
7.000000000000000000e+00 6.400000000000000000e+01 4.200000000000000000e+01 2.382305601446363497e+00 6.339152986839242665e+00 6.363554212174810236e+05 1.270459485952172507e+00
7.000000000000000000e+00 6.400000000000000000e+01 4.400000000000000000e+01 2.627927274835206273e+00 5.662082386604351036e+00 7.638117285878011025e+05 1.297746193504024870e+00
7.000000000000000000e+00 6.400000000000000000e+01 4.600000000000000000e+01 2.871019686751703937e+00 4.994694932801696297e+00 9.032474129431002075e+05 1.339824002786955237e+00
7.000000000000000000e+00 6.400000000000000000e+01 4.800000000000000000e+01 3.124916205864488372e+00 4.298125787201833248e+00 1.092683993366532726e+06 1.401478936235742934e+00
7.000000000000000000e+00 6.400000000000000000e+01 5.000000000000000000e+01 3.389616832173562688e+00 3.572714454641317428e+00 1.371403651862012688e+06 1.498708176365418643e+00
7.000000000000000000e+00 6.400000000000000000e+01 5.200000000000000000e+01 3.666139539422666349e+00 2.816135885137683648e+00 1.841953994093184592e+06 1.652372381121067768e+00
7.000000000000000000e+00 6.400000000000000000e+01 5.400000000000000000e+01 3.953573556566751801e+00 2.031938548564909297e+00 2.780072164325791877e+06 1.832087870074097458e+00
7.000000000000000000e+00 6.400000000000000000e+01 5.600000000000000000e+01 4.235209958126867846e+00 1.267439880544944719e+00 4.636510463204870932e+06 1.862568785402627158e+00
7.000000000000000000e+00 6.400000000000000000e+01 5.800000000000000000e+01 4.543127008653949694e+00 4.344139844721162103e-01 8.867485620005935431e+06 1.455926657241016775e+00
7.000000000000000000e+00 6.400000000000000000e+01 6.000000000000000000e+01 4.699972404054028274e+00 1.475194744653408052e-01 9.563873402922602370e+06 1.389130327375713625e+00
7.000000000000000000e+00 6.400000000000000000e+01 6.200000000000000000e+01 4.426169437261915363e+00 9.143445962769115587e-01 1.401193146511926316e+06 2.926762842052091695e+00
7.000000000000000000e+00 6.400000000000000000e+01 6.400000000000000000e+01 4.418327243724237796e+00 1.208598896825681557e+00 6.799148620238674339e+05 3.018417169172231240e+00
7.000000000000000000e+00 6.400000000000000000e+01 6.600000000000000000e+01 4.465510018227822897e+00 1.397828541984720507e+00 4.624882918150838232e+05 2.963240700148304096e+00
7.000000000000000000e+00 6.400000000000000000e+01 6.800000000000000000e+01 4.522953039351448545e+00 1.571267981112572709e+00 3.455270774845046690e+05 2.865436413736625276e+00
7.000000000000000000e+00 6.400000000000000000e+01 7.000000000000000000e+01 4.572590791124462761e+00 1.756306859130539522e+00 2.640770551518358989e+05 2.699285482344343290e+00
7.000000000000000000e+00 6.600000000000000000e+01 2.800000000000000000e+01 1.005848446476963032e+00 1.009270313325732893e+01 2.716721249925085576e+05 1.159161812382291101e+00
7.000000000000000000e+00 6.600000000000000000e+01 3.000000000000000000e+01 1.154672961516922003e+00 9.683265645162508761e+00 3.084088082993295975e+05 1.166337066005623146e+00
7.000000000000000000e+00 6.600000000000000000e+01 3.200000000000000000e+01 1.313761236214809003e+00 9.245749559770604975e+00 3.496590405031046830e+05 1.174782178395614718e+00
7.000000000000000000e+00 6.600000000000000000e+01 3.400000000000000000e+01 1.483113270570624476e+00 8.779873972876403698e+00 3.963731660260306089e+05 1.184875225823830869e+00
7.000000000000000000e+00 6.600000000000000000e+01 3.600000000000000000e+01 1.648663946065317187e+00 8.329400939595231534e+00 4.354802962268666597e+05 1.202187775003571657e+00
7.000000000000000000e+00 6.600000000000000000e+01 3.800000000000000000e+01 1.835414664185944789e+00 7.816431401203860929e+00 4.920611271674800082e+05 1.216871059667995469e+00
7.000000000000000000e+00 6.600000000000000000e+01 4.000000000000000000e+01 2.032260015718498458e+00 7.275691285518418816e+00 5.578403700095248641e+05 1.234037834048486770e+00
7.000000000000000000e+00 6.600000000000000000e+01 4.200000000000000000e+01 2.240111052232392819e+00 6.704627817870829176e+00 6.368251581719369860e+05 1.254649879410896007e+00
7.000000000000000000e+00 6.600000000000000000e+01 4.400000000000000000e+01 2.458534578867297427e+00 6.104571476214249337e+00 7.332518835872815689e+05 1.279801363986543761e+00
7.000000000000000000e+00 6.600000000000000000e+01 4.600000000000000000e+01 2.700450712488899008e+00 5.437942342590944556e+00 8.796142965848816093e+05 1.309004156525736873e+00
7.000000000000000000e+00 6.600000000000000000e+01 4.800000000000000000e+01 2.939192710258863972e+00 4.782951258985324472e+00 1.040628246998624061e+06 1.353835898271566807e+00
7.000000000000000000e+00 6.600000000000000000e+01 5.000000000000000000e+01 3.188093941976486878e+00 4.100805259947716941e+00 1.260950794177917065e+06 1.420520432900615582e+00
7.000000000000000000e+00 6.600000000000000000e+01 5.200000000000000000e+01 3.447315783626089480e+00 3.391632080328367049e+00 1.589271647465215763e+06 1.522849577974100699e+00
7.000000000000000000e+00 6.600000000000000000e+01 5.400000000000000000e+01 3.717593500389672290e+00 2.654096117341557814e+00 2.149994386798635591e+06 1.675356573015801764e+00
7.000000000000000000e+00 6.600000000000000000e+01 5.600000000000000000e+01 3.998070376276410265e+00 1.891762616745710002e+00 3.262270517593860161e+06 1.822283051520913633e+00
7.000000000000000000e+00 6.600000000000000000e+01 5.800000000000000000e+01 4.288746411286302518e+00 1.105945385823708937e+00 5.708738842432666570e+06 1.751296941949810115e+00
7.000000000000000000e+00 6.600000000000000000e+01 6.000000000000000000e+01 4.571655208637536383e+00 3.466564418849896190e-01 9.633558550315242261e+06 1.368637050690961310e+00
7.000000000000000000e+00 6.600000000000000000e+01 6.200000000000000000e+01 4.697564517411946916e+00 1.521668194174196354e-01 9.373681929306460544e+06 1.408149862910403005e+00
7.000000000000000000e+00 6.600000000000000000e+01 6.400000000000000000e+01 4.434826979325321439e+00 9.058030163796234602e-01 1.463955623039364582e+06 2.857141477520374284e+00
7.000000000000000000e+00 6.600000000000000000e+01 6.600000000000000000e+01 4.440066583830230229e+00 1.168037225809484880e+00 7.549616899184712674e+05 2.940926351913370596e+00
7.000000000000000000e+00 6.600000000000000000e+01 6.800000000000000000e+01 4.471574933903168514e+00 1.378691291634826399e+00 4.846296475666413317e+05 2.826103391578685731e+00
7.000000000000000000e+00 6.600000000000000000e+01 7.000000000000000000e+01 4.531297063181796148e+00 1.541560946298703660e+00 3.654803086291495129e+05 2.712408275677135716e+00
7.000000000000000000e+00 6.600000000000000000e+01 7.200000000000000000e+01 4.590729068247548561e+00 1.704463153087432126e+00 2.873602875294417609e+05 2.565552376163386050e+00
7.000000000000000000e+00 6.800000000000000000e+01 2.800000000000000000e+01 9.475510019147171947e-01 1.022264189908983667e+01 2.818294490232815733e+05 1.156544472109519717e+00
7.000000000000000000e+00 6.800000000000000000e+01 3.000000000000000000e+01 1.087749874646996906e+00 9.836941435146133728e+00 3.190256030079547781e+05 1.163030078734556216e+00
7.000000000000000000e+00 6.800000000000000000e+01 3.200000000000000000e+01 1.237617635153916318e+00 9.424788223215475824e+00 3.605168717846717336e+05 1.170659012946223321e+00
7.000000000000000000e+00 6.800000000000000000e+01 3.400000000000000000e+01 1.397154283435475541e+00 8.985886604755933149e+00 4.071474057047480019e+05 1.179621102629302420e+00
7.000000000000000000e+00 6.800000000000000000e+01 3.600000000000000000e+01 1.566359819491675243e+00 8.520512886239901107e+00 4.599560246930752764e+05 1.190359715396705598e+00
7.000000000000000000e+00 6.800000000000000000e+01 3.800000000000000000e+01 1.729809604352791519e+00 8.076083963294255597e+00 5.024721231190187973e+05 1.208362045257622697e+00
7.000000000000000000e+00 6.800000000000000000e+01 4.000000000000000000e+01 1.915246099005863289e+00 7.566703526455292206e+00 5.663994384336154908e+05 1.223559413823986697e+00
7.000000000000000000e+00 6.800000000000000000e+01 4.200000000000000000e+01 2.110277626194702272e+00 7.030947071935200299e+00 6.409513574347818503e+05 1.241404958526163282e+00
7.000000000000000000e+00 6.800000000000000000e+01 4.400000000000000000e+01 2.316041657773777906e+00 6.465664972888038875e+00 7.312840082839695970e+05 1.262858611717374790e+00
7.000000000000000000e+00 6.800000000000000000e+01 4.600000000000000000e+01 2.531376109426298537e+00 5.874284813250540971e+00 8.410147111288986634e+05 1.289371076709747044e+00
7.000000000000000000e+00 6.800000000000000000e+01 4.800000000000000000e+01 2.769614355367851832e+00 5.218239237485379434e+00 1.008809821438312065e+06 1.320723728899789062e+00
7.000000000000000000e+00 6.800000000000000000e+01 5.000000000000000000e+01 3.004089650645092480e+00 4.575626845392900321e+00 1.194085048647570191e+06 1.368461118273306631e+00
7.000000000000000000e+00 6.800000000000000000e+01 5.200000000000000000e+01 3.248135366137732571e+00 3.907986556947864454e+00 1.449863013679294614e+06 1.439511495058600987e+00
7.000000000000000000e+00 6.800000000000000000e+01 5.400000000000000000e+01 3.502127441111032358e+00 3.214916604942537059e+00 1.835834063997359946e+06 1.545926895693738645e+00
7.000000000000000000e+00 6.800000000000000000e+01 5.600000000000000000e+01 3.766348304294993010e+00 2.496600505709540396e+00 2.499701547018681653e+06 1.692042424857211236e+00
7.000000000000000000e+00 6.800000000000000000e+01 5.800000000000000000e+01 4.040177198867460184e+00 1.756111684357121172e+00 3.800803940337332897e+06 1.800776552651703000e+00
7.000000000000000000e+00 6.800000000000000000e+01 6.000000000000000000e+01 4.323614124828435656e+00 9.949930063711843742e-01 6.498095537783265114e+06 1.669471770983000480e+00
7.000000000000000000e+00 6.800000000000000000e+01 6.200000000000000000e+01 4.598586845290496328e+00 2.633255880871356314e-01 1.032260972489865869e+07 1.293604898279334670e+00
7.000000000000000000e+00 6.800000000000000000e+01 6.400000000000000000e+01 4.717957536131136109e+00 1.591483077414938829e-01 9.814438702896535397e+06 1.351542212527950593e+00
7.000000000000000000e+00 6.800000000000000000e+01 6.600000000000000000e+01 4.423180077735830551e+00 9.363891229291030349e-01 1.395582557009418961e+06 2.793891008604050263e+00
7.000000000000000000e+00 6.800000000000000000e+01 6.800000000000000000e+01 4.440066583830230229e+00 1.168569153742680333e+00 7.732451477562683867e+05 2.827369407597861706e+00
7.000000000000000000e+00 6.800000000000000000e+01 7.000000000000000000e+01 4.486878921711508816e+00 1.344010598089537156e+00 5.267055166031669360e+05 2.729506957686767432e+00
7.000000000000000000e+00 6.800000000000000000e+01 7.200000000000000000e+01 4.555513550133287737e+00 1.487170304342881888e+00 4.064720377429794171e+05 2.631136526514996632e+00
7.000000000000000000e+00 6.800000000000000000e+01 7.400000000000000000e+01 4.619742962612985338e+00 1.636879418653784724e+00 3.223463288475543377e+05 2.490852786838232191e+00
7.000000000000000000e+00 7.000000000000000000e+01 2.800000000000000000e+01 8.941787413987045685e-01 1.033354092409832248e+01 2.923872014947473654e+05 1.154174704962665166e+00
7.000000000000000000e+00 7.000000000000000000e+01 3.000000000000000000e+01 1.026480698034226702e+00 9.969572860040122109e+00 3.300871354088941589e+05 1.160141666290147588e+00
7.000000000000000000e+00 7.000000000000000000e+01 3.200000000000000000e+01 1.167906927541165096e+00 9.580613540276504025e+00 3.719401365407512058e+05 1.167081954307504388e+00
7.000000000000000000e+00 7.000000000000000000e+01 3.400000000000000000e+01 1.318457429919518642e+00 9.166439170069006437e+00 4.186703716701256344e+05 1.175079621602506341e+00
7.000000000000000000e+00 7.000000000000000000e+01 3.600000000000000000e+01 1.478132205169287117e+00 8.727290946448496456e+00 4.712021170504177571e+05 1.184554466797791195e+00
7.000000000000000000e+00 7.000000000000000000e+01 3.800000000000000000e+01 1.646931253290471187e+00 8.262984858252494291e+00 5.307735905869437847e+05 1.195728800654924484e+00
7.000000000000000000e+00 7.000000000000000000e+01 4.000000000000000000e+01 1.808117951388390043e+00 7.825057353269134097e+00 5.767957263538477710e+05 1.214650923750400180e+00
7.000000000000000000e+00 7.000000000000000000e+01 4.200000000000000000e+01 1.992083374739033186e+00 7.319723643230154231e+00 6.488137599737630226e+05 1.230379583638382401e+00
7.000000000000000000e+00 7.000000000000000000e+01 4.400000000000000000e+01 2.185587066437948423e+00 6.788186799763606061e+00 7.336931975969438208e+05 1.248869685728709156e+00
7.000000000000000000e+00 7.000000000000000000e+01 4.600000000000000000e+01 2.388792475507592883e+00 6.230120294102864165e+00 8.361308718711946858e+05 1.271190534359738278e+00
7.000000000000000000e+00 7.000000000000000000e+01 4.800000000000000000e+01 2.614362608004274779e+00 5.608691865964946288e+00 9.903637864855935331e+05 1.295690398831737644e+00
7.000000000000000000e+00 7.000000000000000000e+01 5.000000000000000000e+01 2.835630723384268137e+00 5.002280805649469642e+00 1.152473915401517181e+06 1.332623023983147359e+00
7.000000000000000000e+00 7.000000000000000000e+01 5.200000000000000000e+01 3.065930190412423428e+00 4.372236616882842597e+00 1.365080261479011504e+06 1.383666904159478905e+00
7.000000000000000000e+00 7.000000000000000000e+01 5.400000000000000000e+01 3.305261009088743318e+00 3.719198290191284784e+00 1.661240645664749667e+06 1.458579315079225447e+00
7.000000000000000000e+00 7.000000000000000000e+01 5.600000000000000000e+01 3.554202971236744446e+00 3.042408203465553296e+00 2.113630848167805001e+06 1.567242668337595957e+00
7.000000000000000000e+00 7.000000000000000000e+01 5.800000000000000000e+01 3.812608034196558915e+00 2.343464586287209439e+00 2.893731319736526813e+06 1.701222869978244567e+00
7.000000000000000000e+00 7.000000000000000000e+01 6.000000000000000000e+01 4.080079941470750704e+00 1.624904940618451699e+00 4.394297244540017098e+06 1.767826367217832928e+00
7.000000000000000000e+00 7.000000000000000000e+01 6.200000000000000000e+01 4.356618693059323810e+00 8.885700032496640643e-01 7.291824803743080236e+06 1.586235066107414715e+00
7.000000000000000000e+00 7.000000000000000000e+01 6.400000000000000000e+01 4.624051975273676618e+00 1.843894427497626831e-01 1.093547940498133190e+07 1.230043560111609979e+00
7.000000000000000000e+00 7.000000000000000000e+01 6.600000000000000000e+01 4.726791294537101784e+00 1.615204288321532289e-01 9.923647544865440577e+06 1.335122191882800680e+00
7.000000000000000000e+00 7.000000000000000000e+01 6.800000000000000000e+01 4.430819481664779680e+00 9.290850541573344445e-01 1.462691140375257703e+06 2.725043299781135353e+00
7.000000000000000000e+00 7.000000000000000000e+01 7.000000000000000000e+01 4.475241575014720752e+00 1.102999119075283030e+00 9.082409704185284209e+05 2.789648567499973808e+00
7.000000000000000000e+00 7.000000000000000000e+01 7.200000000000000000e+01 4.516770100070677252e+00 1.286282390904927908e+00 6.013876909488390666e+05 2.687897058877310563e+00
7.000000000000000000e+00 7.000000000000000000e+01 7.400000000000000000e+01 4.580372927382494019e+00 1.432740042578236173e+00 4.548635675730946241e+05 2.567302453553098385e+00
7.000000000000000000e+00 7.000000000000000000e+01 7.600000000000000000e+01 4.665452760545704791e+00 1.545001908958985926e+00 3.766463575156582519e+05 2.486786892298211260e+00
7.000000000000000000e+00 7.200000000000000000e+01 2.800000000000000000e+01 8.451920973868924936e-01 1.042667221103781827e+01 3.033053651993672247e+05 1.152015527514794080e+00
7.000000000000000000e+00 7.200000000000000000e+01 3.000000000000000000e+01 9.702460301635249529e-01 1.008265127051418730e+01 3.415789743292400963e+05 1.157581392822446320e+00
7.000000000000000000e+00 7.200000000000000000e+01 3.200000000000000000e+01 1.103924372097165874e+00 9.714982958029494853e+00 3.838993320598086575e+05 1.163788754004139836e+00
7.000000000000000000e+00 7.200000000000000000e+01 3.400000000000000000e+01 1.246227123187816144e+00 9.323505641373845521e+00 4.308661830138869700e+05 1.171150424601770101e+00
7.000000000000000000e+00 7.200000000000000000e+01 3.600000000000000000e+01 1.397154283435475541e+00 8.908429952232944871e+00 4.833105825729268254e+05 1.179628389885563067e+00
7.000000000000000000e+00 7.200000000000000000e+01 3.800000000000000000e+01 1.556705852840144289e+00 8.469517973060117555e+00 5.422979527282487834e+05 1.189721323145757070e+00
7.000000000000000000e+00 7.200000000000000000e+01 4.000000000000000000e+01 1.724881831401821719e+00 8.006989647606914673e+00 6.093032828471197281e+05 1.201182429254104900e+00
7.000000000000000000e+00 7.200000000000000000e+01 4.200000000000000000e+01 1.883679630186715137e+00 7.575884182492212737e+00 6.589440434508102480e+05 1.220872297744983737e+00
7.000000000000000000e+00 7.200000000000000000e+01 4.400000000000000000e+01 2.066048997000082821e+00 7.074990561187663118e+00 7.398404256800777512e+05 1.237135435207093348e+00
7.000000000000000000e+00 7.200000000000000000e+01 4.600000000000000000e+01 2.257924986494444841e+00 6.548052550164838337e+00 8.362725491493169684e+05 1.256566296565521768e+00
7.000000000000000000e+00 7.200000000000000000e+01 4.800000000000000000e+01 2.458534578867297427e+00 5.997445833278377769e+00 9.519552804753708187e+05 1.279779463696941733e+00
7.000000000000000000e+00 7.200000000000000000e+01 5.000000000000000000e+01 2.681014122540427813e+00 5.385224282018289621e+00 1.127007918855302501e+06 1.305740273377248073e+00
7.000000000000000000e+00 7.200000000000000000e+01 5.200000000000000000e+01 2.898696874939727497e+00 4.789683562915953097e+00 1.311810904295090353e+06 1.344848833630018836e+00
7.000000000000000000e+00 7.200000000000000000e+01 5.400000000000000000e+01 3.124916205864488372e+00 4.172415259677647370e+00 1.555404938201693585e+06 1.399278830364531601e+00
7.000000000000000000e+00 7.200000000000000000e+01 5.600000000000000000e+01 3.359672115314711771e+00 3.534262481816998314e+00 1.897265942930996651e+06 1.477252435139574160e+00
7.000000000000000000e+00 7.200000000000000000e+01 5.800000000000000000e+01 3.603738303928073705e+00 2.874030474168058014e+00 2.425664797620731872e+06 1.585646985059811609e+00
7.000000000000000000e+00 7.200000000000000000e+01 6.000000000000000000e+01 3.856557043442648158e+00 2.194668183477080703e+00 3.333735895791497547e+06 1.702475496301622204e+00
7.000000000000000000e+00 7.200000000000000000e+01 6.200000000000000000e+01 4.117945909720425846e+00 1.498217292307179704e+00 5.033147420601334423e+06 1.725188950976306979e+00
7.000000000000000000e+00 7.200000000000000000e+01 6.400000000000000000e+01 4.387904902761411208e+00 7.867945967662354212e-01 8.067859877033709548e+06 1.504483782677117354e+00
7.000000000000000000e+00 7.200000000000000000e+01 6.600000000000000000e+01 4.648166938170985141e+00 1.407126889623699639e-01 1.147709202595772035e+07 1.176362991510153000e+00
7.000000000000000000e+00 7.200000000000000000e+01 6.800000000000000000e+01 4.725656626385564607e+00 1.613401981075468228e-01 9.760431651627497748e+06 1.349703307901383154e+00
7.000000000000000000e+00 7.200000000000000000e+01 7.000000000000000000e+01 4.438040544862469794e+00 9.226879767800582055e-01 1.533656107092581457e+06 2.658478907545436254e+00
7.000000000000000000e+00 7.200000000000000000e+01 7.200000000000000000e+01 4.488677226093217953e+00 1.078112687968129313e+00 9.842258557303188136e+05 2.715863616430520544e+00
7.000000000000000000e+00 7.200000000000000000e+01 7.400000000000000000e+01 4.532766320415643868e+00 1.252721451261145758e+00 6.596604362249678234e+05 2.615352060104252363e+00
7.000000000000000000e+00 7.200000000000000000e+01 7.600000000000000000e+01 4.590850299277128954e+00 1.402392815436193985e+00 4.924573820534509723e+05 2.471473857800918328e+00
7.000000000000000000e+00 7.200000000000000000e+01 7.800000000000000000e+01 4.686294445890430538e+00 1.492516695965402151e+00 4.176993297737948596e+05 2.414732195545256754e+00
7.000000000000000000e+00 7.400000000000000000e+01 2.800000000000000000e+01 8.001234172486580976e-01 1.050320302076405987e+01 3.145795683270119480e+05 1.150242108977742372e+00
7.000000000000000000e+00 7.400000000000000000e+01 3.000000000000000000e+01 9.185090249027961784e-01 1.017753410466612785e+01 3.535056533578622621e+05 1.155249185135609924e+00
7.000000000000000000e+00 7.400000000000000000e+01 3.200000000000000000e+01 1.045059157222737234e+00 9.829456441538484412e+00 3.963513282211580081e+05 1.160991822255589057e+00
7.000000000000000000e+00 7.400000000000000000e+01 3.400000000000000000e+01 1.179773814208480820e+00 9.458861981858287749e+00 4.436532510410900577e+05 1.167668637105473861e+00
7.000000000000000000e+00 7.400000000000000000e+01 3.600000000000000000e+01 1.322652995860027048e+00 9.065900322526259103e+00 4.961955386915970012e+05 1.175291655686570680e+00
7.000000000000000000e+00 7.400000000000000000e+01 3.800000000000000000e+01 1.473696702177375251e+00 8.650391632750130455e+00 5.549124964522219962e+05 1.184309305060120776e+00
7.000000000000000000e+00 7.400000000000000000e+01 4.000000000000000000e+01 1.632904933160526539e+00 8.212535343718935010e+00 6.210004029249723535e+05 1.194782868215625848e+00
7.000000000000000000e+00 7.400000000000000000e+01 4.200000000000000000e+01 1.800277688809480914e+00 7.752254008586874079e+00 6.961898450576210162e+05 1.206761955385702523e+00
7.000000000000000000e+00 7.400000000000000000e+01 4.400000000000000000e+01 1.956590820632170269e+00 7.328226550782798832e+00 7.494507177782163490e+05 1.227220920701610707e+00
7.000000000000000000e+00 7.400000000000000000e+01 4.600000000000000000e+01 2.137524311538934185e+00 6.831402628704139168e+00 8.405617192522295518e+05 1.244039944641156525e+00
7.000000000000000000e+00 7.400000000000000000e+01 4.800000000000000000e+01 2.327436679482846937e+00 6.310159014933298671e+00 9.493904488757611252e+05 1.264114006551049219e+00
7.000000000000000000e+00 7.400000000000000000e+01 5.000000000000000000e+01 2.525430424786075712e+00 5.767321512045878507e+00 1.079624573175193509e+06 1.288499983040973129e+00
7.000000000000000000e+00 7.400000000000000000e+01 5.200000000000000000e+01 2.744838921296726575e+00 5.164597495894829748e+00 1.278022100169067038e+06 1.316235135571026893e+00
7.000000000000000000e+00 7.400000000000000000e+01 5.400000000000000000e+01 2.958995424495040272e+00 4.580247226661073867e+00 1.488133842195456615e+06 1.357359125930459154e+00
7.000000000000000000e+00 7.400000000000000000e+01 5.600000000000000000e+01 3.181233305172535442e+00 3.976107930807751600e+00 1.766725419680903433e+06 1.415127073767197929e+00
7.000000000000000000e+00 7.400000000000000000e+01 5.800000000000000000e+01 3.411574026216787736e+00 3.353093825337670975e+00 2.160407018336988054e+06 1.495121744342385650e+00
7.000000000000000000e+00 7.400000000000000000e+01 6.000000000000000000e+01 3.650911561944244266e+00 2.709856741120154844e+00 2.774517391286899801e+06 1.600002320705347758e+00
7.000000000000000000e+00 7.400000000000000000e+01 6.200000000000000000e+01 3.898362234476020483e+00 2.050362136362949617e+00 3.821283292933451943e+06 1.694808121634637788e+00
7.000000000000000000e+00 7.400000000000000000e+01 6.400000000000000000e+01 4.153926043812119495e+00 1.376226174113764023e+00 5.709752639239874668e+06 1.673705846118826557e+00
7.000000000000000000e+00 7.400000000000000000e+01 6.600000000000000000e+01 4.417602989952536419e+00 6.898514666297201892e-01 8.805473775095177814e+06 1.426998196322352364e+00
7.000000000000000000e+00 7.400000000000000000e+01 6.800000000000000000e+01 4.657702711068330892e+00 1.108475253811048999e-01 1.159739932780480385e+07 1.163238850285111869e+00
7.000000000000000000e+00 7.400000000000000000e+01 7.000000000000000000e+01 4.748090244393053716e+00 1.592970521581264232e-01 1.022021211037392728e+07 1.294904759521085635e+00
7.000000000000000000e+00 7.400000000000000000e+01 7.200000000000000000e+01 4.444876707939987348e+00 9.159287594036243929e-01 1.609482117278025486e+06 2.594495910611054779e+00
7.000000000000000000e+00 7.400000000000000000e+01 7.400000000000000000e+01 4.488677226093217953e+00 1.078158178351091845e+00 1.018383708176895045e+06 2.625154833641990315e+00
7.000000000000000000e+00 7.400000000000000000e+01 7.600000000000000000e+01 4.540318444975078194e+00 1.233605352782118914e+00 7.079368805748554878e+05 2.530021828442632792e+00
7.000000000000000000e+00 7.400000000000000000e+01 7.800000000000000000e+01 4.616879316684919132e+00 1.347739820161428570e+00 5.560324577828443144e+05 2.436218566461248347e+00
7.000000000000000000e+00 7.400000000000000000e+01 8.000000000000000000e+01 4.707939358618959957e+00 1.439911255215278629e+00 4.657953006138193305e+05 2.360836784511610276e+00
7.000000000000000000e+00 7.600000000000000000e+01 2.800000000000000000e+01 7.585657605356045385e-01 1.056422275144656808e+01 3.262075016284638550e+05 1.148617239559345471e+00
7.000000000000000000e+00 7.600000000000000000e+01 3.000000000000000000e+01 8.708025312270971652e-01 1.025547629523449267e+01 3.658344730098065338e+05 1.153175997824619436e+00
7.000000000000000000e+00 7.600000000000000000e+01 3.200000000000000000e+01 9.907797688628303678e-01 9.925465215271019659e+00 4.092743367736022919e+05 1.158563836231536692e+00
7.000000000000000000e+00 7.600000000000000000e+01 3.400000000000000000e+01 1.118497473442804591e+00 9.574127485832514495e+00 4.570474980201392318e+05 1.164460934709481865e+00
7.000000000000000000e+00 7.600000000000000000e+01 3.600000000000000000e+01 1.253955644967019722e+00 9.201555417478665788e+00 5.098158592234006501e+05 1.171507680428228504e+00
7.000000000000000000e+00 7.600000000000000000e+01 3.800000000000000000e+01 1.397154283435475541e+00 8.807634011603553859e+00 5.684263196701304987e+05 1.179662010526058902e+00
7.000000000000000000e+00 7.600000000000000000e+01 4.000000000000000000e+01 1.548093388848172713e+00 8.392530606117349024e+00 6.339384306669292273e+05 1.189122200125976914e+00
7.000000000000000000e+00 7.600000000000000000e+01 4.200000000000000000e+01 1.706772961205110350e+00 7.956110620798909849e+00 7.078195999129876727e+05 1.199872978001760515e+00
7.000000000000000000e+00 7.600000000000000000e+01 4.400000000000000000e+01 1.873193000506288897e+00 7.498526857275861879e+00 7.919438146300305380e+05 1.212244599445468252e+00
7.000000000000000000e+00 7.600000000000000000e+01 4.600000000000000000e+01 2.026950546136533138e+00 7.081863464357691207e+00 8.489131144212991931e+05 1.233506250581623886e+00
7.000000000000000000e+00 7.600000000000000000e+01 4.800000000000000000e+01 2.206551810396134350e+00 6.588960202794694077e+00 9.516802598351484630e+05 1.251070418338080081e+00
7.000000000000000000e+00 7.600000000000000000e+01 5.000000000000000000e+01 2.394261947044415972e+00 6.074313020119590512e+00 1.073900138744521653e+06 1.271828592180510364e+00
7.000000000000000000e+00 7.600000000000000000e+01 5.200000000000000000e+01 2.589633721923241261e+00 5.539603052061918831e+00 1.220091415682373336e+06 1.297489607382650734e+00
7.000000000000000000e+00 7.600000000000000000e+01 5.400000000000000000e+01 2.806000509787887953e+00 4.946766579970836020e+00 1.444523174404794583e+06 1.326854809119507594e+00
7.000000000000000000e+00 7.600000000000000000e+01 5.600000000000000000e+01 3.016695564252909190e+00 4.373988193721648265e+00 1.682709689209033037e+06 1.370282173991999919e+00
7.000000000000000000e+00 7.600000000000000000e+01 5.800000000000000000e+01 3.235052257062113412e+00 3.783381882722956391e+00 2.000840212709675543e+06 1.430580139027707975e+00
7.000000000000000000e+00 7.600000000000000000e+01 6.000000000000000000e+01 3.461286653948525860e+00 3.175439761571752673e+00 2.454063628448690753e+06 1.511441236398092691e+00
7.000000000000000000e+00 7.600000000000000000e+01 6.200000000000000000e+01 3.695884971605037261e+00 2.550093118244810331e+00 3.162096281713001430e+06 1.609546091430332559e+00
7.000000000000000000e+00 7.600000000000000000e+01 6.400000000000000000e+01 3.938175037381433263e+00 1.910790388208337021e+00 4.354791066294021904e+06 1.677935512104875571e+00
7.000000000000000000e+00 7.600000000000000000e+01 6.600000000000000000e+01 4.188156851277715198e+00 1.259164094155723168e+00 6.413145727002433501e+06 1.615225203832304057e+00
7.000000000000000000e+00 7.600000000000000000e+01 6.800000000000000000e+01 4.445830413293884398e+00 5.979534081800426115e-01 9.492722993843927979e+06 1.355502694783006445e+00
7.000000000000000000e+00 7.600000000000000000e+01 7.000000000000000000e+01 4.662913136289465577e+00 8.256083621564895558e-02 1.159397002230488323e+07 1.161378109043278428e+00
7.000000000000000000e+00 7.600000000000000000e+01 7.200000000000000000e+01 4.760628565996661621e+00 1.595496387195126653e-01 1.041177427870165370e+07 1.271320710566240519e+00
7.000000000000000000e+00 7.600000000000000000e+01 7.400000000000000000e+01 4.471372576640099794e+00 8.716963462628728454e-01 1.836675138499316527e+06 2.536189617160658827e+00
7.000000000000000000e+00 7.600000000000000000e+01 7.600000000000000000e+01 4.510416566199211275e+00 1.040110930683250556e+00 1.142660266457092715e+06 2.578246078275377329e+00
7.000000000000000000e+00 7.600000000000000000e+01 7.800000000000000000e+01 4.556930663587347219e+00 1.199262670050832202e+00 7.823335437268431997e+05 2.478542456295717233e+00
7.000000000000000000e+00 7.600000000000000000e+01 8.000000000000000000e+01 4.652602335279556023e+00 1.277702008317561200e+00 6.455900917196880328e+05 2.437270154895168517e+00
7.000000000000000000e+00 7.600000000000000000e+01 8.200000000000000000e+01 4.730321898782321455e+00 1.387753205354991026e+00 5.218307755492703873e+05 2.321953139290290125e+00
7.000000000000000000e+00 7.800000000000000000e+01 2.800000000000000000e+01 7.201636806136838542e-01 1.061076146598284886e+01 3.381655512843771721e+05 1.147273831785514231e+00
7.000000000000000000e+00 7.800000000000000000e+01 3.000000000000000000e+01 8.267185109085654071e-01 1.031765252728385995e+01 3.785479425734231481e+05 1.151318576076825861e+00
7.000000000000000000e+00 7.800000000000000000e+01 3.200000000000000000e+01 9.406219501893012813e-01 1.000433799353961462e+01 4.226354238111109589e+05 1.156277945959851783e+00
7.000000000000000000e+00 7.800000000000000000e+01 3.400000000000000000e+01 1.061873998455890922e+00 9.670795223061393386e+00 4.709616880515943631e+05 1.161764689211494561e+00
7.000000000000000000e+00 7.800000000000000000e+01 3.600000000000000000e+01 1.190474655708334550e+00 9.317067346027064545e+00 5.240648772915242589e+05 1.168199905694031981e+00
7.000000000000000000e+00 7.800000000000000000e+01 3.800000000000000000e+01 1.326423921946631612e+00 8.943095574697458972e+00 5.827517791247799760e+05 1.175451909190597499e+00
7.000000000000000000e+00 7.800000000000000000e+01 4.000000000000000000e+01 1.469721797170783217e+00 8.549010295988287211e+00 6.479860330693799770e+05 1.184051803316942486e+00
7.000000000000000000e+00 7.800000000000000000e+01 4.200000000000000000e+01 1.620368281380788256e+00 8.134654874857346840e+00 7.209314514170924667e+05 1.193917139796015325e+00
7.000000000000000000e+00 7.800000000000000000e+01 4.400000000000000000e+01 1.778363374576647615e+00 7.700239538088972324e+00 8.033304271102997009e+05 1.205145744050286183e+00
7.000000000000000000e+00 7.800000000000000000e+01 4.600000000000000000e+01 1.943707076758360630e+00 7.245830260322064120e+00 8.972141491849860176e+05 1.217947494193482694e+00
7.000000000000000000e+00 7.800000000000000000e+01 4.800000000000000000e+01 2.094858689184168288e+00 6.836705106908070206e+00 9.578933601697036065e+05 1.239916417275848337e+00
7.000000000000000000e+00 7.800000000000000000e+01 5.000000000000000000e+01 2.273053419810740827e+00 6.348145438453012268e+00 1.073608170833976939e+06 1.258193844383619142e+00
7.000000000000000000e+00 7.800000000000000000e+01 5.200000000000000000e+01 2.458534578867297427e+00 5.840501260930105687e+00 1.210328792178568430e+06 1.279775111264102705e+00
7.000000000000000000e+00 7.800000000000000000e+01 5.400000000000000000e+01 2.664622881525560594e+00 5.275610904258570599e+00 1.417130446779248770e+06 1.303098986937937021e+00
7.000000000000000000e+00 7.800000000000000000e+01 5.600000000000000000e+01 2.864651585435811221e+00 4.731819268375137000e+00 1.627607495756592136e+06 1.337692088842247218e+00
7.000000000000000000e+00 7.800000000000000000e+01 5.800000000000000000e+01 3.071954060397342090e+00 4.171112387034406233e+00 1.897067297441222938e+06 1.383407243157848132e+00
7.000000000000000000e+00 7.800000000000000000e+01 6.000000000000000000e+01 3.286530306410155866e+00 3.594521931887034505e+00 2.259393127989154309e+06 1.445451358122090246e+00
7.000000000000000000e+00 7.800000000000000000e+01 6.200000000000000000e+01 3.508782313607937908e+00 3.002123972407643393e+00 2.779450001239966601e+06 1.525531913136901174e+00
7.000000000000000000e+00 7.800000000000000000e+01 6.400000000000000000e+01 3.738806544364754014e+00 2.395069525822185685e+00 3.590287785759344231e+06 1.613053121652276989e+00
7.000000000000000000e+00 7.800000000000000000e+01 6.600000000000000000e+01 3.976133131653530661e+00 1.776254236695631317e+00 4.929505672659627162e+06 1.652026888236482138e+00
7.000000000000000000e+00 7.800000000000000000e+01 6.800000000000000000e+01 4.220762075474273622e+00 1.147301434365029182e+00 7.124934280512106605e+06 1.551992475051323206e+00
7.000000000000000000e+00 7.800000000000000000e+01 7.000000000000000000e+01 4.472693375826976236e+00 5.113310967667449303e-01 1.011607563767415099e+07 1.292048763814917622e+00
7.000000000000000000e+00 7.800000000000000000e+01 7.200000000000000000e+01 4.668719882030093693e+00 5.580103189894370513e-02 1.160088090834992193e+07 1.158629700695753328e+00
7.000000000000000000e+00 7.800000000000000000e+01 7.400000000000000000e+01 4.759781268933799936e+00 1.571786604991553538e-01 1.026350317142512091e+07 1.283334021468389041e+00
7.000000000000000000e+00 7.800000000000000000e+01 7.600000000000000000e+01 4.477572052605153452e+00 8.664013277229537513e-01 1.926098439719242742e+06 2.478569250291393633e+00
7.000000000000000000e+00 7.800000000000000000e+01 7.800000000000000000e+01 4.510416566199211275e+00 1.040217796932192629e+00 1.188930712522841524e+06 2.500565185296424797e+00
7.000000000000000000e+00 7.800000000000000000e+01 8.000000000000000000e+01 4.587942577182120729e+00 1.141606805921524526e+00 9.023954781335029984e+05 2.467043080290886259e+00
7.000000000000000000e+00 7.800000000000000000e+01 8.200000000000000000e+01 4.655529233281661128e+00 1.261030612770112969e+00 6.912819666800523410e+05 2.355751073770875781e+00
7.000000000000000000e+00 7.800000000000000000e+01 8.400000000000000000e+01 4.753383413213707165e+00 1.336437297085896203e+00 5.867772950784405693e+05 2.294634437387941261e+00
7.000000000000000000e+00 8.000000000000000000e+01 2.800000000000000000e+01 6.846055988833830153e-01 1.064380207282569124e+01 3.504595743056900101e+05 1.146142963053304431e+00
7.000000000000000000e+00 8.000000000000000000e+01 3.000000000000000000e+01 7.858992844324550475e-01 1.036517250784415545e+01 3.916459105807927554e+05 1.149708558064278519e+00
7.000000000000000000e+00 8.000000000000000000e+01 3.200000000000000000e+01 8.941787413987045685e-01 1.006731953894451692e+01 4.364433303110755514e+05 1.154162627504611960e+00
7.000000000000000000e+00 8.000000000000000000e+01 3.400000000000000000e+01 1.009443969782131134e+00 9.750254089810043823e+00 4.853802927451750147e+05 1.159406948468839627e+00
7.000000000000000000e+00 8.000000000000000000e+01 3.600000000000000000e+01 1.131694969582735188e+00 9.413977239547639542e+00 5.389571444492941955e+05 1.165182513340664805e+00
7.000000000000000000e+00 8.000000000000000000e+01 3.800000000000000000e+01 1.260931740800516954e+00 9.058478699410519752e+00 5.978653518480865750e+05 1.171862118317277490e+00
7.000000000000000000e+00 8.000000000000000000e+01 4.000000000000000000e+01 1.397154283435475541e+00 8.683828561770177146e+00 6.629756122276320821e+05 1.179676686340622283e+00
7.000000000000000000e+00 8.000000000000000000e+01 4.200000000000000000e+01 1.540362597487612062e+00 8.289936388613401874e+00 7.353551730280794436e+05 1.188588763476646104e+00
7.000000000000000000e+00 8.000000000000000000e+01 4.400000000000000000e+01 1.690556682956925627e+00 7.876977357807202651e+00 8.164609011408224469e+05 1.198701119058452003e+00
7.000000000000000000e+00 8.000000000000000000e+01 4.600000000000000000e+01 1.847736539843416459e+00 7.444957246074054069e+00 9.081135728708708193e+05 1.210271351076989799e+00
7.000000000000000000e+00 8.000000000000000000e+01 4.800000000000000000e+01 2.011902168147084780e+00 6.994032190009962235e+00 1.012649140789218247e+06 1.223550350035970569e+00
7.000000000000000000e+00 8.000000000000000000e+01 5.000000000000000000e+01 2.160821407207585310e+00 6.591645879013051434e+00 1.077983460102298763e+06 1.246398021969263636e+00
7.000000000000000000e+00 8.000000000000000000e+01 5.200000000000000000e+01 2.337144434035724583e+00 6.109063524116484345e+00 1.207094601407528156e+06 1.265193050722574153e+00
7.000000000000000000e+00 8.000000000000000000e+01 5.400000000000000000e+01 2.520382089366928202e+00 5.608874469955845932e+00 1.359611543679401046e+06 1.287783743852311868e+00
7.000000000000000000e+00 8.000000000000000000e+01 5.600000000000000000e+01 2.723867746738250606e+00 5.053104443497801412e+00 1.591690760527979350e+06 1.312515499640079186e+00
7.000000000000000000e+00 8.000000000000000000e+01 5.800000000000000000e+01 2.920934661998556781e+00 4.520089105239572191e+00 1.828540024297299329e+06 1.348621023361684879e+00
7.000000000000000000e+00 8.000000000000000000e+01 6.000000000000000000e+01 3.124916205864488372e+00 3.971947246700273215e+00 2.132985709859233350e+06 1.396540143518241406e+00
7.000000000000000000e+00 8.000000000000000000e+01 6.200000000000000000e+01 3.335812378336044492e+00 3.409878977301191050e+00 2.544236772620560136e+06 1.459545173613763680e+00
7.000000000000000000e+00 8.000000000000000000e+01 6.400000000000000000e+01 3.554202971236744446e+00 2.833523549517720230e+00 3.138690563090959098e+06 1.536751616797170206e+00
7.000000000000000000e+00 8.000000000000000000e+01 6.600000000000000000e+01 3.779811558278137973e+00 2.245150078927533599e+00 4.059703231391474139e+06 1.609734009158811263e+00
7.000000000000000000e+00 8.000000000000000000e+01 6.800000000000000000e+01 4.012361947997730383e+00 1.647093390737195628e+00 5.541504650359490886e+06 1.618145624618865464e+00
7.000000000000000000e+00 8.000000000000000000e+01 7.000000000000000000e+01 4.251854140395519011e+00 1.040983074199614222e+00 7.827804837271022610e+06 1.487593926259836996e+00
7.000000000000000000e+00 8.000000000000000000e+01 7.200000000000000000e+01 4.498288135471503857e+00 4.301872666477959961e-01 1.067582149224606343e+07 1.236971722336199120e+00
7.000000000000000000e+00 8.000000000000000000e+01 7.400000000000000000e+01 4.667602686172148907e+00 5.584786651738483931e-02 1.143398501522375830e+07 1.170775161648823115e+00
7.000000000000000000e+00 8.000000000000000000e+01 7.600000000000000000e+01 4.774775368155417254e+00 1.507955024266106892e-01 1.051396375346694700e+07 1.254844437992645334e+00
7.000000000000000000e+00 8.000000000000000000e+01 7.800000000000000000e+01 4.483465532786929941e+00 8.606401235806425687e-01 2.021401977844938636e+06 2.423514736405805614e+00
7.000000000000000000e+00 8.000000000000000000e+01 8.000000000000000000e+01 4.510416566199211275e+00 1.040319630613683488e+00 1.241717526102520758e+06 2.428833747357911577e+00
7.000000000000000000e+00 8.000000000000000000e+01 8.200000000000000000e+01 4.582209441125713489e+00 1.145333107273181383e+00 9.377795049178318586e+05 2.376891423422750282e+00
7.000000000000000000e+00 8.000000000000000000e+01 8.400000000000000000e+01 4.682961635462698169e+00 1.206590200056830486e+00 7.879150950399000430e+05 2.346734222632012035e+00
7.000000000000000000e+00 8.000000000000000000e+01 8.600000000000000000e+01 4.761544726263408300e+00 1.308202592440545597e+00 6.404819951811886858e+05 2.238121688312809443e+00
