0.3	-24	-3.44946e-06	
0.3	-22	-2.62866e-06	
0.3	-20	-2.12124e-06	
0.3	-18	-1.360928e-06	
0.3	-16	-1.213544e-06	
0.3	-14	-8.51014e-07	
0.3	-12	6.15322e-08	
0.3	-11	5.84966e-06	
0.3	-10	0.000260262	
0.3	-9	0.00597832	
0.3	-8	0.0385276	
0.3	-7	0.1024916	
0.3	-6	0.194628	
0.3	-5	0.317224	
0.3	-4	0.468974	
0.3	-3	0.623244	
0.3	-2	0.765496	
0.3	-1.5	0.829936	
0.3	-1	0.889804	
0.3	-0.5	0.945932	
0.3	0	1	

0.4	-24	-2.47e-06	
0.4	-22	-8.37462e-07	
0.4	-20	-1.38401e-06	
0.4	-18	-1.198302e-06	
0.4	-16	-7.67592e-07	
0.4	-14	-6.13302e-07	
0.4	-12	4.81674e-06	
0.4	-11	7.5931e-05	
0.4	-10	0.000889656	
0.4	-9	0.0092023	
0.4	-8	0.0426516	
0.4	-7	0.1078786	
0.4	-6	0.20091	
0.4	-5	0.325616	
0.4	-4	0.475712	
0.4	-3	0.629594	
0.4	-2	0.770186	
0.4	-1.5	0.833688	
0.4	-1	0.89267	
0.4	-0.5	0.947576	
0.4	0	1	

0.5	-24	-1.004466e-06	
0.5	-22	-1.845622e-07	
0.5	-20	7.7145e-08	
0.5	-18	-7.07682e-07	
0.5	-16	4.13646e-08	
0.5	-14	4.74942e-08	
0.5	-12	4.51164e-05	
0.5	-11	0.000290924	
0.5	-10	0.00224712	
0.5	-9	0.01326592	
0.5	-8	0.048276	
0.5	-7	0.113757	
0.5	-6	0.208924	
0.5	-5	0.335442	
0.5	-4	0.484188	
0.5	-3	0.635312	
0.5	-2	0.774602	
0.5	-1.5	0.837402	
0.5	-1	0.895498	
0.5	-0.5	0.948984	
0.5	0	1	

0.6	-24	-8.42172e-07	
0.6	-22	1.175116e-06	
0.6	-20	3.52008e-07	
0.6	-18	-1.302628e-06	
0.6	-16	-3.84346e-07	
0.6	-14	5.785e-06	
0.6	-12	0.0001518446	
0.6	-11	0.000823128	
0.6	-10	0.0042423	
0.6	-9	0.01787056	
0.6	-8	0.0547272	
0.6	-7	0.12155	
0.6	-6	0.218978	
0.6	-5	0.345252	
0.6	-4	0.491496	
0.6	-3	0.641332	
0.6	-2	0.77946	
0.6	-1.5	0.840932	
0.6	-1	0.897902	
0.6	-0.5	0.95028	
0.6	0	1	

0.7	-24	-2.37262e-07	
0.7	-22	-1.367494e-07	
0.7	-20	4.18528e-07	
0.7	-18	5.10042e-07	
0.7	-16	3.19728e-08	
0.7	-14	2.18286e-05	
0.7	-12	0.000423054	
0.7	-11	0.001732376	
0.7	-10	0.0067316	
0.7	-9	0.023216	
0.7	-8	0.0624138	
0.7	-7	0.1303368	
0.7	-6	0.229978	
0.7	-5	0.355624	
0.7	-4	0.500826	
0.7	-3	0.64739	
0.7	-2	0.782964	
0.7	-1.5	0.844062	
0.7	-1	0.899626	
0.7	-0.5	0.951058	
0.7	0	1	

0.8	-24	-1.04155e-07	
0.8	-22	-8.71368e-07	
0.8	-20	-2.71908e-07	
0.8	-18	-9.49726e-07	
0.8	-16	5.48692e-06	
0.8	-14	7.46448e-05	
0.8	-12	0.000907932	
0.8	-11	0.00310646	
0.8	-10	0.01024246	
0.8	-9	0.0295302	
0.8	-8	0.0712328	
0.8	-7	0.1403588	
0.8	-6	0.240466	
0.8	-5	0.365986	
0.8	-4	0.509474	
0.8	-3	0.65346	
0.8	-2	0.785904	
0.8	-1.5	0.846088	
0.8	-1	0.90117	
0.8	-0.5	0.951748	
0.8	0	1	

0.9	-24	1.12839e-07	
0.9	-22	4.33754e-08	
0.9	-20	8.78644e-07	
0.9	-18	1.727048e-06	
0.9	-16	1.848832e-05	
0.9	-14	0.0001803422	
0.9	-12	0.00171778	
0.9	-11	0.0050545	
0.9	-10	0.01420776	
0.9	-9	0.036499	
0.9	-8	0.080635	
0.9	-7	0.1523296	
0.9	-6	0.251508	
0.9	-5	0.376964	
0.9	-4	0.517862	
0.9	-3	0.65945	
0.9	-2	0.78977	
0.9	-1.5	0.847878	
0.9	-1	0.901908	
0.9	-0.5	0.952026	
0.9	0	1	

1	-24	9.94414e-07	
1	-22	-9.58056e-07	
1	-20	1.130268e-06	
1	-18	5.80716e-06	
1	-16	5.22792e-05	
1	-14	0.000378954	
1	-12	0.00285244	
1	-11	0.0075986	
1	-10	0.01892448	
1	-9	0.0445046	
1	-8	0.0904452	
1	-7	0.1635252	
1	-6	0.264598	
1	-5	0.388778	
1	-4	0.526294	
1	-3	0.664492	
1	-2	0.791996	
1	-1.5	0.849452	
1	-1	0.902462	
1	-0.5	0.9523	
1	0	1	

1.2	-24	-8.225e-08	
1.2	-22	2.03774e-06	
1.2	-20	8.04806e-06	
1.2	-18	4.69466e-05	
1.2	-16	0.000232548	
1.2	-14	0.001237094	
1.2	-12	0.00650484	
1.2	-11	0.01447918	
1.2	-10	0.030621	
1.2	-9	0.0617958	
1.2	-8	0.1130512	
1.2	-7	0.1891974	
1.2	-6	0.290156	
1.2	-5	0.410746	
1.2	-4	0.542762	
1.2	-3	0.674202	
1.2	-2	0.79611	
1.2	-1.5	0.851276	
1.2	-1	0.903298	
1.2	-0.5	0.95253	
1.2	0	1	

1.4	-24	1.615132e-06	
1.4	-22	1.046284e-05	
1.4	-20	4.20172e-05	
1.4	-18	0.0001764918	
1.4	-16	0.000743426	
1.4	-14	0.00306942	
1.4	-12	0.01222568	
1.4	-11	0.023859	
1.4	-10	0.045085	
1.4	-9	0.08116	
1.4	-8	0.1368164	
1.4	-7	0.215114	
1.4	-6	0.31508	
1.4	-5	0.432112	
1.4	-4	0.557654	
1.4	-3	0.682966	
1.4	-2	0.799236	
1.4	-1.5	0.8529	
1.4	-1	0.903918	
1.4	-0.5	0.952558	
1.4	0	1	

1.6	-24	1.160962e-05	
1.6	-22	4.17584e-05	
1.6	-20	0.0001444308	
1.6	-18	0.000499836	
1.6	-16	0.001772838	
1.6	-14	0.0060488	
1.6	-12	0.0199586	
1.6	-11	0.0355502	
1.6	-10	0.061654	
1.6	-9	0.1020028	
1.6	-8	0.1614916	
1.6	-7	0.241236	
1.6	-6	0.339526	
1.6	-5	0.451994	
1.6	-4	0.571792	
1.6	-3	0.690566	
1.6	-2	0.802038	
1.6	-1.5	0.854328	
1.6	-1	0.90452	
1.6	-0.5	0.952622	
1.6	0	1	

1.8	-24	4.22098e-05	
1.8	-22	0.000130525	
1.8	-20	0.000380428	
1.8	-18	0.00115006	
1.8	-16	0.00347786	
1.8	-14	0.01032836	
1.8	-12	0.0296906	
1.8	-11	0.049482	
1.8	-10	0.0795518	
1.8	-9	0.1245524	
1.8	-8	0.1861544	
1.8	-7	0.266328	
1.8	-6	0.36298	
1.8	-5	0.47066	
1.8	-4	0.58511	
1.8	-3	0.697852	
1.8	-2	0.805322	
1.8	-1.5	0.856092	
1.8	-1	0.905248	
1.8	-0.5	0.952966	
1.8	0	1	

2	-24	0.0001130058	
2	-22	0.000308566	
2	-20	0.00083562	
2	-18	0.00232268	
2	-16	0.00602028	
2	-14	0.01610616	
2	-12	0.0413944	
2	-11	0.0648716	
2	-10	0.0992274	
2	-9	0.147263	
2	-8	0.210688	
2	-7	0.290676	
2	-6	0.385328	
2	-5	0.488812	
2	-4	0.597066	
2	-3	0.705232	
2	-2	0.808548	
2	-1.5	0.857832	
2	-1	0.90605	
2	-0.5	0.953326	
2	0	1	

2.2	-24	0.000266536	
2.2	-22	0.000645706	
2.2	-20	0.00163155	
2.2	-18	0.00399232	
2.2	-16	0.00966	
2.2	-14	0.0233474	
2.2	-12	0.0542456	
2.2	-11	0.0815722	
2.2	-10	0.1190956	
2.2	-9	0.1702402	
2.2	-8	0.23479	
2.2	-7	0.313842	
2.2	-6	0.405512	
2.2	-5	0.505406	
2.2	-4	0.608918	
2.2	-3	0.71222	
2.2	-2	0.811774	
2.2	-1.5	0.860076	
2.2	-1	0.90737	
2.2	-0.5	0.953906	
2.2	0	1	

2.4	-24	0.00053055	
2.4	-22	0.001215092	
2.4	-20	0.0027608	
2.4	-18	0.00636096	
2.4	-16	0.0142912	
2.4	-14	0.0318608	
2.4	-12	0.068699	
2.4	-11	0.0991616	
2.4	-10	0.139663	
2.4	-9	0.192661	
2.4	-8	0.257932	
2.4	-7	0.335824	
2.4	-6	0.424994	
2.4	-5	0.520808	
2.4	-4	0.619896	
2.4	-3	0.718892	
2.4	-2	0.815372	
2.4	-1.5	0.862428	
2.4	-1	0.908728	
2.4	-0.5	0.954522	
2.4	0	1	

2.6	-24	0.000978814	
2.6	-22	0.0020892	
2.6	-20	0.0044591	
2.6	-18	0.00944366	
2.6	-16	0.01993282	
2.6	-14	0.0416314	
2.6	-12	0.084343	
2.6	-11	0.1170564	
2.6	-10	0.1600042	
2.6	-9	0.214642	
2.6	-8	0.27991	
2.6	-7	0.35685	
2.6	-6	0.442928	
2.6	-5	0.535208	
2.6	-4	0.630306	
2.6	-3	0.725592	
2.6	-2	0.819154	
2.6	-1.5	0.865172	
2.6	-1	0.910404	
2.6	-0.5	0.95527	
2.6	0	1	

2.8	-24	0.001624154	
2.8	-22	0.00324904	
2.8	-20	0.00666798	
2.8	-18	0.01346282	
2.8	-16	0.0267648	
2.8	-14	0.0527162	
2.8	-12	0.1002926	
2.8	-11	0.1359194	
2.8	-10	0.180638	
2.8	-9	0.235868	
2.8	-8	0.301254	
2.8	-7	0.377094	
2.8	-6	0.459956	
2.8	-5	0.548984	
2.8	-4	0.640212	
2.8	-3	0.732106	
2.8	-2	0.823056	
2.8	-1.5	0.867772	
2.8	-1	0.912192	
2.8	-0.5	0.956174	
2.8	0	1	

3	-24	0.00255084	
3	-22	0.0048869	
3	-20	0.00950874	
3	-18	0.01810402	
3	-16	0.0344606	
3	-14	0.0646444	
3	-12	0.1167528	
3	-11	0.1539668	
3	-10	0.200692	
3	-9	0.256136	
3	-8	0.321756	
3	-7	0.395774	
3	-6	0.476228	
3	-5	0.561922	
3	-4	0.650028	
3	-3	0.738938	
3	-2	0.82711	
3	-1.5	0.870502	
3	-1	0.913862	
3	-0.5	0.957008	
3	0	1	

3.2	-24	0.00375842	
3.2	-22	0.0070118	
3.2	-20	0.01293228	
3.2	-18	0.0238312	
3.2	-16	0.0431942	
3.2	-14	0.0771048	
3.2	-12	0.1336456	
3.2	-11	0.172373	
3.2	-10	0.220086	
3.2	-9	0.275788	
3.2	-8	0.341394	
3.2	-7	0.413358	
3.2	-6	0.491528	
3.2	-5	0.573942	
3.2	-4	0.65886	
3.2	-3	0.745074	
3.2	-2	0.83092	
3.2	-1.5	0.873364	
3.2	-1	0.915742	
3.2	-0.5	0.9579	
3.2	0	1	

3.4	-24	0.00535092	
3.4	-22	0.00957016	
3.4	-20	0.01708104	
3.4	-18	0.0301484	
3.4	-16	0.0526574	
3.4	-14	0.090362	
3.4	-12	0.1502484	
3.4	-11	0.1903112	
3.4	-10	0.238842	
3.4	-9	0.294394	
3.4	-8	0.358852	
3.4	-7	0.429774	
3.4	-6	0.505358	
3.4	-5	0.585978	
3.4	-4	0.668422	
3.4	-3	0.751072	
3.4	-2	0.83451	
3.4	-1.5	0.876084	
3.4	-1	0.917464	
3.4	-0.5	0.958798	
3.4	0	1	

3.6	-24	0.0073225	
3.6	-22	0.01264592	
3.6	-20	0.021771	
3.6	-18	0.0371188	
3.6	-16	0.0627282	
3.6	-14	0.1037928	
3.6	-12	0.1667622	
3.6	-11	0.208326	
3.6	-10	0.257126	
3.6	-9	0.312932	
3.6	-8	0.376066	
3.6	-7	0.445522	
3.6	-6	0.519666	
3.6	-5	0.596996	
3.6	-4	0.67675	
3.6	-3	0.757252	
3.6	-2	0.838504	
3.6	-1.5	0.87885	
3.6	-1	0.91937	
3.6	-0.5	0.959704	
3.6	0	1	

3.8	-24	0.00973608	
3.8	-22	0.01631446	
3.8	-20	0.0270572	
3.8	-18	0.0448406	
3.8	-16	0.073444	
3.8	-14	0.1180084	
3.8	-12	0.1832536	
3.8	-11	0.225926	
3.8	-10	0.274602	
3.8	-9	0.330446	
3.8	-8	0.392658	
3.8	-7	0.460918	
3.8	-6	0.532342	
3.8	-5	0.60764	
3.8	-4	0.685008	
3.8	-3	0.763358	
3.8	-2	0.842394	
3.8	-1.5	0.881732	
3.8	-1	0.921248	
3.8	-0.5	0.96062	
3.8	0	1	

4	-24	0.0124905	
4	-22	0.020317	
4	-20	0.0329388	
4	-18	0.0532802	
4	-16	0.0843658	
4	-14	0.1320676	
4	-12	0.199808	
4	-11	0.24299	
4	-10	0.292064	
4	-9	0.347334	
4	-8	0.40801	
4	-7	0.474902	
4	-6	0.544392	
4	-5	0.617922	
4	-4	0.692862	
4	-3	0.769382	
4	-2	0.846084	
4	-1.5	0.884476	
4	-1	0.923016	
4	-0.5	0.961502	
4	0	1	

4.2	-24	0.01569436	
4.2	-22	0.0249988	
4.2	-20	0.039468	
4.2	-18	0.0619574	
4.2	-16	0.0960502	
4.2	-14	0.1461822	
4.2	-12	0.215942	
4.2	-11	0.2593	
4.2	-10	0.308162	
4.2	-9	0.363244	
4.2	-8	0.423092	
4.2	-7	0.488204	
4.2	-6	0.556564	
4.2	-5	0.62769	
4.2	-4	0.700632	
4.2	-3	0.774812	
4.2	-2	0.849678	
4.2	-1.5	0.887224	
4.2	-1	0.924766	
4.2	-0.5	0.962376	
4.2	0	1	

4.4	-24	0.01931212	
4.4	-22	0.030099	
4.4	-20	0.0464626	
4.4	-18	0.0714144	
4.4	-16	0.1077006	
4.4	-14	0.160059	
4.4	-12	0.231646	
4.4	-11	0.27536	
4.4	-10	0.32417	
4.4	-9	0.378552	
4.4	-8	0.437666	
4.4	-7	0.500792	
4.4	-6	0.56765	
4.4	-5	0.636874	
4.4	-4	0.70799	
4.4	-3	0.780244	
4.4	-2	0.853252	
4.4	-1.5	0.889956	
4.4	-1	0.926566	
4.4	-0.5	0.96327	
4.4	0	1	

4.6	-24	0.0233356	
4.6	-22	0.0357276	
4.6	-20	0.0538794	
4.6	-18	0.080758	
4.6	-16	0.119739	
4.6	-14	0.1739892	
4.6	-12	0.246884	
4.6	-11	0.290576	
4.6	-10	0.339418	
4.6	-9	0.39346	
4.6	-8	0.451366	
4.6	-7	0.51316	
4.6	-6	0.578242	
4.6	-5	0.645666	
4.6	-4	0.715124	
4.6	-3	0.785524	
4.6	-2	0.856636	
4.6	-1.5	0.892502	
4.6	-1	0.928284	
4.6	-0.5	0.964138	
4.6	0	1	

4.8	-24	0.0279298	
4.8	-22	0.0416316	
4.8	-20	0.0617802	
4.8	-18	0.090782	
4.8	-16	0.1317404	
4.8	-14	0.1879226	
4.8	-12	0.261752	
4.8	-11	0.305572	
4.8	-10	0.353908	
4.8	-9	0.407204	
4.8	-8	0.464202	
4.8	-7	0.524806	
4.8	-6	0.58852	
4.8	-5	0.654342	
4.8	-4	0.722004	
4.8	-3	0.790664	
4.8	-2	0.859976	
4.8	-1.5	0.894948	
4.8	-1	0.929926	
4.8	-0.5	0.964964	
4.8	0	1	

5	-24	0.0328206	
5	-22	0.0480844	
5	-20	0.0698076	
5	-18	0.1011898	
5	-16	0.1442878	
5	-14	0.201774	
5	-12	0.276134	
5	-11	0.320172	
5	-10	0.367932	
5	-9	0.420636	
5	-8	0.47681	
5	-7	0.536014	
5	-6	0.598314	
5	-5	0.662404	
5	-4	0.728346	
5	-3	0.795446	
5	-2	0.863286	
5	-1.5	0.897316	
5	-1	0.931488	
5	-0.5	0.965736	
5	0	1	

5.2	-24	0.0379586	
5.2	-22	0.0546234	
5.2	-20	0.0785706	
5.2	-18	0.1113708	
5.2	-16	0.1564356	
5.2	-14	0.21513	
5.2	-12	0.290238	
5.2	-11	0.334132	
5.2	-10	0.381442	
5.2	-9	0.433396	
5.2	-8	0.488618	
5.2	-7	0.54683	
5.2	-6	0.60752	
5.2	-5	0.67011	
5.2	-4	0.734468	
5.2	-3	0.800096	
5.2	-2	0.866328	
5.2	-1.5	0.899642	
5.2	-1	0.933066	
5.2	-0.5	0.966516	
5.2	0	1	

5.4	-24	0.0435242	
5.4	-22	0.0617174	
5.4	-20	0.087351	
5.4	-18	0.1218742	
5.4	-16	0.1686246	
5.4	-14	0.22844	
5.4	-12	0.303938	
5.4	-11	0.347538	
5.4	-10	0.394662	
5.4	-9	0.445618	
5.4	-8	0.499896	
5.4	-7	0.55729	
5.4	-6	0.616486	
5.4	-5	0.677538	
5.4	-4	0.74056	
5.4	-3	0.804584	
5.4	-2	0.86937	
5.4	-1.5	0.901948	
5.4	-1	0.934588	
5.4	-0.5	0.967282	
5.4	0	1	

5.6	-24	0.0493696	
5.6	-22	0.0691708	
5.6	-20	0.0961622	
5.6	-18	0.1323014	
5.6	-16	0.1805432	
5.6	-14	0.241254	
5.6	-12	0.317186	
5.6	-11	0.360802	
5.6	-10	0.407264	
5.6	-9	0.457586	
5.6	-8	0.510782	
5.6	-7	0.566996	
5.6	-6	0.624912	
5.6	-5	0.685106	
5.6	-4	0.746362	
5.6	-3	0.80911	
5.6	-2	0.87224	
5.6	-1.5	0.90412	
5.6	-1	0.936018	
5.6	-0.5	0.968002	
5.6	0	1	

5.8	-24	0.055421	
5.8	-22	0.0767246	
5.8	-20	0.105118	
5.8	-18	0.1430886	
5.8	-16	0.1924114	
5.8	-14	0.254258	
5.8	-12	0.329932	
5.8	-11	0.373448	
5.8	-10	0.419398	
5.8	-9	0.46894	
5.8	-8	0.52168	
5.8	-7	0.57637	
5.8	-6	0.633054	
5.8	-5	0.692058	
5.8	-4	0.752012	
5.8	-3	0.81306	
5.8	-2	0.87504	
5.8	-1.5	0.906204	
5.8	-1	0.93742	
5.8	-0.5	0.968714	
5.8	0	1	

6	-24	0.0620034	
6	-22	0.084373	
6	-20	0.1145812	
6	-18	0.153723	
6	-16	0.204032	
6	-14	0.266554	
6	-12	0.34245	
6	-11	0.385462	
6	-10	0.43077	
6	-9	0.47995	
6	-8	0.531422	
6	-7	0.58556	
6	-6	0.641108	
6	-5	0.69869	
6	-4	0.757498	
6	-3	0.817314	
6	-2	0.877806	
6	-1.5	0.908206	
6	-1	0.938774	
6	-0.5	0.969374	
6	0	1	

6.2	-24	0.0685706	
6.2	-22	0.0926796	
6.2	-20	0.1240552	
6.2	-18	0.164569	
6.2	-16	0.215736	
6.2	-14	0.27888	
6.2	-12	0.354644	
6.2	-11	0.397316	
6.2	-10	0.442216	
6.2	-9	0.49044	
6.2	-8	0.541194	
6.2	-7	0.594176	
6.2	-6	0.64891	
6.2	-5	0.705068	
6.2	-4	0.762628	
6.2	-3	0.821156	
6.2	-2	0.88043	
6.2	-1.5	0.910174	
6.2	-1	0.94008	
6.2	-0.5	0.970038	
6.2	0	1	

6.4	-24	0.0754044	
6.4	-22	0.1008726	
6.4	-20	0.1335436	
6.4	-18	0.1753864	
6.4	-16	0.227364	
6.4	-14	0.290968	
6.4	-12	0.366356	
6.4	-11	0.408548	
6.4	-10	0.453024	
6.4	-9	0.500626	
6.4	-8	0.55055	
6.4	-7	0.602296	
6.4	-6	0.656282	
6.4	-5	0.711266	
6.4	-4	0.767682	
6.4	-3	0.824914	
6.4	-2	0.882898	
6.4	-1.5	0.912072	
6.4	-1	0.941342	
6.4	-0.5	0.970668	
6.4	0	1	

6.6	-24	0.0825836	
6.6	-22	0.1091546	
6.6	-20	0.1430426	
6.6	-18	0.1861832	
6.6	-16	0.238584	
6.6	-14	0.302512	
6.6	-12	0.37771	
6.6	-11	0.419574	
6.6	-10	0.463596	
6.6	-9	0.51055	
6.6	-8	0.55955	
6.6	-7	0.610448	
6.6	-6	0.663196	
6.6	-5	0.717294	
6.6	-4	0.772526	
6.6	-3	0.82854	
6.6	-2	0.88531	
6.6	-1.5	0.913926	
6.6	-1	0.942574	
6.6	-0.5	0.971276	
6.6	0	1	

6.8	-24	0.0897568	
6.8	-22	0.1173646	
6.8	-20	0.1524048	
6.8	-18	0.1965122	
6.8	-16	0.249726	
6.8	-14	0.314102	
6.8	-12	0.388814	
6.8	-11	0.430384	
6.8	-10	0.473626	
6.8	-9	0.520104	
6.8	-8	0.568154	
6.8	-7	0.61857	
6.8	-6	0.670054	
6.8	-5	0.722968	
6.8	-4	0.777056	
6.8	-3	0.832116	
6.8	-2	0.887724	
6.8	-1.5	0.915706	
6.8	-1	0.943762	
6.8	-0.5	0.971862	
6.8	0	1	

7	-24	0.0970114	
7	-22	0.1258058	
7	-20	0.161811	
7	-18	0.20679	
7	-16	0.260456	
7	-14	0.325248	
7	-12	0.39952	
7	-11	0.44057	
7	-10	0.48361	
7	-9	0.5287	
7	-8	0.576598	
7	-7	0.625938	
7	-6	0.676552	
7	-5	0.728646	
7	-4	0.781618	
7	-3	0.835472	
7	-2	0.889982	
7	-1.5	0.917412	
7	-1	0.944894	
7	-0.5	0.972446	
7	0	1	

7.2	-24	0.1045356	
7.2	-22	0.1344932	
7.2	-20	0.1712992	
7.2	-18	0.216834	
7.2	-16	0.271378	
7.2	-14	0.336012	
7.2	-12	0.409768	
7.2	-11	0.450592	
7.2	-10	0.492988	
7.2	-9	0.537694	
7.2	-8	0.58449	
7.2	-7	0.633006	
7.2	-6	0.682768	
7.2	-5	0.73387	
7.2	-4	0.785912	
7.2	-3	0.83878	
7.2	-2	0.892166	
7.2	-1.5	0.919052	
7.2	-1	0.945972	
7.2	-0.5	0.972984	
7.2	0	1	

7.4	-24	0.1122752	
7.4	-22	0.142972	
7.4	-20	0.1809086	
7.4	-18	0.226976	
7.4	-16	0.281792	
7.4	-14	0.346318	
7.4	-12	0.419974	
7.4	-11	0.460294	
7.4	-10	0.502058	
7.4	-9	0.546472	
7.4	-8	0.592206	
7.4	-7	0.639818	
7.4	-6	0.689088	
7.4	-5	0.738998	
7.4	-4	0.790088	
7.4	-3	0.841856	
7.4	-2	0.894274	
7.4	-1.5	0.920632	
7.4	-1	0.947036	
7.4	-0.5	0.973512	
7.4	0	1	

7.6	-24	0.1199702	
7.6	-22	0.1516616	
7.6	-20	0.1903538	
7.6	-18	0.23704	
7.6	-16	0.292106	
7.6	-14	0.356496	
7.6	-12	0.429574	
7.6	-11	0.469494	
7.6	-10	0.510978	
7.6	-9	0.554616	
7.6	-8	0.599684	
7.6	-7	0.646562	
7.6	-6	0.694836	
7.6	-5	0.743944	
7.6	-4	0.794138	
7.6	-3	0.84494	
7.6	-2	0.896362	
7.6	-1.5	0.922196	
7.6	-1	0.948102	
7.6	-0.5	0.974032	
7.6	0	1	

7.8	-24	0.1276288	
7.8	-22	0.160295	
7.8	-20	0.1997556	
7.8	-18	0.246998	
7.8	-16	0.302296	
7.8	-14	0.366614	
7.8	-12	0.439246	
7.8	-11	0.478308	
7.8	-10	0.519692	
7.8	-9	0.562608	
7.8	-8	0.606944	
7.8	-7	0.653136	
7.8	-6	0.70028	
7.8	-5	0.748746	
7.8	-4	0.797888	
7.8	-3	0.84781	
7.8	-2	0.898236	
7.8	-1.5	0.923624	
7.8	-1	0.949028	
7.8	-0.5	0.974514	
7.8	0	1	

8	-24	0.1352744	
8	-22	0.168891	
8	-20	0.20902	
8	-18	0.256618	
8	-16	0.312232	
8	-14	0.376172	
8	-12	0.44844	
8	-11	0.487244	
8	-10	0.528012	
8	-9	0.57032	
8	-8	0.613806	
8	-7	0.659238	
8	-6	0.705762	
8	-5	0.75343	
8	-4	0.801674	
8	-3	0.850678	
8	-2	0.900124	
8	-1.5	0.925038	
8	-1	0.949974	
8	-0.5	0.974984	
8	0	1	

8.2	-24	0.1431894	
8.2	-22	0.177123	
8.2	-20	0.218344	
8.2	-18	0.266208	
8.2	-16	0.32199	
8.2	-14	0.385652	
8.2	-12	0.457334	
8.2	-11	0.495882	
8.2	-10	0.536042	
8.2	-9	0.577712	
8.2	-8	0.62088	
8.2	-7	0.665132	
8.2	-6	0.711088	
8.2	-5	0.757804	
8.2	-4	0.805294	
8.2	-3	0.853388	
8.2	-2	0.902034	
8.2	-1.5	0.926456	
8.2	-1	0.950932	
8.2	-0.5	0.975458	
8.2	0	1	

8.4	-24	0.1509426	
8.4	-22	0.1856136	
8.4	-20	0.227216	
8.4	-18	0.27541	
8.4	-16	0.33149	
8.4	-14	0.394928	
8.4	-12	0.465952	
8.4	-11	0.504014	
8.4	-10	0.543884	
8.4	-9	0.584848	
8.4	-8	0.627426	
8.4	-7	0.67108	
8.4	-6	0.716134	
8.4	-5	0.762014	
8.4	-4	0.808766	
8.4	-3	0.856034	
8.4	-2	0.903768	
8.4	-1.5	0.927756	
8.4	-1	0.951802	
8.4	-0.5	0.975896	
8.4	0	1	

8.6	-24	0.1588322	
8.6	-22	0.1942398	
8.6	-20	0.236154	
8.6	-18	0.284656	
8.6	-16	0.34077	
8.6	-14	0.403966	
8.6	-12	0.474296	
8.6	-11	0.51216	
8.6	-10	0.551356	
8.6	-9	0.59179	
8.6	-8	0.633916	
8.6	-7	0.676856	
8.6	-6	0.721102	
8.6	-5	0.76629	
8.6	-4	0.812092	
8.6	-3	0.85861	
8.6	-2	0.905512	
8.6	-1.5	0.92907	
8.6	-1	0.952688	
8.6	-0.5	0.976334	
8.6	0	1	

8.8	-24	0.1665616	
8.8	-22	0.202406	
8.8	-20	0.244984	
8.8	-18	0.293726	
8.8	-16	0.349738	
8.8	-14	0.41276	
8.8	-12	0.482604	
8.8	-11	0.519994	
8.8	-10	0.558518	
8.8	-9	0.59867	
8.8	-8	0.640014	
8.8	-7	0.682484	
8.8	-6	0.725842	
8.8	-5	0.770294	
8.8	-4	0.815382	
8.8	-3	0.861034	
8.8	-2	0.907132	
8.8	-1.5	0.930284	
8.8	-1	0.953498	
8.8	-0.5	0.976748	
8.8	0	1	

9	-24	0.174415	
9	-22	0.210818	
9	-20	0.25359	
9	-18	0.302668	
9	-16	0.358652	
9	-14	0.421298	
9	-12	0.490566	
9	-11	0.527614	
9	-10	0.565708	
9	-9	0.60536	
9	-8	0.645966	
9	-7	0.687792	
9	-6	0.73043	
9	-5	0.774078	
9	-4	0.818528	
9	-3	0.863468	
9	-2	0.908706	
9	-1.5	0.931458	
9	-1	0.954286	
9	-0.5	0.977134	
9	0	1	

9.2	-24	0.1822148	
9.2	-22	0.219356	
9.2	-20	0.262342	
9.2	-18	0.311362	
9.2	-16	0.367284	
9.2	-14	0.429548	
9.2	-12	0.498378	
9.2	-11	0.534824	
9.2	-10	0.572606	
9.2	-9	0.611618	
9.2	-8	0.65163	
9.2	-7	0.69289	
9.2	-6	0.735074	
9.2	-5	0.777928	
9.2	-4	0.821582	
9.2	-3	0.865724	
9.2	-2	0.910288	
9.2	-1.5	0.932672	
9.2	-1	0.955072	
9.2	-0.5	0.97753	
9.2	0	1	

9.4	-24	0.1900468	
9.4	-22	0.22746	
9.4	-20	0.270666	
9.4	-18	0.320018	
9.4	-16	0.375884	
9.4	-14	0.437854	
9.4	-12	0.505972	
9.4	-11	0.541874	
9.4	-10	0.579196	
9.4	-9	0.617824	
9.4	-8	0.657292	
9.4	-7	0.697952	
9.4	-6	0.739448	
9.4	-5	0.781628	
9.4	-4	0.824564	
9.4	-3	0.867996	
9.4	-2	0.911782	
9.4	-1.5	0.933772	
9.4	-1	0.955824	
9.4	-0.5	0.977906	
9.4	0	1	

9.6	-24	0.1977064	
9.6	-22	0.235468	
9.6	-20	0.278994	
9.6	-18	0.328188	
9.6	-16	0.384002	
9.6	-14	0.445488	
9.6	-12	0.513068	
9.6	-11	0.548682	
9.6	-10	0.585722	
9.6	-9	0.623684	
9.6	-8	0.662746	
9.6	-7	0.702794	
9.6	-6	0.743736	
9.6	-5	0.785296	
9.6	-4	0.827408	
9.6	-3	0.87007	
9.6	-2	0.9132	
9.6	-1.5	0.934854	
9.6	-1	0.956552	
9.6	-0.5	0.97827	
9.6	0	1	

9.8	-24	0.20525	
9.8	-22	0.243542	
9.8	-20	0.287218	
9.8	-18	0.336696	
9.8	-16	0.39228	
9.8	-14	0.453384	
9.8	-12	0.520142	
9.8	-11	0.555442	
9.8	-10	0.592042	
9.8	-9	0.629442	
9.8	-8	0.668084	
9.8	-7	0.707434	
9.8	-6	0.747802	
9.8	-5	0.788742	
9.8	-4	0.830284	
9.8	-3	0.872296	
9.8	-2	0.91464	
9.8	-1.5	0.935896	
9.8	-1	0.957258	
9.8	-0.5	0.97861	
9.8	0	1	

10	-24	0.21267	
10	-22	0.25151	
10	-20	0.295466	
10	-18	0.344716	
10	-16	0.400338	
10	-14	0.460922	
10	-12	0.526976	
10	-11	0.56206	
10	-10	0.598044	
10	-9	0.635106	
10	-8	0.673154	
10	-7	0.712042	
10	-6	0.75165	
10	-5	0.792118	
10	-4	0.833094	
10	-3	0.87435	
10	-2	0.91604	
10	-1.5	0.936984	
10	-1	0.95796	
10	-0.5	0.978964	
10	0	1	

10.2	-24	0.22011	
10.2	-22	0.259298	
10.2	-20	0.303414	
10.2	-18	0.352722	
10.2	-16	0.408094	
10.2	-14	0.468318	
10.2	-12	0.53379	
10.2	-11	0.568516	
10.2	-10	0.604004	
10.2	-9	0.64053	
10.2	-8	0.678176	
10.2	-7	0.71642	
10.2	-6	0.755574	
10.2	-5	0.79532	
10.2	-4	0.83562	
10.2	-3	0.876364	
10.2	-2	0.91739	
10.2	-1.5	0.938	
10.2	-1	0.958638	
10.2	-0.5	0.97931	
10.2	0	1	

10.4	-24	0.227706	
10.4	-22	0.267	
10.4	-20	0.311306	
10.4	-18	0.360558	
10.4	-16	0.415576	
10.4	-14	0.47542	
10.4	-12	0.540498	
10.4	-11	0.574728	
10.4	-10	0.609746	
10.4	-9	0.64595	
10.4	-8	0.68295	
10.4	-7	0.720778	
10.4	-6	0.759346	
10.4	-5	0.798388	
10.4	-4	0.838154	
10.4	-3	0.878256	
10.4	-2	0.91867	
10.4	-1.5	0.938952	
10.4	-1	0.959288	
10.4	-0.5	0.979638	
10.4	0	1	

10.6	-24	0.235136	
10.6	-22	0.274646	
10.6	-20	0.319116	
10.6	-18	0.368244	
10.6	-16	0.422982	
10.6	-14	0.482552	
10.6	-12	0.546838	
10.6	-11	0.580702	
10.6	-10	0.61545	
10.6	-9	0.651166	
10.6	-8	0.687618	
10.6	-7	0.72504	
10.6	-6	0.763042	
10.6	-5	0.80159	
10.6	-4	0.84062	
10.6	-3	0.880136	
10.6	-2	0.919888	
10.6	-1.5	0.939876	
10.6	-1	0.959896	
10.6	-0.5	0.979942	
10.6	0	1	

10.8	-24	0.242482	
10.8	-22	0.282168	
10.8	-20	0.326722	
10.8	-18	0.375648	
10.8	-16	0.430224	
10.8	-14	0.489336	
10.8	-12	0.553104	
10.8	-11	0.586428	
10.8	-10	0.620952	
10.8	-9	0.656196	
10.8	-8	0.6923	
10.8	-7	0.729064	
10.8	-6	0.766616	
10.8	-5	0.804526	
10.8	-4	0.843014	
10.8	-3	0.881884	
10.8	-2	0.921124	
10.8	-1.5	0.940804	
10.8	-1	0.960516	
10.8	-0.5	0.980256	
10.8	0	1	

11	-24	0.24982	
11	-22	0.289536	
11	-20	0.334186	
11	-18	0.383076	
11	-16	0.437308	
11	-14	0.49611	
11	-12	0.559178	
11	-11	0.59218	
11	-10	0.626156	
11	-9	0.661086	
11	-8	0.69664	
11	-7	0.732962	
11	-6	0.77004	
11	-5	0.807568	
11	-4	0.845408	
11	-3	0.883734	
11	-2	0.9223	
11	-1.5	0.94168	
11	-1	0.961102	
11	-0.5	0.980542	
11	0	1	

11.2	-24	0.256834	
11.2	-22	0.29688	
11.2	-20	0.341584	
11.2	-18	0.390338	
11.2	-16	0.444278	
11.2	-14	0.502696	
11.2	-12	0.565216	
11.2	-11	0.597788	
11.2	-10	0.631504	
11.2	-9	0.665802	
11.2	-8	0.701018	
11.2	-7	0.736838	
11.2	-6	0.77326	
11.2	-5	0.810394	
11.2	-4	0.847772	
11.2	-3	0.885478	
11.2	-2	0.92349	
11.2	-1.5	0.942566	
11.2	-1	0.961698	
11.2	-0.5	0.980844	
11.2	0	1	

11.4	-24	0.264004	
11.4	-22	0.303978	
11.4	-20	0.34882	
11.4	-18	0.397458	
11.4	-16	0.45107	
11.4	-14	0.509046	
11.4	-12	0.57107	
11.4	-11	0.603264	
11.4	-10	0.63639	
11.4	-9	0.670424	
11.4	-8	0.70519	
11.4	-7	0.740516	
11.4	-6	0.776494	
11.4	-5	0.812966	
11.4	-4	0.849988	
11.4	-3	0.88719	
11.4	-2	0.924636	
11.4	-1.5	0.943436	
11.4	-1	0.962266	
11.4	-0.5	0.981128	
11.4	0	1	

11.6	-24	0.270974	
11.6	-22	0.311124	
11.6	-20	0.355996	
11.6	-18	0.404528	
11.6	-16	0.457644	
11.6	-14	0.51519	
11.6	-12	0.576564	
11.6	-11	0.608572	
11.6	-10	0.641322	
11.6	-9	0.675064	
11.6	-8	0.709228	
11.6	-7	0.744144	
11.6	-6	0.779708	
11.6	-5	0.815626	
11.6	-4	0.851994	
11.6	-3	0.888774	
11.6	-2	0.925726	
11.6	-1.5	0.944254	
11.6	-1	0.962818	
11.6	-0.5	0.981404	
11.6	0	1	

11.8	-24	0.27782	
11.8	-22	0.318116	
11.8	-20	0.362808	
11.8	-18	0.411304	
11.8	-16	0.464198	
11.8	-14	0.52129	
11.8	-12	0.582024	
11.8	-11	0.613788	
11.8	-10	0.646138	
11.8	-9	0.679376	
11.8	-8	0.713208	
11.8	-7	0.747708	
11.8	-6	0.78267	
11.8	-5	0.81825	
11.8	-4	0.854054	
11.8	-3	0.890294	
11.8	-2	0.926708	
11.8	-1.5	0.945016	
11.8	-1	0.963338	
11.8	-0.5	0.981666	
11.8	0	1	

12	-24	0.284744	
12	-22	0.324996	
12	-20	0.369728	
12	-18	0.417936	
12	-16	0.470658	
12	-14	0.527264	
12	-12	0.587464	
12	-11	0.61883	
12	-10	0.650888	
12	-9	0.683584	
12	-8	0.717158	
12	-7	0.75112	
12	-6	0.785752	
12	-5	0.820734	
12	-4	0.856168	
12	-3	0.891818	
12	-2	0.927744	
12	-1.5	0.945794	
12	-1	0.963846	
12	-0.5	0.981918	
12	0	1	

12.4	-24	0.298072	
12.4	-22	0.338454	
12.4	-20	0.38304	
12.4	-18	0.430874	
12.4	-16	0.482974	
12.4	-14	0.53862	
12.4	-12	0.597756	
12.4	-11	0.628544	
12.4	-10	0.659858	
12.4	-9	0.691956	
12.4	-8	0.72457	
12.4	-7	0.757818	
12.4	-6	0.791434	
12.4	-5	0.82558	
12.4	-4	0.86005	
12.4	-3	0.894802	
12.4	-2	0.929748	
12.4	-1.5	0.94727	
12.4	-1	0.964834	
12.4	-0.5	0.982416	
12.4	0	1	

12.8	-24	0.311084	
12.8	-22	0.351566	
12.8	-20	0.39593	
12.8	-18	0.443374	
12.8	-16	0.494918	
12.8	-14	0.549666	
12.8	-12	0.607716	
12.8	-11	0.637726	
12.8	-10	0.668472	
12.8	-9	0.699886	
12.8	-8	0.731718	
12.8	-7	0.764076	
12.8	-6	0.796946	
12.8	-5	0.830172	
12.8	-4	0.86372	
12.8	-3	0.897582	
12.8	-2	0.931614	
12.8	-1.5	0.948676	
12.8	-1	0.965774	
12.8	-0.5	0.98288	
12.8	0	1	

13.2	-24	0.323824	
13.2	-22	0.364416	
13.2	-20	0.408344	
13.2	-18	0.455362	
13.2	-16	0.506346	
13.2	-14	0.560204	
13.2	-12	0.617064	
13.2	-11	0.646598	
13.2	-10	0.676612	
13.2	-9	0.707384	
13.2	-8	0.738414	
13.2	-7	0.7701	
13.2	-6	0.80216	
13.2	-5	0.834518	
13.2	-4	0.867252	
13.2	-3	0.90023	
13.2	-2	0.933374	
13.2	-1.5	0.950004	
13.2	-1	0.966662	
13.2	-0.5	0.983326	
13.2	0	1	

13.6	-24	0.336222	
13.6	-22	0.376688	
13.6	-20	0.420414	
13.6	-18	0.466996	
13.6	-16	0.517248	
13.6	-14	0.57031	
13.6	-12	0.626036	
13.6	-11	0.654994	
13.6	-10	0.684438	
13.6	-9	0.714408	
13.6	-8	0.744852	
13.6	-7	0.77575	
13.6	-6	0.807066	
13.6	-5	0.838718	
13.6	-4	0.87061	
13.6	-3	0.902784	
13.6	-2	0.93506	
13.6	-1.5	0.95128	
13.6	-1	0.967508	
13.6	-0.5	0.983748	
13.6	0	1	

14	-24	0.348244	
14	-22	0.388448	
14	-20	0.432108	
14	-18	0.478198	
14	-16	0.527726	
14	-14	0.579856	
14	-12	0.634636	
14	-11	0.662998	
14	-10	0.691846	
14	-9	0.721236	
14	-8	0.75103	
14	-7	0.781196	
14	-6	0.811828	
14	-5	0.84266	
14	-4	0.87381	
14	-3	0.905184	
14	-2	0.936678	
14	-1.5	0.952492	
14	-1	0.96832	
14	-0.5	0.984156	
14	0	1	

14.4	-24	0.360008	
14.4	-22	0.400056	
14.4	-20	0.443358	
14.4	-18	0.489024	
14.4	-16	0.537738	
14.4	-14	0.589144	
14.4	-12	0.642876	
14.4	-11	0.670594	
14.4	-10	0.698936	
14.4	-9	0.727682	
14.4	-8	0.756888	
14.4	-7	0.786426	
14.4	-6	0.816294	
14.4	-5	0.846414	
14.4	-4	0.876888	
14.4	-3	0.907474	
14.4	-2	0.938222	
14.4	-1.5	0.953648	
14.4	-1	0.969092	
14.4	-0.5	0.984542	
14.4	0	1	

14.8	-24	0.37134	
14.8	-22	0.411246	
14.8	-20	0.454094	
14.8	-18	0.4994	
14.8	-16	0.54739	
14.8	-14	0.598056	
14.8	-12	0.650932	
14.8	-11	0.678092	
14.8	-10	0.705698	
14.8	-9	0.733884	
14.8	-8	0.762402	
14.8	-7	0.79132	
14.8	-6	0.820572	
14.8	-5	0.850048	
14.8	-4	0.879752	
14.8	-3	0.90965	
14.8	-2	0.939694	
14.8	-1.5	0.954752	
14.8	-1	0.969818	
14.8	-0.5	0.984908	
14.8	0	1	

15.2	-24	0.382446	
15.2	-22	0.422116	
15.2	-20	0.464494	
15.2	-18	0.509464	
15.2	-16	0.556788	
15.2	-14	0.60657	
15.2	-12	0.658508	
15.2	-11	0.685236	
15.2	-10	0.712336	
15.2	-9	0.739776	
15.2	-8	0.76776	
15.2	-7	0.796056	
15.2	-6	0.824598	
15.2	-5	0.85346	
15.2	-4	0.882514	
15.2	-3	0.911754	
15.2	-2	0.941088	
15.2	-1.5	0.9558	
15.2	-1	0.970522	
15.2	-0.5	0.985258	
15.2	0	1	

15.6	-24	0.393178	
15.6	-22	0.432684	
15.6	-20	0.474646	
15.6	-18	0.51903	
15.6	-16	0.565798	
15.6	-14	0.61478	
15.6	-12	0.665788	
15.6	-11	0.691944	
15.6	-10	0.718568	
15.6	-9	0.745506	
15.6	-8	0.772854	
15.6	-7	0.800552	
15.6	-6	0.828574	
15.6	-5	0.856728	
15.6	-4	0.885146	
15.6	-3	0.913698	
15.6	-2	0.9424	
15.6	-1.5	0.956784	
15.6	-1	0.97118	
15.6	-0.5	0.985586	
15.6	0	1	

16	-24	0.403752	
16	-22	0.442944	
16	-20	0.484444	
16	-18	0.52848	
16	-16	0.57441	
16	-14	0.6226	
16	-12	0.672812	
16	-11	0.698448	
16	-10	0.724528	
16	-9	0.750994	
16	-8	0.777746	
16	-7	0.804914	
16	-6	0.83225	
16	-5	0.859844	
16	-4	0.88768	
16	-3	0.915624	
16	-2	0.94368	
16	-1.5	0.957748	
16	-1	0.97182	
16	-0.5	0.98591	
16	0	1	

16.8	-24	0.423768	
16.8	-22	0.462346	
16.8	-20	0.50312	
16.8	-18	0.545992	
16.8	-16	0.590746	
16.8	-14	0.63744	
16.8	-12	0.685862	
16.8	-11	0.710682	
16.8	-10	0.735808	
16.8	-9	0.761258	
16.8	-8	0.787052	
16.8	-7	0.813072	
16.8	-6	0.839336	
16.8	-5	0.865776	
16.8	-4	0.892396	
16.8	-3	0.919156	
16.8	-2	0.94607	
16.8	-1.5	0.959534	
16.8	-1	0.973018	
16.8	-0.5	0.986506	
16.8	0	1	

17.6	-24	0.442648	
17.6	-22	0.480632	
17.6	-20	0.520584	
17.6	-18	0.562262	
17.6	-16	0.606056	
17.6	-14	0.651226	
17.6	-12	0.69808	
17.6	-11	0.722	
17.6	-10	0.746194	
17.6	-9	0.770742	
17.6	-8	0.795566	
17.6	-7	0.820554	
17.6	-6	0.845816	
17.6	-5	0.871224	
17.6	-4	0.89679	
17.6	-3	0.9225	
17.6	-2	0.948282	
17.6	-1.5	0.961196	
17.6	-1	0.974122	
17.6	-0.5	0.98706	
17.6	0	1	

18.4	-24	0.460638	
18.4	-22	0.49782	
18.4	-20	0.536842	
18.4	-18	0.577718	
18.4	-16	0.620166	
18.4	-14	0.664122	
18.4	-12	0.709344	
18.4	-11	0.732512	
18.4	-10	0.755862	
18.4	-9	0.77951	
18.4	-8	0.803392	
18.4	-7	0.827482	
18.4	-6	0.8518	
18.4	-5	0.876252	
18.4	-4	0.900848	
18.4	-3	0.925538	
18.4	-2	0.950316	
18.4	-1.5	0.96272	
18.4	-1	0.975144	
18.4	-0.5	0.98757	
18.4	0	1	

19.2	-24	0.477588	
19.2	-22	0.51406	
19.2	-20	0.552316	
19.2	-18	0.59217	
19.2	-16	0.633318	
19.2	-14	0.67594	
19.2	-12	0.7199	
19.2	-11	0.742256	
19.2	-10	0.764836	
19.2	-9	0.787642	
19.2	-8	0.810672	
19.2	-7	0.833956	
19.2	-6	0.85735	
19.2	-5	0.88089	
19.2	-4	0.904582	
19.2	-3	0.928354	
19.2	-2	0.952194	
19.2	-1.5	0.964126	
19.2	-1	0.976078	
19.2	-0.5	0.988038	
19.2	0	1	

20	-24	0.49352	
20	-22	0.529384	
20	-20	0.566854	
20	-18	0.605554	
20	-16	0.645882	
20	-14	0.687108	
20	-12	0.729644	
20	-11	0.751326	
20	-10	0.773178	
20	-9	0.795294	
20	-8	0.817542	
20	-7	0.839952	
20	-6	0.862498	
20	-5	0.88521	
20	-4	0.90805	
20	-3	0.930948	
20	-2	0.953932	
20	-1.5	0.96544	
20	-1	0.976954	
20	-0.5	0.988478	
20	0	1	

20.8	-24	0.508676	
20.8	-22	0.543848	
20.8	-20	0.58031	
20.8	-18	0.618214	
20.8	-16	0.657286	
20.8	-14	0.697678	
20.8	-12	0.738804	
20.8	-11	0.759698	
20.8	-10	0.780966	
20.8	-9	0.802246	
20.8	-8	0.823804	
20.8	-7	0.845536	
20.8	-6	0.867312	
20.8	-5	0.889254	
20.8	-4	0.911306	
20.8	-3	0.9334	
20.8	-2	0.955576	
20.8	-1.5	0.966668	
20.8	-1	0.977776	
20.8	-0.5	0.988886	
20.8	0	1	

21.6	-24	0.523012	
21.6	-22	0.557576	
21.6	-20	0.593302	
21.6	-18	0.630162	
21.6	-16	0.66822	
21.6	-14	0.707286	
21.6	-12	0.747432	
21.6	-11	0.767698	
21.6	-10	0.788186	
21.6	-9	0.808842	
21.6	-8	0.829678	
21.6	-7	0.850646	
21.6	-6	0.871778	
21.6	-5	0.892988	
21.6	-4	0.91428	
21.6	-3	0.935642	
21.6	-2	0.957068	
21.6	-1.5	0.967802	
21.6	-1	0.978524	
21.6	-0.5	0.989262	
21.6	0	1	

22.4	-24	0.536526	
22.4	-22	0.57043	
22.4	-20	0.605428	
22.4	-18	0.64149	
22.4	-16	0.678512	
22.4	-14	0.716508	
22.4	-12	0.755382	
22.4	-11	0.775116	
22.4	-10	0.795052	
22.4	-9	0.815092	
22.4	-8	0.83527	
22.4	-7	0.855552	
22.4	-6	0.875984	
22.4	-5	0.896502	
22.4	-4	0.917096	
22.4	-3	0.93776	
22.4	-2	0.95848	
22.4	-1.5	0.968854	
22.4	-1	0.979232	
22.4	-0.5	0.989616	
22.4	0	1	

23.2	-24	0.5494	
23.2	-22	0.582592	
23.2	-20	0.616852	
23.2	-18	0.652066	
23.2	-16	0.68815	
23.2	-14	0.72519	
23.2	-12	0.762944	
23.2	-11	0.782072	
23.2	-10	0.801378	
23.2	-9	0.820832	
23.2	-8	0.840412	
23.2	-7	0.860112	
23.2	-6	0.879924	
23.2	-5	0.899802	
23.2	-4	0.919754	
23.2	-3	0.93976	
23.2	-2	0.959816	
23.2	-1.5	0.969858	
23.2	-1	0.9799	
23.2	-0.5	0.98995	
23.2	0	1	

24	-24	0.561734	
24	-22	0.594126	
24	-20	0.6277	
24	-18	0.662072	
24	-16	0.697308	
24	-14	0.733296	
24	-12	0.77005	
24	-11	0.788668	
24	-10	0.807414	
24	-9	0.826272	
24	-8	0.845284	
24	-7	0.864376	
24	-6	0.883576	
24	-5	0.902862	
24	-4	0.922206	
24	-3	0.941606	
24	-2	0.961048	
24	-1.5	0.970786	
24	-1	0.980522	
24	-0.5	0.990258	
24	0	1	

24.8	-24	0.573436	
24.8	-22	0.605108	
24.8	-20	0.637882	
24.8	-18	0.671516	
24.8	-16	0.705934	
24.8	-14	0.740998	
24.8	-12	0.77676	
24.8	-11	0.794836	
24.8	-10	0.81306	
24.8	-9	0.831398	
24.8	-8	0.849868	
24.8	-7	0.86843	
24.8	-6	0.887058	
24.8	-5	0.905764	
24.8	-4	0.924534	
24.8	-3	0.943362	
24.8	-2	0.962216	
24.8	-1.5	0.97166	
24.8	-1	0.981102	
24.8	-0.5	0.99055	
24.8	0	1	

25.6	-24	0.5845	
25.6	-22	0.61571	
25.6	-20	0.647662	
25.6	-18	0.680502	
25.6	-16	0.714042	
25.6	-14	0.748248	
25.6	-12	0.783074	
25.6	-11	0.800688	
25.6	-10	0.818408	
25.6	-9	0.836258	
25.6	-8	0.854198	
25.6	-7	0.872228	
25.6	-6	0.890326	
25.6	-5	0.908492	
25.6	-4	0.926724	
25.6	-3	0.945	
25.6	-2	0.963314	
25.6	-1.5	0.972482	
25.6	-1	0.98165	
25.6	-0.5	0.990826	
25.6	0	1	

26.4	-24	0.595088	
26.4	-22	0.625656	
26.4	-20	0.656994	
26.4	-18	0.688984	
26.4	-16	0.721766	
26.4	-14	0.75516	
26.4	-12	0.78904	
26.4	-11	0.806192	
26.4	-10	0.82348	
26.4	-9	0.840852	
26.4	-8	0.85827	
26.4	-7	0.875804	
26.4	-6	0.89341	
26.4	-5	0.91108	
26.4	-4	0.928798	
26.4	-3	0.946556	
26.4	-2	0.964358	
26.4	-1.5	0.973264	
26.4	-1	0.982174	
26.4	-0.5	0.991086	
26.4	0	1	

27.2	-24	0.60513	
27.2	-22	0.635066	
27.2	-20	0.665798	
27.2	-18	0.69717	
27.2	-16	0.729084	
27.2	-14	0.76164	
27.2	-12	0.794712	
27.2	-11	0.811458	
27.2	-10	0.82825	
27.2	-9	0.845134	
27.2	-8	0.862116	
27.2	-7	0.879196	
27.2	-6	0.896324	
27.2	-5	0.913516	
27.2	-4	0.930768	
27.2	-3	0.948046	
27.2	-2	0.965348	
27.2	-1.5	0.97401	
27.2	-1	0.98267	
27.2	-0.5	0.991334	
27.2	0	1	

28	-24	0.61476	
28	-22	0.64408	
28	-20	0.67414	
28	-18	0.704844	
28	-16	0.736148	
28	-14	0.767838	
28	-12	0.800088	
28	-11	0.816386	
28	-10	0.832762	
28	-9	0.849252	
28	-8	0.865806	
28	-7	0.882434	
28	-6	0.899104	
28	-5	0.915842	
28	-4	0.932616	
28	-3	0.949428	
28	-2	0.966274	
28	-1.5	0.974702	
28	-1	0.983132	
28	-0.5	0.991566	
28	0	1	

28.8	-24	0.623898	
28.8	-22	0.652704	
28.8	-20	0.682082	
28.8	-18	0.712134	
28.8	-16	0.742722	
28.8	-14	0.773762	
28.8	-12	0.805232	
28.8	-11	0.82112	
28.8	-10	0.837066	
28.8	-9	0.853162	
28.8	-8	0.86926	
28.8	-7	0.885466	
28.8	-6	0.901732	
28.8	-5	0.918024	
28.8	-4	0.93438	
28.8	-3	0.950752	
28.8	-2	0.967152	
28.8	-1.5	0.975364	
28.8	-1	0.983574	
28.8	-0.5	0.991786	
28.8	0	1	

29.6	-24	0.632664	
29.6	-22	0.66086	
29.6	-20	0.689714	
29.6	-18	0.71906	
29.6	-16	0.748976	
29.6	-14	0.779328	
29.6	-12	0.81009	
29.6	-11	0.825594	
29.6	-10	0.841192	
29.6	-9	0.856864	
29.6	-8	0.872594	
29.6	-7	0.888398	
29.6	-6	0.904214	
29.6	-5	0.920114	
29.6	-4	0.936034	
29.6	-3	0.95201	
29.6	-2	0.967988	
29.6	-1.5	0.975988	
29.6	-1	0.983992	
29.6	-0.5	0.991994	
29.6	0	1	

30.4	-24	0.64114	
30.4	-22	0.668764	
30.4	-20	0.696972	
30.4	-18	0.725754	
30.4	-16	0.75498	
30.4	-14	0.784662	
30.4	-12	0.814694	
30.4	-11	0.829848	
30.4	-10	0.84506	
30.4	-9	0.860362	
30.4	-8	0.875714	
30.4	-7	0.891138	
30.4	-6	0.906596	
30.4	-5	0.922094	
30.4	-4	0.937636	
30.4	-3	0.953202	
30.4	-2	0.96879	
30.4	-1.5	0.976592	
30.4	-1	0.984392	
30.4	-0.5	0.992196	
30.4	0	1	

31.2	-24	0.649124	
31.2	-22	0.676302	
31.2	-20	0.703942	
31.2	-18	0.732118	
31.2	-16	0.760718	
31.2	-14	0.789682	
31.2	-12	0.819064	
31.2	-11	0.833868	
31.2	-10	0.84878	
31.2	-9	0.863712	
31.2	-8	0.87871	
31.2	-7	0.893748	
31.2	-6	0.908842	
31.2	-5	0.923978	
31.2	-4	0.939142	
31.2	-3	0.954334	
31.2	-2	0.969542	
31.2	-1.5	0.977154	
31.2	-1	0.98477	
31.2	-0.5	0.992384	
31.2	0	1	

32	-24	0.656782	
32	-22	0.683448	
32	-20	0.710606	
32	-18	0.738182	
32	-16	0.766196	
32	-14	0.794584	
32	-12	0.823284	
32	-11	0.83776	
32	-10	0.852276	
32	-9	0.866886	
32	-8	0.88154	
32	-7	0.896242	
32	-6	0.910984	
32	-5	0.925764	
32	-4	0.940572	
32	-3	0.955414	
32	-2	0.970262	
32	-1.5	0.977694	
32	-1	0.98513	
32	-0.5	0.992564	
32	0	1	

32.4	0	1	

32.8	-24	0.664206	
32.8	-22	0.690336	
32.8	-20	0.716964	
32.8	-18	0.744044	
32.8	-16	0.771458	
32.8	-14	0.799234	
32.8	-12	0.827318	
32.8	-11	0.841442	
32.8	-10	0.855664	
32.8	-9	0.869956	
32.8	-8	0.88426	
32.8	-7	0.898622	
32.8	-6	0.913026	
32.8	-5	0.927472	
32.8	-4	0.94195	
32.8	-3	0.956436	
32.8	-2	0.97095	
32.8	-1.5	0.978206	
32.8	-1	0.98547	
32.8	-0.5	0.992734	

33.6	-24	0.671298	
33.6	-22	0.696938	
33.6	-20	0.723032	
33.6	-18	0.749556	
33.6	-16	0.77648	
33.6	-14	0.803658	
33.6	-12	0.83114	
33.6	-11	0.844986	
33.6	-10	0.858902	
33.6	-9	0.872856	
33.6	-8	0.88688	
33.6	-7	0.900908	
33.6	-6	0.914996	
33.6	-5	0.929118	
33.6	-4	0.943254	
33.6	-3	0.95742	
33.6	-2	0.971604	
33.6	-1.5	0.978704	
33.6	-1	0.9858	
33.6	-0.5	0.9929	
33.6	0	1	

34.4	-24	0.678144	
34.4	-22	0.70338	
34.4	-20	0.728946	
34.4	-18	0.75494	
34.4	-16	0.781248	
34.4	-14	0.80792	
34.4	-12	0.834828	
34.4	-11	0.848412	
34.4	-10	0.861992	
34.4	-9	0.875658	
34.4	-8	0.889344	
34.4	-7	0.903096	
34.4	-6	0.916866	
34.4	-5	0.930692	
34.4	-4	0.94451	
34.4	-3	0.958376	
34.4	-2	0.972236	
34.4	-1.5	0.979178	
34.4	-1	0.986118	
34.4	-0.5	0.993058	
34.4	0	1	

35.2	-24	0.684638	
35.2	-22	0.709418	
35.2	-20	0.73458	
35.2	-18	0.76004	
35.2	-16	0.785848	
35.2	-14	0.81196	
35.2	-12	0.838348	
35.2	-11	0.851616	
35.2	-10	0.864932	
35.2	-9	0.87832	
35.2	-8	0.891742	
35.2	-7	0.905186	
35.2	-6	0.91867	
35.2	-5	0.932176	
35.2	-4	0.94572	
35.2	-3	0.95927	
35.2	-2	0.97284	
35.2	-1.5	0.97963	
35.2	-1	0.986418	
35.2	-0.5	0.99321	
35.2	0	1	

36	-24	0.69092	
36	-22	0.715258	
36	-20	0.739958	
36	-18	0.764986	
36	-16	0.79033	
36	-14	0.81593	
36	-12	0.841766	
36	-11	0.854754	
36	-10	0.867802	
36	-9	0.880894	
36	-8	0.894028	
36	-7	0.90718	
36	-6	0.9204	
36	-5	0.933612	
36	-4	0.946874	
36	-3	0.960132	
36	-2	0.973412	
36	-1.5	0.98006	
36	-1	0.986704	
36	-0.5	0.993352	
36	0	1	

36.8	-24	0.696908	
36.8	-22	0.720866	
36.8	-20	0.745134	
36.8	-18	0.769734	
36.8	-16	0.79455	
36.8	-14	0.819668	
36.8	-12	0.844976	
36.8	-11	0.85772	
36.8	-10	0.870504	
36.8	-9	0.883346	
36.8	-8	0.896202	
36.8	-7	0.909108	
36.8	-6	0.92203	
36.8	-5	0.935	
36.8	-4	0.947968	
36.8	-3	0.960968	
36.8	-2	0.973968	
36.8	-1.5	0.980476	
36.8	-1	0.986984	
36.8	-0.5	0.993492	
36.8	0	1	

37.6	-24	0.702724	
37.6	-22	0.726254	
37.6	-20	0.75011	
37.6	-18	0.774276	
37.6	-16	0.798668	
37.6	-14	0.823268	
37.6	-12	0.848104	
37.6	-11	0.86059	
37.6	-10	0.873134	
37.6	-9	0.885708	
37.6	-8	0.898312	
37.6	-7	0.910954	
37.6	-6	0.923624	
37.6	-5	0.936318	
37.6	-4	0.949026	
37.6	-3	0.961758	
37.6	-2	0.974496	
37.6	-1.5	0.980874	
37.6	-1	0.987246	
37.6	-0.5	0.993624	
37.6	0	1	

38.4	-24	0.708318	
38.4	-22	0.731416	
38.4	-20	0.754862	
38.4	-18	0.778552	
38.4	-16	0.802572	
38.4	-14	0.826742	
38.4	-12	0.851106	
38.4	-11	0.863342	
38.4	-10	0.87566	
38.4	-9	0.887976	
38.4	-8	0.900356	
38.4	-7	0.91273	
38.4	-6	0.925138	
38.4	-5	0.937584	
38.4	-4	0.95005	
38.4	-3	0.962522	
38.4	-2	0.975008	
38.4	-1.5	0.981258	
38.4	-1	0.987502	
38.4	-0.5	0.993752	
38.4	0	1	

39.2	-24	0.713728	
39.2	-22	0.73647	
39.2	-20	0.75948	
39.2	-18	0.78277	
39.2	-16	0.806294	
39.2	-14	0.830016	
39.2	-12	0.853956	
39.2	-11	0.865978	
39.2	-10	0.878072	
39.2	-9	0.890132	
39.2	-8	0.902282	
39.2	-7	0.91442	
39.2	-6	0.926614	
39.2	-5	0.938814	
39.2	-4	0.951026	
39.2	-3	0.96326	
39.2	-2	0.9755	
39.2	-1.5	0.981624	
39.2	-1	0.987748	
39.2	-0.5	0.993874	
39.2	0	1	

40	-24	0.71892	
40	-22	0.741284	
40	-20	0.763908	
40	-18	0.786796	
40	-16	0.809908	
40	-14	0.83322	
40	-12	0.856712	
40	-11	0.86851	
40	-10	0.880338	
40	-9	0.892214	
40	-8	0.904116	
40	-7	0.91605	
40	-6	0.928	
40	-5	0.939974	
40	-4	0.951958	
40	-3	0.963958	
40	-2	0.97597	
40	-1.5	0.981978	
40	-1	0.987982	
40	-0.5	0.993992	
40	0	1	

40.8	0	1	

41.6	0	1	

42.4	0	1	

43.2	0	1	

44	0	1	

44.8	0	1	

45.6	0	1	

46.4	0	1	

47.2	0	1	

48	0	1	

48.8	0	1	

49.6	0	1	

50.4	0	1	

51.2	0	1	

52	0	1	

52.8	0	1	

53.6	0	1	

54.4	0	1	

55.2	0	1	

56	0	1	

56.8	0	1	

57.6	0	1	

58.4	0	1	

59.2	0	1	

60	0	1	

60.8	0	1	

61.6	0	1	

62.4	0	1	

63.2	0	1	

64	0	1	

64.8	0	1	

65.6	0	1	

66.4	0	1	

67.2	0	1	

68	0	1	

68.8	0	1	

69.6	0	1	

70.4	0	1	

71.2	0	1	

72	0	1	

72.8	0	1	

73.6	0	1	

74.4	0	1	

75.2	0	1	

76	0	1	

76.8	0	1	

77.6	0	1	

78.4	0	1	

79.2	0	1	

80	0	1	

