0.25	0	1	

0.3	0	1	

0.35	0	1	

0.4	0	1	

0.5	-24	-1.051852e-06	
0.5	-22	2.83468e-07	
0.5	-20	3.30846e-07	
0.5	-18	-1.238208e-06	
0.5	-16	3.19564e-06	
0.5	-14	0.000339278	
0.5	-12	0.01321352	
0.5	-11	0.0461862	
0.5	-10	0.1074978	
0.5	-9	0.1968188	
0.5	-8	0.309906	
0.5	-7	0.443448	
0.5	-6	0.584084	
0.5	-5	0.712112	
0.5	-4	0.822352	
0.5	-3	0.909228	
0.5	-2	0.965698	
0.5	-1.5	0.982712	
0.5	-1	0.992276	
0.5	-0.5	0.997102	
0.5	0	1	

0.6	-24	-6.63522e-07	
0.6	-22	-6.99612e-07	
0.6	-20	-1.705568e-07	
0.6	-18	1.561998e-06	
0.6	-16	1.166672e-05	
0.6	-14	0.000809914	
0.6	-12	0.01747844	
0.6	-11	0.052722	
0.6	-10	0.1152234	
0.6	-9	0.206244	
0.6	-8	0.320038	
0.6	-7	0.453326	
0.6	-6	0.590464	
0.6	-5	0.717688	
0.6	-4	0.828028	
0.6	-3	0.912906	
0.6	-2	0.96534	
0.6	-1.5	0.981112	
0.6	-1	0.99037	
0.6	-0.5	0.996074	
0.6	0	1	

0.7	-24	8.98456e-08	
0.7	-22	-6.18106e-08	
0.7	-20	1.151306e-06	
0.7	-18	5.83092e-06	
0.7	-16	0.0001105784	
0.7	-14	0.001851692	
0.7	-12	0.0226346	
0.7	-11	0.0600378	
0.7	-10	0.1244796	
0.7	-9	0.214948	
0.7	-8	0.330942	
0.7	-7	0.463868	
0.7	-6	0.598192	
0.7	-5	0.724116	
0.7	-4	0.83105	
0.7	-3	0.913332	
0.7	-2	0.963308	
0.7	-1.5	0.978606	
0.7	-1	0.988778	
0.7	-0.5	0.995168	
0.7	0	1	

0.8	-24	-5.26076e-07	
0.8	-22	-3.13588e-07	
0.8	-20	1.828976e-06	
0.8	-18	1.71011e-05	
0.8	-16	0.000229924	
0.8	-14	0.00291586	
0.8	-12	0.029048	
0.8	-11	0.0685128	
0.8	-10	0.1336734	
0.8	-9	0.22769	
0.8	-8	0.342712	
0.8	-7	0.47373	
0.8	-6	0.603946	
0.8	-5	0.729302	
0.8	-4	0.83338	
0.8	-3	0.911814	
0.8	-2	0.961484	
0.8	-1.5	0.976558	
0.8	-1	0.987042	
0.8	-0.5	0.994304	
0.8	0	1	

0.9	-24	-6.83538e-07	
0.9	-22	6.27104e-07	
0.9	-20	4.33868e-06	
0.9	-18	7.1787e-05	
0.9	-16	0.00061044	
0.9	-14	0.00511042	
0.9	-12	0.0356608	
0.9	-11	0.0775798	
0.9	-10	0.145333	
0.9	-9	0.240024	
0.9	-8	0.352988	
0.9	-7	0.482876	
0.9	-6	0.612976	
0.9	-5	0.734176	
0.9	-4	0.83551	
0.9	-3	0.910798	
0.9	-2	0.958488	
0.9	-1.5	0.974464	
0.9	-1	0.985166	
0.9	-0.5	0.993342	
0.9	0	1	

1	-24	-3.14032e-08	
1	-22	2.24748e-06	
1	-20	3.57428e-05	
1	-18	0.0001629418	
1	-16	0.001006934	
1	-14	0.00726744	
1	-12	0.0429702	
1	-11	0.0879112	
1	-10	0.1560124	
1	-9	0.251482	
1	-8	0.365312	
1	-7	0.492354	
1	-6	0.61992	
1	-5	0.73685	
1	-4	0.835018	
1	-3	0.907904	
1	-2	0.95597	
1	-1.5	0.971468	
1	-1	0.983456	
1	-0.5	0.992356	
1	0	1	

1.2	-24	3.8971e-06	
1.2	-22	1.939328e-05	
1.2	-20	0.0001041208	
1.2	-18	0.000550178	
1.2	-16	0.0027595	
1.2	-14	0.01431396	
1.2	-12	0.0599976	
1.2	-11	0.1097152	
1.2	-10	0.1807196	
1.2	-9	0.27516	
1.2	-8	0.386334	
1.2	-7	0.509674	
1.2	-6	0.63014	
1.2	-5	0.741186	
1.2	-4	0.83354	
1.2	-3	0.902772	
1.2	-2	0.949916	
1.2	-1.5	0.966296	
1.2	-1	0.979354	
1.2	-0.5	0.990226	
1.2	0	1	

1.4	-24	1.781274e-05	
1.4	-22	8.21986e-05	
1.4	-20	0.000369236	
1.4	-18	0.001421286	
1.4	-16	0.00597452	
1.4	-14	0.023568	
1.4	-12	0.079827	
1.4	-11	0.1323558	
1.4	-10	0.206416	
1.4	-9	0.300922	
1.4	-8	0.408304	
1.4	-7	0.525968	
1.4	-6	0.640002	
1.4	-5	0.743672	
1.4	-4	0.830206	
1.4	-3	0.897086	
1.4	-2	0.943816	
1.4	-1.5	0.961548	
1.4	-1	0.975756	
1.4	-0.5	0.988372	
1.4	0	1	

1.6	-24	7.81536e-05	
1.6	-22	0.000254424	
1.6	-20	0.000862386	
1.6	-18	0.00309906	
1.6	-16	0.01068098	
1.6	-14	0.0350192	
1.6	-12	0.100419	
1.6	-11	0.1558026	
1.6	-10	0.232224	
1.6	-9	0.324316	
1.6	-8	0.429254	
1.6	-7	0.539102	
1.6	-6	0.64667	
1.6	-5	0.744818	
1.6	-4	0.826298	
1.6	-3	0.89066	
1.6	-2	0.937932	
1.6	-1.5	0.956266	
1.6	-1	0.97241	
1.6	-0.5	0.98664	
1.6	0	1	

1.8	-24	0.000201362	
1.8	-22	0.000663068	
1.8	-20	0.001956192	
1.8	-18	0.00584728	
1.8	-16	0.01731548	
1.8	-14	0.048527	
1.8	-12	0.1225778	
1.8	-11	0.1799102	
1.8	-10	0.256966	
1.8	-9	0.346878	
1.8	-8	0.446786	
1.8	-7	0.550936	
1.8	-6	0.652666	
1.8	-5	0.743898	
1.8	-4	0.822386	
1.8	-3	0.884436	
1.8	-2	0.931882	
1.8	-1.5	0.951386	
1.8	-1	0.969114	
1.8	-0.5	0.984912	
1.8	0	1	

2	-24	0.000494264	
2	-22	0.00135665	
2	-20	0.00366476	
2	-18	0.00971134	
2	-16	0.026003	
2	-14	0.0641924	
2	-12	0.1437204	
2	-11	0.203994	
2	-10	0.280046	
2	-9	0.367908	
2	-8	0.4636	
2	-7	0.562302	
2	-6	0.65752	
2	-5	0.743186	
2	-4	0.818004	
2	-3	0.8783	
2	-2	0.927392	
2	-1.5	0.947468	
2	-1	0.965964	
2	-0.5	0.983324	
2	0	1	

2.2	-24	0.000999602	
2.2	-22	0.00249506	
2.2	-20	0.00612966	
2.2	-18	0.01506632	
2.2	-16	0.0355932	
2.2	-14	0.080541	
2.2	-12	0.1658382	
2.2	-11	0.227878	
2.2	-10	0.302664	
2.2	-9	0.388906	
2.2	-8	0.479072	
2.2	-7	0.571722	
2.2	-6	0.66172	
2.2	-5	0.743512	
2.2	-4	0.814152	
2.2	-3	0.874076	
2.2	-2	0.922758	
2.2	-1.5	0.943972	
2.2	-1	0.96337	
2.2	-0.5	0.981962	
2.2	0	1	

2.4	-24	0.001815238	
2.4	-22	0.00416936	
2.4	-20	0.0094938	
2.4	-18	0.0212676	
2.4	-16	0.0469766	
2.4	-14	0.0977386	
2.4	-12	0.1878462	
2.4	-11	0.249706	
2.4	-10	0.323258	
2.4	-9	0.405632	
2.4	-8	0.492054	
2.4	-7	0.580364	
2.4	-6	0.665394	
2.4	-5	0.743296	
2.4	-4	0.81125	
2.4	-3	0.869774	
2.4	-2	0.919132	
2.4	-1.5	0.940726	
2.4	-1	0.961436	
2.4	-0.5	0.980936	
2.4	0	1	

2.6	-24	0.0030069	
2.6	-22	0.006399	
2.6	-20	0.01396908	
2.6	-18	0.028679	
2.6	-16	0.0593458	
2.6	-14	0.1152382	
2.6	-12	0.20821	
2.6	-11	0.270896	
2.6	-10	0.343808	
2.6	-9	0.422096	
2.6	-8	0.505066	
2.6	-7	0.588254	
2.6	-6	0.669068	
2.6	-5	0.74281	
2.6	-4	0.809598	
2.6	-3	0.866394	
2.6	-2	0.915598	
2.6	-1.5	0.938236	
2.6	-1	0.959412	
2.6	-0.5	0.97991	
2.6	0	1	

2.8	-24	0.00463432	
2.8	-22	0.00954202	
2.8	-20	0.01908998	
2.8	-18	0.037526	
2.8	-16	0.0725894	
2.8	-14	0.1331578	
2.8	-12	0.228492	
2.8	-11	0.291226	
2.8	-10	0.361862	
2.8	-9	0.437308	
2.8	-8	0.517062	
2.8	-7	0.59609	
2.8	-6	0.672586	
2.8	-5	0.74343	
2.8	-4	0.807116	
2.8	-3	0.863292	
2.8	-2	0.913114	
2.8	-1.5	0.936102	
2.8	-1	0.957828	
2.8	-0.5	0.979176	
2.8	0	1	

3	-24	0.00675986	
3	-22	0.01320464	
3	-20	0.0251422	
3	-18	0.0470712	
3	-16	0.0864992	
3	-14	0.1513166	
3	-12	0.24826	
3	-11	0.310056	
3	-10	0.378244	
3	-9	0.451578	
3	-8	0.527312	
3	-7	0.602272	
3	-6	0.67515	
3	-5	0.743734	
3	-4	0.805484	
3	-3	0.861204	
3	-2	0.910758	
3	-1.5	0.93419	
3	-1	0.956648	
3	-0.5	0.978458	
3	0	1	

3.2	-24	0.00953846	
3.2	-22	0.01750548	
3.2	-20	0.0320916	
3.2	-18	0.0578266	
3.2	-16	0.1007658	
3.2	-14	0.1690118	
3.2	-12	0.26744	
3.2	-11	0.328074	
3.2	-10	0.394496	
3.2	-9	0.464564	
3.2	-8	0.536794	
3.2	-7	0.608442	
3.2	-6	0.678918	
3.2	-5	0.743688	
3.2	-4	0.804418	
3.2	-3	0.859656	
3.2	-2	0.909222	
3.2	-1.5	0.932832	
3.2	-1	0.955694	
3.2	-0.5	0.977954	
3.2	0	1	

3.4	-24	0.01278362	
3.4	-22	0.0225332	
3.4	-20	0.0397002	
3.4	-18	0.0686928	
3.4	-16	0.1151706	
3.4	-14	0.186109	
3.4	-12	0.285512	
3.4	-11	0.344606	
3.4	-10	0.409434	
3.4	-9	0.47705	
3.4	-8	0.545912	
3.4	-7	0.614828	
3.4	-6	0.682424	
3.4	-5	0.745186	
3.4	-4	0.804124	
3.4	-3	0.85801	
3.4	-2	0.907742	
3.4	-1.5	0.931784	
3.4	-1	0.954878	
3.4	-0.5	0.97753	
3.4	0	1	

3.6	-24	0.01667582	
3.6	-22	0.0283134	
3.6	-20	0.0481148	
3.6	-18	0.0802856	
3.6	-16	0.1298668	
3.6	-14	0.20309	
3.6	-12	0.30186	
3.6	-11	0.360318	
3.6	-10	0.423444	
3.6	-9	0.487886	
3.6	-8	0.55433	
3.6	-7	0.621144	
3.6	-6	0.685712	
3.6	-5	0.74657	
3.6	-4	0.803732	
3.6	-3	0.85709	
3.6	-2	0.906832	
3.6	-1.5	0.930874	
3.6	-1	0.954192	
3.6	-0.5	0.977202	
3.6	0	1	

3.8	-24	0.020931	
3.8	-22	0.0348122	
3.8	-20	0.0571072	
3.8	-18	0.0924194	
3.8	-16	0.1449156	
3.8	-14	0.219706	
3.8	-12	0.317932	
3.8	-11	0.374844	
3.8	-10	0.435874	
3.8	-9	0.498192	
3.8	-8	0.562632	
3.8	-7	0.626228	
3.8	-6	0.689822	
3.8	-5	0.74821	
3.8	-4	0.804208	
3.8	-3	0.856636	
3.8	-2	0.906336	
3.8	-1.5	0.930284	
3.8	-1	0.9538	
3.8	-0.5	0.976938	
3.8	0	1	

4	-24	0.0258966	
4	-22	0.0417308	
4	-20	0.0667382	
4	-18	0.1047478	
4	-16	0.159699	
4	-14	0.235726	
4	-12	0.332736	
4	-11	0.38819	
4	-10	0.447862	
4	-9	0.508968	
4	-8	0.570818	
4	-7	0.631882	
4	-6	0.692416	
4	-5	0.749964	
4	-4	0.804746	
4	-3	0.856806	
4	-2	0.905966	
4	-1.5	0.92982	
4	-1	0.953464	
4	-0.5	0.976806	
4	0	1	

4.2	-24	0.0313552	
4.2	-22	0.0492626	
4.2	-20	0.0764756	
4.2	-18	0.1170778	
4.2	-16	0.1746426	
4.2	-14	0.251176	
4.2	-12	0.347974	
4.2	-11	0.402246	
4.2	-10	0.459246	
4.2	-9	0.51855	
4.2	-8	0.578224	
4.2	-7	0.637898	
4.2	-6	0.695696	
4.2	-5	0.751744	
4.2	-4	0.805368	
4.2	-3	0.856884	
4.2	-2	0.905886	
4.2	-1.5	0.929806	
4.2	-1	0.953466	
4.2	-0.5	0.976798	
4.2	0	1	

4.4	-24	0.0370654	
4.4	-22	0.0573854	
4.4	-20	0.087226	
4.4	-18	0.1296828	
4.4	-16	0.188641	
4.4	-14	0.266018	
4.4	-12	0.36147	
4.4	-11	0.41457	
4.4	-10	0.469916	
4.4	-9	0.527614	
4.4	-8	0.585466	
4.4	-7	0.642432	
4.4	-6	0.69945	
4.4	-5	0.754252	
4.4	-4	0.80681	
4.4	-3	0.857218	
4.4	-2	0.905982	
4.4	-1.5	0.929918	
4.4	-1	0.953384	
4.4	-0.5	0.976736	
4.4	0	1	

4.6	-24	0.0435336	
4.6	-22	0.0656792	
4.6	-20	0.0978604	
4.6	-18	0.1422572	
4.6	-16	0.202434	
4.6	-14	0.280374	
4.6	-12	0.374026	
4.6	-11	0.426032	
4.6	-10	0.48044	
4.6	-9	0.535806	
4.6	-8	0.592016	
4.6	-7	0.647512	
4.6	-6	0.702546	
4.6	-5	0.756196	
4.6	-4	0.807678	
4.6	-3	0.857904	
4.6	-2	0.906128	
4.6	-1.5	0.929858	
4.6	-1	0.953344	
4.6	-0.5	0.976744	
4.6	0	1	

4.8	-24	0.0503492	
4.8	-22	0.0742882	
4.8	-20	0.1083506	
4.8	-18	0.154899	
4.8	-16	0.216548	
4.8	-14	0.2937	
4.8	-12	0.386476	
4.8	-11	0.436974	
4.8	-10	0.490144	
4.8	-9	0.544084	
4.8	-8	0.598672	
4.8	-7	0.652572	
4.8	-6	0.70643	
4.8	-5	0.758312	
4.8	-4	0.809154	
4.8	-3	0.858782	
4.8	-2	0.906642	
4.8	-1.5	0.930162	
4.8	-1	0.953548	
4.8	-0.5	0.976786	
4.8	0	1	

5	-24	0.0573916	
5	-22	0.083186	
5	-20	0.1191826	
5	-18	0.16739	
5	-16	0.230086	
5	-14	0.307076	
5	-12	0.398098	
5	-11	0.44791	
5	-10	0.499404	
5	-9	0.55161	
5	-8	0.605344	
5	-7	0.657496	
5	-6	0.70977	
5	-5	0.76132	
5	-4	0.811266	
5	-3	0.859516	
5	-2	0.907098	
5	-1.5	0.930618	
5	-1	0.95383	
5	-0.5	0.97695	
5	0	1	

5.2	-24	0.0649978	
5.2	-22	0.092598	
5.2	-20	0.1300886	
5.2	-18	0.1793834	
5.2	-16	0.242914	
5.2	-14	0.31976	
5.2	-12	0.409062	
5.2	-11	0.457956	
5.2	-10	0.508146	
5.2	-9	0.559612	
5.2	-8	0.611098	
5.2	-7	0.662414	
5.2	-6	0.713524	
5.2	-5	0.763624	
5.2	-4	0.812898	
5.2	-3	0.860726	
5.2	-2	0.907688	
5.2	-1.5	0.930782	
5.2	-1	0.954018	
5.2	-0.5	0.977034	
5.2	0	1	

5.4	-24	0.0727346	
5.4	-22	0.1019628	
5.4	-20	0.141123	
5.4	-18	0.19183	
5.4	-16	0.255288	
5.4	-14	0.332286	
5.4	-12	0.419852	
5.4	-11	0.467406	
5.4	-10	0.516632	
5.4	-9	0.566766	
5.4	-8	0.617062	
5.4	-7	0.667282	
5.4	-6	0.716644	
5.4	-5	0.766072	
5.4	-4	0.814414	
5.4	-3	0.861958	
5.4	-2	0.908378	
5.4	-1.5	0.931414	
5.4	-1	0.954402	
5.4	-0.5	0.977202	
5.4	0	1	

5.6	-24	0.0807692	
5.6	-22	0.1116444	
5.6	-20	0.1520434	
5.6	-18	0.2041	
5.6	-16	0.26758	
5.6	-14	0.343982	
5.6	-12	0.430844	
5.6	-11	0.477518	
5.6	-10	0.524958	
5.6	-9	0.573888	
5.6	-8	0.6225	
5.6	-7	0.671984	
5.6	-6	0.720976	
5.6	-5	0.768886	
5.6	-4	0.816534	
5.6	-3	0.86303	
5.6	-2	0.909246	
5.6	-1.5	0.931978	
5.6	-1	0.9547	
5.6	-0.5	0.977362	
5.6	0	1	

5.8	-24	0.0890366	
5.8	-22	0.121256	
5.8	-20	0.162452	
5.8	-18	0.215856	
5.8	-16	0.279644	
5.8	-14	0.355516	
5.8	-12	0.441074	
5.8	-11	0.486584	
5.8	-10	0.53265	
5.8	-9	0.58069	
5.8	-8	0.628208	
5.8	-7	0.676438	
5.8	-6	0.724444	
5.8	-5	0.771592	
5.8	-4	0.818464	
5.8	-3	0.864494	
5.8	-2	0.910026	
5.8	-1.5	0.932542	
5.8	-1	0.955148	
5.8	-0.5	0.977542	
5.8	0	1	

6	-24	0.0975268	
6	-22	0.1308964	
6	-20	0.1736994	
6	-18	0.226968	
6	-16	0.291286	
6	-14	0.365746	
6	-12	0.449898	
6	-11	0.494596	
6	-10	0.54018	
6	-9	0.5873	
6	-8	0.633764	
6	-7	0.680852	
6	-6	0.72783	
6	-5	0.774438	
6	-4	0.820478	
6	-3	0.86583	
6	-2	0.910926	
6	-1.5	0.93321	
6	-1	0.955526	
6	-0.5	0.977752	
6	0	1	

6.2	-24	0.1058846	
6.2	-22	0.1403552	
6.2	-20	0.1838828	
6.2	-18	0.238078	
6.2	-16	0.301906	
6.2	-14	0.376394	
6.2	-12	0.45953	
6.2	-11	0.503256	
6.2	-10	0.547772	
6.2	-9	0.593374	
6.2	-8	0.63955	
6.2	-7	0.685284	
6.2	-6	0.73164	
6.2	-5	0.777144	
6.2	-4	0.822414	
6.2	-3	0.867518	
6.2	-2	0.911844	
6.2	-1.5	0.933914	
6.2	-1	0.956012	
6.2	-0.5	0.978	
6.2	0	1	

6.4	-24	0.1143812	
6.4	-22	0.1501722	
6.4	-20	0.1943488	
6.4	-18	0.249088	
6.4	-16	0.31287	
6.4	-14	0.386472	
6.4	-12	0.468026	
6.4	-11	0.51116	
6.4	-10	0.554804	
6.4	-9	0.599672	
6.4	-8	0.644574	
6.4	-7	0.689684	
6.4	-6	0.734886	
6.4	-5	0.779948	
6.4	-4	0.824484	
6.4	-3	0.868828	
6.4	-2	0.91288	
6.4	-1.5	0.934728	
6.4	-1	0.956486	
6.4	-0.5	0.978248	
6.4	0	1	

6.6	-24	0.1231466	
6.6	-22	0.1598936	
6.6	-20	0.204942	
6.6	-18	0.259802	
6.6	-16	0.323342	
6.6	-14	0.396772	
6.6	-12	0.47652	
6.6	-11	0.518812	
6.6	-10	0.561786	
6.6	-9	0.605954	
6.6	-8	0.649656	
6.6	-7	0.69367	
6.6	-6	0.73835	
6.6	-5	0.782846	
6.6	-4	0.826704	
6.6	-3	0.870426	
6.6	-2	0.913778	
6.6	-1.5	0.93537	
6.6	-1	0.957002	
6.6	-0.5	0.978496	
6.6	0	1	

6.8	-24	0.1316496	
6.8	-22	0.1692314	
6.8	-20	0.215484	
6.8	-18	0.270326	
6.8	-16	0.333956	
6.8	-14	0.406254	
6.8	-12	0.48513	
6.8	-11	0.526402	
6.8	-10	0.568308	
6.8	-9	0.611408	
6.8	-8	0.654886	
6.8	-7	0.697908	
6.8	-6	0.74159	
6.8	-5	0.785416	
6.8	-4	0.82855	
6.8	-3	0.871828	
6.8	-2	0.914626	
6.8	-1.5	0.936014	
6.8	-1	0.95738	
6.8	-0.5	0.978676	
6.8	0	1	

7	-24	0.1403332	
7	-22	0.1789066	
7	-20	0.2257	
7	-18	0.280542	
7	-16	0.343532	
7	-14	0.415504	
7	-12	0.493148	
7	-11	0.53318	
7	-10	0.574768	
7	-9	0.616764	
7	-8	0.659592	
7	-7	0.70234	
7	-6	0.745098	
7	-5	0.78806	
7	-4	0.830594	
7	-3	0.873312	
7	-2	0.915618	
7	-1.5	0.936654	
7	-1	0.957824	
7	-0.5	0.97892	
7	0	1	

7.2	-24	0.1490374	
7.2	-22	0.1880852	
7.2	-20	0.235406	
7.2	-18	0.290532	
7.2	-16	0.353746	
7.2	-14	0.424842	
7.2	-12	0.500714	
7.2	-11	0.540178	
7.2	-10	0.581118	
7.2	-9	0.622688	
7.2	-8	0.66438	
7.2	-7	0.706528	
7.2	-6	0.748318	
7.2	-5	0.790564	
7.2	-4	0.832834	
7.2	-3	0.874762	
7.2	-2	0.91662	
7.2	-1.5	0.93749	
7.2	-1	0.95837	
7.2	-0.5	0.979176	
7.2	0	1	

7.4	-24	0.1573602	
7.4	-22	0.1977542	
7.4	-20	0.245202	
7.4	-18	0.300068	
7.4	-16	0.363034	
7.4	-14	0.43307	
7.4	-12	0.508118	
7.4	-11	0.547186	
7.4	-10	0.587662	
7.4	-9	0.628016	
7.4	-8	0.668836	
7.4	-7	0.71054	
7.4	-6	0.751806	
7.4	-5	0.793298	
7.4	-4	0.834708	
7.4	-3	0.876368	
7.4	-2	0.91761	
7.4	-1.5	0.938188	
7.4	-1	0.958826	
7.4	-0.5	0.979408	
7.4	0	1	

7.6	-24	0.1660674	
7.6	-22	0.206802	
7.6	-20	0.25459	
7.6	-18	0.309218	
7.6	-16	0.371894	
7.6	-14	0.44107	
7.6	-12	0.515402	
7.6	-11	0.55359	
7.6	-10	0.59345	
7.6	-9	0.633286	
7.6	-8	0.673644	
7.6	-7	0.714292	
7.6	-6	0.755092	
7.6	-5	0.796082	
7.6	-4	0.836918	
7.6	-3	0.877774	
7.6	-2	0.91859	
7.6	-1.5	0.938948	
7.6	-1	0.959322	
7.6	-0.5	0.979654	
7.6	0	1	

7.8	-24	0.175047	
7.8	-22	0.215564	
7.8	-20	0.263708	
7.8	-18	0.318486	
7.8	-16	0.38087	
7.8	-14	0.449582	
7.8	-12	0.522262	
7.8	-11	0.560346	
7.8	-10	0.59906	
7.8	-9	0.638352	
7.8	-8	0.678216	
7.8	-7	0.718314	
7.8	-6	0.758342	
7.8	-5	0.798578	
7.8	-4	0.839054	
7.8	-3	0.87936	
7.8	-2	0.919568	
7.8	-1.5	0.939658	
7.8	-1	0.95979	
7.8	-0.5	0.97989	
7.8	0	1	

8	-24	0.1832934	
8	-22	0.224492	
8	-20	0.273012	
8	-18	0.327518	
8	-16	0.389484	
8	-14	0.457128	
8	-12	0.529286	
8	-11	0.566638	
8	-10	0.604704	
8	-9	0.6433	
8	-8	0.682368	
8	-7	0.721844	
8	-6	0.76163	
8	-5	0.801264	
8	-4	0.840944	
8	-3	0.880816	
8	-2	0.920592	
8	-1.5	0.940448	
8	-1	0.960294	
8	-0.5	0.980148	
8	0	1	

8.2	-24	0.191551	
8.2	-22	0.233662	
8.2	-20	0.281928	
8.2	-18	0.336684	
8.2	-16	0.39792	
8.2	-14	0.464922	
8.2	-12	0.535956	
8.2	-11	0.57277	
8.2	-10	0.610258	
8.2	-9	0.648406	
8.2	-8	0.686738	
8.2	-7	0.725474	
8.2	-6	0.76459	
8.2	-5	0.803926	
8.2	-4	0.84308	
8.2	-3	0.882186	
8.2	-2	0.921558	
8.2	-1.5	0.941144	
8.2	-1	0.960768	
8.2	-0.5	0.980388	
8.2	0	1	

8.4	-24	0.199971	
8.4	-22	0.242294	
8.4	-20	0.29076	
8.4	-18	0.345528	
8.4	-16	0.406	
8.4	-14	0.472046	
8.4	-12	0.542164	
8.4	-11	0.578538	
8.4	-10	0.615692	
8.4	-9	0.653366	
8.4	-8	0.691118	
8.4	-7	0.728926	
8.4	-6	0.767714	
8.4	-5	0.80644	
8.4	-4	0.845072	
8.4	-3	0.883756	
8.4	-2	0.922466	
8.4	-1.5	0.94186	
8.4	-1	0.96127	
8.4	-0.5	0.98063	
8.4	0	1	

8.6	-24	0.208586	
8.6	-22	0.251058	
8.6	-20	0.299314	
8.6	-18	0.353592	
8.6	-16	0.413836	
8.6	-14	0.479476	
8.6	-12	0.548568	
8.6	-11	0.584202	
8.6	-10	0.62077	
8.6	-9	0.65784	
8.6	-8	0.695128	
8.6	-7	0.732566	
8.6	-6	0.770682	
8.6	-5	0.80867	
8.6	-4	0.8471	
8.6	-3	0.885214	
8.6	-2	0.923428	
8.6	-1.5	0.942584	
8.6	-1	0.961738	
8.6	-0.5	0.980874	
8.6	0	1	

8.8	-24	0.216786	
8.8	-22	0.259324	
8.8	-20	0.308044	
8.8	-18	0.362058	
8.8	-16	0.421814	
8.8	-14	0.486432	
8.8	-12	0.55456	
8.8	-11	0.589754	
8.8	-10	0.625842	
8.8	-9	0.662362	
8.8	-8	0.699126	
8.8	-7	0.736248	
8.8	-6	0.77355	
8.8	-5	0.81119	
8.8	-4	0.848832	
8.8	-3	0.886668	
8.8	-2	0.924398	
8.8	-1.5	0.94332	
8.8	-1	0.962184	
8.8	-0.5	0.981104	
8.8	0	1	

9	-24	0.224868	
9	-22	0.267672	
9	-20	0.316166	
9	-18	0.37041	
9	-16	0.429138	
9	-14	0.493212	
9	-12	0.560968	
9	-11	0.595328	
9	-10	0.630706	
9	-9	0.666796	
9	-8	0.703184	
9	-7	0.739684	
9	-6	0.776496	
9	-5	0.81361	
9	-4	0.850738	
9	-3	0.888034	
9	-2	0.925356	
9	-1.5	0.944024	
9	-1	0.96267	
9	-0.5	0.98133	
9	0	1	

9.2	-24	0.232846	
9.2	-22	0.275994	
9.2	-20	0.324304	
9.2	-18	0.378008	
9.2	-16	0.436824	
9.2	-14	0.499812	
9.2	-12	0.56651	
9.2	-11	0.600536	
9.2	-10	0.635612	
9.2	-9	0.671046	
9.2	-8	0.707064	
9.2	-7	0.742918	
9.2	-6	0.779514	
9.2	-5	0.815766	
9.2	-4	0.852594	
9.2	-3	0.889472	
9.2	-2	0.926216	
9.2	-1.5	0.944656	
9.2	-1	0.963106	
9.2	-0.5	0.981552	
9.2	0	1	

9.4	-24	0.240816	
9.4	-22	0.283912	
9.4	-20	0.332012	
9.4	-18	0.38565	
9.4	-16	0.44383	
9.4	-14	0.50618	
9.4	-12	0.572246	
9.4	-11	0.605828	
9.4	-10	0.640308	
9.4	-9	0.67512	
9.4	-8	0.710916	
9.4	-7	0.746268	
9.4	-6	0.782198	
9.4	-5	0.818276	
9.4	-4	0.854428	
9.4	-3	0.890796	
9.4	-2	0.927146	
9.4	-1.5	0.94539	
9.4	-1	0.963596	
9.4	-0.5	0.981792	
9.4	0	1	

9.6	-24	0.248558	
9.6	-22	0.291716	
9.6	-20	0.340006	
9.6	-18	0.393148	
9.6	-16	0.451048	
9.6	-14	0.512508	
9.6	-12	0.577696	
9.6	-11	0.61121	
9.6	-10	0.64498	
9.6	-9	0.679366	
9.6	-8	0.714182	
9.6	-7	0.749476	
9.6	-6	0.784894	
9.6	-5	0.820456	
9.6	-4	0.856186	
9.6	-3	0.892074	
9.6	-2	0.928044	
9.6	-1.5	0.946046	
9.6	-1	0.964006	
9.6	-0.5	0.982002	
9.6	0	1	

9.8	-24	0.256016	
9.8	-22	0.299494	
9.8	-20	0.347622	
9.8	-18	0.400258	
9.8	-16	0.458032	
9.8	-14	0.518602	
9.8	-12	0.58284	
9.8	-11	0.616116	
9.8	-10	0.649626	
9.8	-9	0.683526	
9.8	-8	0.717886	
9.8	-7	0.752728	
9.8	-6	0.78753	
9.8	-5	0.822794	
9.8	-4	0.857976	
9.8	-3	0.893366	
9.8	-2	0.928906	
9.8	-1.5	0.94664	
9.8	-1	0.964432	
9.8	-0.5	0.982216	
9.8	0	1	

10	-24	0.263402	
10	-22	0.306984	
10	-20	0.355244	
10	-18	0.407368	
10	-16	0.464822	
10	-14	0.524624	
10	-12	0.588102	
10	-11	0.62066	
10	-10	0.653798	
10	-9	0.687554	
10	-8	0.721218	
10	-7	0.755608	
10	-6	0.790272	
10	-5	0.824912	
10	-4	0.859844	
10	-3	0.894746	
10	-2	0.92977	
10	-1.5	0.947284	
10	-1	0.964844	
10	-0.5	0.982418	
10	0	1	

10.2	-24	0.270706	
10.2	-22	0.31444	
10.2	-20	0.362218	
10.2	-18	0.414368	
10.2	-16	0.471144	
10.2	-14	0.530662	
10.2	-12	0.593172	
10.2	-11	0.6257	
10.2	-10	0.657914	
10.2	-9	0.691152	
10.2	-8	0.7248	
10.2	-7	0.758552	
10.2	-6	0.792882	
10.2	-5	0.826984	
10.2	-4	0.861348	
10.2	-3	0.895972	
10.2	-2	0.930624	
10.2	-1.5	0.947972	
10.2	-1	0.965304	
10.2	-0.5	0.982646	
10.2	0	1	

10.4	-24	0.278332	
10.4	-22	0.321848	
10.4	-20	0.369384	
10.4	-18	0.421118	
10.4	-16	0.477408	
10.4	-14	0.536468	
10.4	-12	0.59812	
10.4	-11	0.630346	
10.4	-10	0.66256	
10.4	-9	0.695076	
10.4	-8	0.728182	
10.4	-7	0.761368	
10.4	-6	0.795144	
10.4	-5	0.829126	
10.4	-4	0.863118	
10.4	-3	0.89721	
10.4	-2	0.931416	
10.4	-1.5	0.948564	
10.4	-1	0.965702	
10.4	-0.5	0.98285	
10.4	0	1	

10.6	-24	0.285618	
10.6	-22	0.3291	
10.6	-20	0.376254	
10.6	-18	0.427924	
10.6	-16	0.483572	
10.6	-14	0.542226	
10.6	-12	0.603094	
10.6	-11	0.63481	
10.6	-10	0.666332	
10.6	-9	0.698596	
10.6	-8	0.73141	
10.6	-7	0.764296	
10.6	-6	0.797552	
10.6	-5	0.831106	
10.6	-4	0.864722	
10.6	-3	0.898446	
10.6	-2	0.932238	
10.6	-1.5	0.94917	
10.6	-1	0.966106	
10.6	-0.5	0.983048	
10.6	0	1	

10.8	-24	0.292788	
10.8	-22	0.336062	
10.8	-20	0.383302	
10.8	-18	0.434436	
10.8	-16	0.48948	
10.8	-14	0.547372	
10.8	-12	0.607878	
10.8	-11	0.638904	
10.8	-10	0.670496	
10.8	-9	0.70218	
10.8	-8	0.734524	
10.8	-7	0.767286	
10.8	-6	0.799958	
10.8	-5	0.833044	
10.8	-4	0.866364	
10.8	-3	0.899632	
10.8	-2	0.933062	
10.8	-1.5	0.949788	
10.8	-1	0.966506	
10.8	-0.5	0.983258	
10.8	0	1	

11	-24	0.29974	
11	-22	0.34294	
11	-20	0.389916	
11	-18	0.440746	
11	-16	0.495326	
11	-14	0.552766	
11	-12	0.612558	
11	-11	0.643132	
11	-10	0.674434	
11	-9	0.705826	
11	-8	0.73764	
11	-7	0.769956	
11	-6	0.802334	
11	-5	0.835018	
11	-4	0.867846	
11	-3	0.900796	
11	-2	0.933842	
11	-1.5	0.95039	
11	-1	0.966908	
11	-0.5	0.983454	
11	0	1	

11.2	-24	0.306476	
11.2	-22	0.349866	
11.2	-20	0.396566	
11.2	-18	0.447156	
11.2	-16	0.5013	
11.2	-14	0.557726	
11.2	-12	0.61675	
11.2	-11	0.647446	
11.2	-10	0.678354	
11.2	-9	0.709164	
11.2	-8	0.740796	
11.2	-7	0.772556	
11.2	-6	0.8048	
11.2	-5	0.836952	
11.2	-4	0.86937	
11.2	-3	0.901994	
11.2	-2	0.934602	
11.2	-1.5	0.950944	
11.2	-1	0.967286	
11.2	-0.5	0.983642	
11.2	0	1	

11.4	-24	0.313194	
11.4	-22	0.35647	
11.4	-20	0.402956	
11.4	-18	0.453116	
11.4	-16	0.506842	
11.4	-14	0.562838	
11.4	-12	0.62135	
11.4	-11	0.651448	
11.4	-10	0.681966	
11.4	-9	0.712818	
11.4	-8	0.744084	
11.4	-7	0.77518	
11.4	-6	0.806994	
11.4	-5	0.838866	
11.4	-4	0.87091	
11.4	-3	0.903074	
11.4	-2	0.935338	
11.4	-1.5	0.951508	
11.4	-1	0.967658	
11.4	-0.5	0.983834	
11.4	0	1	

11.6	-24	0.320034	
11.6	-22	0.362998	
11.6	-20	0.409456	
11.6	-18	0.45913	
11.6	-16	0.512116	
11.6	-14	0.567874	
11.6	-12	0.625768	
11.6	-11	0.65545	
11.6	-10	0.685526	
11.6	-9	0.716048	
11.6	-8	0.746784	
11.6	-7	0.777972	
11.6	-6	0.809246	
11.6	-5	0.840692	
11.6	-4	0.872454	
11.6	-3	0.9042	
11.6	-2	0.93611	
11.6	-1.5	0.952054	
11.6	-1	0.96804	
11.6	-0.5	0.984014	
11.6	0	1	

11.8	-24	0.326558	
11.8	-22	0.369228	
11.8	-20	0.415626	
11.8	-18	0.464944	
11.8	-16	0.517696	
11.8	-14	0.572914	
11.8	-12	0.63008	
11.8	-11	0.659342	
11.8	-10	0.689204	
11.8	-9	0.719304	
11.8	-8	0.749718	
11.8	-7	0.780462	
11.8	-6	0.811354	
11.8	-5	0.842532	
11.8	-4	0.873784	
11.8	-3	0.905314	
11.8	-2	0.936822	
11.8	-1.5	0.952586	
11.8	-1	0.9684	
11.8	-0.5	0.984186	
11.8	0	1	

12	-24	0.332882	
12	-22	0.375724	
12	-20	0.421622	
12	-18	0.470666	
12	-16	0.5228	
12	-14	0.577424	
12	-12	0.634184	
12	-11	0.66317	
12	-10	0.692836	
12	-9	0.722508	
12	-8	0.752644	
12	-7	0.782956	
12	-6	0.81356	
12	-5	0.844308	
12	-4	0.875266	
12	-3	0.906294	
12	-2	0.93749	
12	-1.5	0.953094	
12	-1	0.968732	
12	-0.5	0.984368	
12	0	1	

12.4	-24	0.345466	
12.4	-22	0.388192	
12.4	-20	0.433184	
12.4	-18	0.481818	
12.4	-16	0.533102	
12.4	-14	0.58668	
12.4	-12	0.642342	
12.4	-11	0.670608	
12.4	-10	0.69949	
12.4	-9	0.728752	
12.4	-8	0.75818	
12.4	-7	0.78779	
12.4	-6	0.817762	
12.4	-5	0.847804	
12.4	-4	0.878094	
12.4	-3	0.908438	
12.4	-2	0.938934	
12.4	-1.5	0.954194	
12.4	-1	0.969462	
12.4	-0.5	0.984728	
12.4	0	1	

12.8	-24	0.357698	
12.8	-22	0.39978	
12.8	-20	0.444756	
12.8	-18	0.492556	
12.8	-16	0.542962	
12.8	-14	0.595574	
12.8	-12	0.650144	
12.8	-11	0.678008	
12.8	-10	0.706044	
12.8	-9	0.734648	
12.8	-8	0.763396	
12.8	-7	0.792492	
12.8	-6	0.821702	
12.8	-5	0.851144	
12.8	-4	0.88075	
12.8	-3	0.910454	
12.8	-2	0.940268	
12.8	-1.5	0.9552	
12.8	-1	0.970122	
12.8	-0.5	0.985064	
12.8	0	1	

13.2	-24	0.369416	
13.2	-22	0.411334	
13.2	-20	0.455962	
13.2	-18	0.502868	
13.2	-16	0.552502	
13.2	-14	0.604268	
13.2	-12	0.65773	
13.2	-11	0.684982	
13.2	-10	0.71246	
13.2	-9	0.7402	
13.2	-8	0.768512	
13.2	-7	0.797002	
13.2	-6	0.825526	
13.2	-5	0.854288	
13.2	-4	0.883292	
13.2	-3	0.912392	
13.2	-2	0.94154	
13.2	-1.5	0.95616	
13.2	-1	0.97077	
13.2	-0.5	0.98538	
13.2	0	1	

13.6	-24	0.38109	
13.6	-22	0.422458	
13.6	-20	0.466258	
13.6	-18	0.51262	
13.6	-16	0.561596	
13.6	-14	0.61238	
13.6	-12	0.664744	
13.6	-11	0.691574	
13.6	-10	0.71843	
13.6	-9	0.745718	
13.6	-8	0.773368	
13.6	-7	0.801214	
13.6	-6	0.829278	
13.6	-5	0.857494	
13.6	-4	0.885798	
13.6	-3	0.914256	
13.6	-2	0.942776	
13.6	-1.5	0.957078	
13.6	-1	0.971378	
13.6	-0.5	0.985686	
13.6	0	1	

14	-24	0.39225	
14	-22	0.433022	
14	-20	0.476664	
14	-18	0.52226	
14	-16	0.57031	
14	-14	0.620234	
14	-12	0.671378	
14	-11	0.697844	
14	-10	0.72426	
14	-9	0.751216	
14	-8	0.778124	
14	-7	0.80541	
14	-6	0.832812	
14	-5	0.860438	
14	-4	0.888204	
14	-3	0.916062	
14	-2	0.94401	
14	-1.5	0.958	
14	-1	0.971994	
14	-0.5	0.985994	
14	0	1	

14.4	-24	0.40281	
14.4	-22	0.4433	
14.4	-20	0.48647	
14.4	-18	0.531606	
14.4	-16	0.578712	
14.4	-14	0.62775	
14.4	-12	0.67816	
14.4	-11	0.703936	
14.4	-10	0.729926	
14.4	-9	0.7561	
14.4	-8	0.782808	
14.4	-7	0.809274	
14.4	-6	0.836296	
14.4	-5	0.863292	
14.4	-4	0.890498	
14.4	-3	0.91777	
14.4	-2	0.945112	
14.4	-1.5	0.95884	
14.4	-1	0.972554	
14.4	-0.5	0.986274	
14.4	0	1	

14.8	-24	0.413246	
14.8	-22	0.453434	
14.8	-20	0.495858	
14.8	-18	0.54056	
14.8	-16	0.586596	
14.8	-14	0.63489	
14.8	-12	0.684584	
14.8	-11	0.709602	
14.8	-10	0.735412	
14.8	-9	0.760976	
14.8	-8	0.786916	
14.8	-7	0.813146	
14.8	-6	0.839586	
14.8	-5	0.866012	
14.8	-4	0.892716	
14.8	-3	0.91946	
14.8	-2	0.946264	
14.8	-1.5	0.959698	
14.8	-1	0.973108	
14.8	-0.5	0.986558	
14.8	0	1	

15.2	-24	0.423232	
15.2	-22	0.4633	
15.2	-20	0.505248	
15.2	-18	0.549112	
15.2	-16	0.594606	
15.2	-14	0.641884	
15.2	-12	0.690646	
15.2	-11	0.71556	
15.2	-10	0.740432	
15.2	-9	0.765752	
15.2	-8	0.791166	
15.2	-7	0.81688	
15.2	-6	0.842726	
15.2	-5	0.868796	
15.2	-4	0.89488	
15.2	-3	0.921092	
15.2	-2	0.947364	
15.2	-1.5	0.960516	
15.2	-1	0.973652	
15.2	-0.5	0.986832	
15.2	0	1	

15.6	-24	0.43324	
15.6	-22	0.47263	
15.6	-20	0.51411	
15.6	-18	0.557258	
15.6	-16	0.602014	
15.6	-14	0.648646	
15.6	-12	0.69644	
15.6	-11	0.720892	
15.6	-10	0.745458	
15.6	-9	0.770204	
15.6	-8	0.79528	
15.6	-7	0.82048	
15.6	-6	0.845818	
15.6	-5	0.871238	
15.6	-4	0.896864	
15.6	-3	0.922594	
15.6	-2	0.948338	
15.6	-1.5	0.961268	
15.6	-1	0.974174	
15.6	-0.5	0.987086	
15.6	0	1	

16	-24	0.442644	
16	-22	0.481712	
16	-20	0.522712	
16	-18	0.565346	
16	-16	0.6095	
16	-14	0.654978	
16	-12	0.702056	
16	-11	0.725968	
16	-10	0.750238	
16	-9	0.774608	
16	-8	0.799064	
16	-7	0.82389	
16	-6	0.848734	
16	-5	0.873736	
16	-4	0.898814	
16	-3	0.924054	
16	-2	0.949318	
16	-1.5	0.961994	
16	-1	0.974652	
16	-0.5	0.987326	
16	0	1	

16.8	-24	0.460786	
16.8	-22	0.499176	
16.8	-20	0.539026	
16.8	-18	0.580424	
16.8	-16	0.62337	
16.8	-14	0.667494	
16.8	-12	0.712798	
16.8	-11	0.735966	
16.8	-10	0.759208	
16.8	-9	0.782796	
16.8	-8	0.806474	
16.8	-7	0.830406	
16.8	-6	0.854348	
16.8	-5	0.87842	
16.8	-4	0.902602	
16.8	-3	0.92689	
16.8	-2	0.951218	
16.8	-1.5	0.963408	
16.8	-1	0.975602	
16.8	-0.5	0.9878	
16.8	0	1	

17.6	-24	0.478192	
17.6	-22	0.515556	
17.6	-20	0.554266	
17.6	-18	0.594642	
17.6	-16	0.636246	
17.6	-14	0.679188	
17.6	-12	0.722828	
17.6	-11	0.745232	
17.6	-10	0.767824	
17.6	-9	0.790494	
17.6	-8	0.813362	
17.6	-7	0.836334	
17.6	-6	0.85948	
17.6	-5	0.882718	
17.6	-4	0.906084	
17.6	-3	0.929498	
17.6	-2	0.952974	
17.6	-1.5	0.964734	
17.6	-1	0.976484	
17.6	-0.5	0.988242	
17.6	0	1	

18.4	-24	0.49411	
18.4	-22	0.530684	
18.4	-20	0.568696	
18.4	-18	0.60808	
18.4	-16	0.648274	
18.4	-14	0.689918	
18.4	-12	0.732404	
18.4	-11	0.753828	
18.4	-10	0.775624	
18.4	-9	0.797588	
18.4	-8	0.819714	
18.4	-7	0.841958	
18.4	-6	0.864338	
18.4	-5	0.886838	
18.4	-4	0.909348	
18.4	-3	0.931968	
18.4	-2	0.9546	
18.4	-1.5	0.96595	
18.4	-1	0.977294	
18.4	-0.5	0.988646	
18.4	0	1	

19.2	-24	0.509038	
19.2	-22	0.544846	
19.2	-20	0.582248	
19.2	-18	0.620376	
19.2	-16	0.6597	
19.2	-14	0.700154	
19.2	-12	0.741292	
19.2	-11	0.762202	
19.2	-10	0.783234	
19.2	-9	0.804444	
19.2	-8	0.825758	
19.2	-7	0.84731	
19.2	-6	0.868814	
19.2	-5	0.890606	
19.2	-4	0.912374	
19.2	-3	0.934232	
19.2	-2	0.956134	
19.2	-1.5	0.967092	
19.2	-1	0.978062	
19.2	-0.5	0.98903	
19.2	0	1	

20	-24	0.523478	
20	-22	0.55876	
20	-20	0.594902	
20	-18	0.632136	
20	-16	0.67041	
20	-14	0.709604	
20	-12	0.749506	
20	-11	0.76982	
20	-10	0.79028	
20	-9	0.810802	
20	-8	0.831548	
20	-7	0.852312	
20	-6	0.873216	
20	-5	0.894222	
20	-4	0.91526	
20	-3	0.9364	
20	-2	0.95758	
20	-1.5	0.968164	
20	-1	0.978778	
20	-0.5	0.989384	
20	0	1	

20.8	-24	0.537196	
20.8	-22	0.571528	
20.8	-20	0.606822	
20.8	-18	0.643182	
20.8	-16	0.68044	
20.8	-14	0.718578	
20.8	-12	0.757376	
20.8	-11	0.777016	
20.8	-10	0.796796	
20.8	-9	0.816734	
20.8	-8	0.836824	
20.8	-7	0.856938	
20.8	-6	0.877234	
20.8	-5	0.897568	
20.8	-4	0.917984	
20.8	-3	0.938422	
20.8	-2	0.95894	
20.8	-1.5	0.969204	
20.8	-1	0.979464	
20.8	-0.5	0.989734	
20.8	0	1	

21.6	-24	0.55008	
21.6	-22	0.583668	
21.6	-20	0.618196	
21.6	-18	0.653698	
21.6	-16	0.689946	
21.6	-14	0.726952	
21.6	-12	0.764734	
21.6	-11	0.783906	
21.6	-10	0.80302	
21.6	-9	0.82239	
21.6	-8	0.841764	
21.6	-7	0.861374	
21.6	-6	0.880954	
21.6	-5	0.900696	
21.6	-4	0.920504	
21.6	-3	0.940332	
21.6	-2	0.960204	
21.6	-1.5	0.970152	
21.6	-1	0.980098	
21.6	-0.5	0.99005	
21.6	0	1	

22.4	-24	0.562482	
22.4	-22	0.595204	
22.4	-20	0.628888	
22.4	-18	0.663452	
22.4	-16	0.698832	
22.4	-14	0.735006	
22.4	-12	0.771596	
22.4	-11	0.790214	
22.4	-10	0.809016	
22.4	-9	0.82773	
22.4	-8	0.846664	
22.4	-7	0.865592	
22.4	-6	0.884632	
22.4	-5	0.903742	
22.4	-4	0.922924	
22.4	-3	0.942148	
22.4	-2	0.961412	
22.4	-1.5	0.971056	
22.4	-1	0.980702	
22.4	-0.5	0.99035	
22.4	0	1	

23.2	-24	0.574016	
23.2	-22	0.60623	
23.2	-20	0.639086	
23.2	-18	0.672908	
23.2	-16	0.707332	
23.2	-14	0.742438	
23.2	-12	0.778194	
23.2	-11	0.796268	
23.2	-10	0.814392	
23.2	-9	0.83264	
23.2	-8	0.850976	
23.2	-7	0.869434	
23.2	-6	0.888006	
23.2	-5	0.906588	
23.2	-4	0.925208	
23.2	-3	0.943862	
23.2	-2	0.962558	
23.2	-1.5	0.97191	
23.2	-1	0.981274	
23.2	-0.5	0.990636	
23.2	0	1	

24	-24	0.585052	
24	-22	0.616604	
24	-20	0.648814	
24	-18	0.681718	
24	-16	0.715374	
24	-14	0.749604	
24	-12	0.784362	
24	-11	0.801968	
24	-10	0.819592	
24	-9	0.837358	
24	-8	0.855214	
24	-7	0.873116	
24	-6	0.891104	
24	-5	0.909174	
24	-4	0.927266	
24	-3	0.945434	
24	-2	0.963602	
24	-1.5	0.972696	
24	-1	0.981798	
24	-0.5	0.990896	
24	0	1	

24.8	-24	0.595576	
24.8	-22	0.626506	
24.8	-20	0.657996	
24.8	-18	0.690226	
24.8	-16	0.722968	
24.8	-14	0.756406	
24.8	-12	0.790216	
24.8	-11	0.807332	
24.8	-10	0.824532	
24.8	-9	0.841808	
24.8	-8	0.859192	
24.8	-7	0.876636	
24.8	-6	0.894164	
24.8	-5	0.911714	
24.8	-4	0.929312	
24.8	-3	0.946942	
24.8	-2	0.964614	
24.8	-1.5	0.973458	
24.8	-1	0.982304	
24.8	-0.5	0.991154	
24.8	0	1	

25.6	-24	0.605796	
25.6	-22	0.635894	
25.6	-20	0.66669	
25.6	-18	0.698196	
25.6	-16	0.730194	
25.6	-14	0.762758	
25.6	-12	0.79578	
25.6	-11	0.81245	
25.6	-10	0.829222	
25.6	-9	0.846034	
25.6	-8	0.86293	
25.6	-7	0.879922	
25.6	-6	0.896982	
25.6	-5	0.914064	
25.6	-4	0.931202	
25.6	-3	0.948372	
25.6	-2	0.96557	
25.6	-1.5	0.97417	
25.6	-1	0.982778	
25.6	-0.5	0.991388	
25.6	0	1	

26.4	-24	0.6152	
26.4	-22	0.64485	
26.4	-20	0.674958	
26.4	-18	0.705802	
26.4	-16	0.737072	
26.4	-14	0.768874	
26.4	-12	0.801088	
26.4	-11	0.817322	
26.4	-10	0.83363	
26.4	-9	0.850018	
26.4	-8	0.866514	
26.4	-7	0.88307	
26.4	-6	0.899672	
26.4	-5	0.916326	
26.4	-4	0.933006	
26.4	-3	0.949724	
26.4	-2	0.966474	
26.4	-1.5	0.974852	
26.4	-1	0.983234	
26.4	-0.5	0.991616	
26.4	0	1	

27.2	-24	0.624292	
27.2	-22	0.653344	
27.2	-20	0.682912	
27.2	-18	0.71295	
27.2	-16	0.743586	
27.2	-14	0.774616	
27.2	-12	0.806104	
27.2	-11	0.821968	
27.2	-10	0.8379	
27.2	-9	0.853884	
27.2	-8	0.869952	
27.2	-7	0.886092	
27.2	-6	0.90227	
27.2	-5	0.918482	
27.2	-4	0.93473	
27.2	-3	0.951018	
27.2	-2	0.96733	
27.2	-1.5	0.9755	
27.2	-1	0.983662	
27.2	-0.5	0.991832	
27.2	0	1	

28	-24	0.632996	
28	-22	0.661438	
28	-20	0.690332	
28	-18	0.719924	
28	-16	0.74984	
28	-14	0.780174	
28	-12	0.81091	
28	-11	0.826376	
28	-10	0.841912	
28	-9	0.85753	
28	-8	0.87319	
28	-7	0.888932	
28	-6	0.904718	
28	-5	0.920516	
28	-4	0.936364	
28	-3	0.952254	
28	-2	0.968162	
28	-1.5	0.97612	
28	-1	0.984078	
28	-0.5	0.992038	
28	0	1	

28.8	-24	0.641364	
28.8	-22	0.669186	
28.8	-20	0.69764	
28.8	-18	0.726472	
28.8	-16	0.75575	
28.8	-14	0.785446	
28.8	-12	0.815434	
28.8	-11	0.83055	
28.8	-10	0.845712	
28.8	-9	0.860976	
28.8	-8	0.876324	
28.8	-7	0.891648	
28.8	-6	0.907038	
28.8	-5	0.922472	
28.8	-4	0.937942	
28.8	-3	0.953426	
28.8	-2	0.968946	
28.8	-1.5	0.976704	
28.8	-1	0.98447	
28.8	-0.5	0.992234	
28.8	0	1	

29.6	-24	0.649516	
29.6	-22	0.676708	
29.6	-20	0.704462	
29.6	-18	0.732738	
29.6	-16	0.761378	
29.6	-14	0.790414	
29.6	-12	0.819774	
29.6	-11	0.834552	
29.6	-10	0.849396	
29.6	-9	0.86428	
29.6	-8	0.879206	
29.6	-7	0.89422	
29.6	-6	0.90925	
29.6	-5	0.924324	
29.6	-4	0.939422	
29.6	-3	0.954538	
29.6	-2	0.969682	
29.6	-1.5	0.977262	
29.6	-1	0.984838	
29.6	-0.5	0.99242	
29.6	0	1	

30.4	-24	0.657122	
30.4	-22	0.683942	
30.4	-20	0.711154	
30.4	-18	0.738736	
30.4	-16	0.76681	
30.4	-14	0.795212	
30.4	-12	0.823884	
30.4	-11	0.83832	
30.4	-10	0.852838	
30.4	-9	0.867386	
30.4	-8	0.882022	
30.4	-7	0.896672	
30.4	-6	0.911378	
30.4	-5	0.926092	
30.4	-4	0.940838	
30.4	-3	0.955614	
30.4	-2	0.970402	
30.4	-1.5	0.977796	
30.4	-1	0.985194	
30.4	-0.5	0.992598	
30.4	0	1	

31.2	-24	0.664554	
31.2	-22	0.690832	
31.2	-20	0.717504	
31.2	-18	0.744542	
31.2	-16	0.771976	
31.2	-14	0.799754	
31.2	-12	0.82786	
31.2	-11	0.841976	
31.2	-10	0.85615	
31.2	-9	0.870394	
31.2	-8	0.884666	
31.2	-7	0.898994	
31.2	-6	0.913342	
31.2	-5	0.927742	
31.2	-4	0.942166	
31.2	-3	0.956606	
31.2	-2	0.97106	
31.2	-1.5	0.978294	
31.2	-1	0.985528	
31.2	-0.5	0.992764	
31.2	0	1	

32	-24	0.671612	
32	-22	0.697376	
32	-20	0.723558	
32	-18	0.750112	
32	-16	0.776972	
32	-14	0.804194	
32	-12	0.83161	
32	-11	0.845468	
32	-10	0.859314	
32	-9	0.87325	
32	-8	0.887228	
32	-7	0.901254	
32	-6	0.915294	
32	-5	0.929372	
32	-4	0.943462	
32	-3	0.95758	
32	-2	0.97171	
32	-1.5	0.978782	
32	-1	0.985852	
32	-0.5	0.992926	
32	0	1	

32.8	-24	0.678358	
32.8	-22	0.703684	
32.8	-20	0.729378	
32.8	-18	0.755378	
32.8	-16	0.781748	
32.8	-14	0.808324	
32.8	-12	0.835258	
32.8	-11	0.848802	
32.8	-10	0.862398	
32.8	-9	0.876024	
32.8	-8	0.88968	
32.8	-7	0.903388	
32.8	-6	0.91712	
32.8	-5	0.930894	
32.8	-4	0.944692	
32.8	-3	0.958506	
32.8	-2	0.972328	
32.8	-1.5	0.979246	
32.8	-1	0.986162	
32.8	-0.5	0.993082	
32.8	0	1	

33.6	-24	0.684884	
33.6	-22	0.709756	
33.6	-20	0.734924	
33.6	-18	0.76043	
33.6	-16	0.786322	
33.6	-14	0.812426	
33.6	-12	0.83876	
33.6	-11	0.852006	
33.6	-10	0.865308	
33.6	-9	0.87862	
33.6	-8	0.892018	
33.6	-7	0.905442	
33.6	-6	0.918884	
33.6	-5	0.93236	
33.6	-4	0.945866	
33.6	-3	0.959388	
33.6	-2	0.97292	
33.6	-1.5	0.97969	
33.6	-1	0.98646	
33.6	-0.5	0.99323	
33.6	0	1	

34.4	-24	0.691176	
34.4	-22	0.715538	
34.4	-20	0.740314	
34.4	-18	0.765374	
34.4	-16	0.790708	
34.4	-14	0.816314	
34.4	-12	0.84214	
34.4	-11	0.855102	
34.4	-10	0.86813	
34.4	-9	0.881202	
34.4	-8	0.894324	
34.4	-7	0.907452	
34.4	-6	0.920618	
34.4	-5	0.933804	
34.4	-4	0.947018	
34.4	-3	0.96025	
34.4	-2	0.973492	
34.4	-1.5	0.980118	
34.4	-1	0.986744	
34.4	-0.5	0.993372	
34.4	0	1	

35.2	-24	0.697162	
35.2	-22	0.721132	
35.2	-20	0.745404	
35.2	-18	0.770022	
35.2	-16	0.794908	
35.2	-14	0.819988	
35.2	-12	0.845328	
35.2	-11	0.85806	
35.2	-10	0.870814	
35.2	-9	0.883624	
35.2	-8	0.896452	
35.2	-7	0.909348	
35.2	-6	0.92225	
35.2	-5	0.935176	
35.2	-4	0.948112	
35.2	-3	0.96107	
35.2	-2	0.974036	
35.2	-1.5	0.980528	
35.2	-1	0.987018	
35.2	-0.5	0.993508	
35.2	0	1	

36	-24	0.702904	
36	-22	0.72653	
36	-20	0.750412	
36	-18	0.774506	
36	-16	0.798934	
36	-14	0.823574	
36	-12	0.848416	
36	-11	0.860908	
36	-10	0.873402	
36	-9	0.885944	
36	-8	0.898542	
36	-7	0.911156	
36	-6	0.923804	
36	-5	0.936472	
36	-4	0.949154	
36	-3	0.961852	
36	-2	0.974566	
36	-1.5	0.98092	
36	-1	0.98728	
36	-0.5	0.99364	
36	0	1	

36.8	-24	0.70854	
36.8	-22	0.731686	
36.8	-20	0.75514	
36.8	-18	0.77888	
36.8	-16	0.802852	
36.8	-14	0.826966	
36.8	-12	0.85136	
36.8	-11	0.863596	
36.8	-10	0.875882	
36.8	-9	0.888194	
36.8	-8	0.900552	
36.8	-7	0.912918	
36.8	-6	0.925314	
36.8	-5	0.937734	
36.8	-4	0.950164	
36.8	-3	0.962608	
36.8	-2	0.975066	
36.8	-1.5	0.981302	
36.8	-1	0.987532	
36.8	-0.5	0.993766	
36.8	0	1	

37.6	-24	0.713976	
37.6	-22	0.73673	
37.6	-20	0.759744	
37.6	-18	0.783066	
37.6	-16	0.806574	
37.6	-14	0.830298	
37.6	-12	0.85423	
37.6	-11	0.866214	
37.6	-10	0.878256	
37.6	-9	0.89034	
37.6	-8	0.902442	
37.6	-7	0.91459	
37.6	-6	0.92675	
37.6	-5	0.93893	
37.6	-4	0.951122	
37.6	-3	0.96333	
37.6	-2	0.97555	
37.6	-1.5	0.981662	
37.6	-1	0.987774	
37.6	-0.5	0.993886	
37.6	0	1	

38.4	-24	0.719206	
38.4	-22	0.741594	
38.4	-20	0.764208	
38.4	-18	0.787078	
38.4	-16	0.810182	
38.4	-14	0.833464	
38.4	-12	0.856956	
38.4	-11	0.868754	
38.4	-10	0.880572	
38.4	-9	0.89243	
38.4	-8	0.90432	
38.4	-7	0.916226	
38.4	-6	0.928156	
38.4	-5	0.940102	
38.4	-4	0.95206	
38.4	-3	0.964028	
38.4	-2	0.976014	
38.4	-1.5	0.982008	
38.4	-1	0.988004	
38.4	-0.5	0.994002	
38.4	0	1	

39.2	-24	0.724216	
39.2	-22	0.746224	
39.2	-20	0.76856	
39.2	-18	0.791022	
39.2	-16	0.813668	
39.2	-14	0.83658	
39.2	-12	0.859612	
39.2	-11	0.871184	
39.2	-10	0.882788	
39.2	-9	0.894428	
39.2	-8	0.90608	
39.2	-7	0.917776	
39.2	-6	0.929482	
39.2	-5	0.941214	
39.2	-4	0.952946	
39.2	-3	0.964706	
39.2	-2	0.976464	
39.2	-1.5	0.982348	
39.2	-1	0.988232	
39.2	-0.5	0.994116	
39.2	0	1	

40	-24	0.729	
40	-22	0.750736	
40	-20	0.772642	
40	-18	0.794772	
40	-16	0.81709	
40	-14	0.839538	
40	-12	0.862146	
40	-11	0.873534	
40	-10	0.88493	
40	-9	0.89635	
40	-8	0.90781	
40	-7	0.919278	
40	-6	0.930774	
40	-5	0.942276	
40	-4	0.953812	
40	-3	0.96535	
40	-2	0.976896	
40	-1.5	0.982672	
40	-1	0.988446	
40	-0.5	0.994224	
40	0	1	

