0.15	-24	-2.9765e-05	
0.15	-22	-2.3108e-05	
0.15	-20	-1.755564e-05	
0.15	-18	-1.35847e-05	
0.15	-16	-9.98906e-06	
0.15	-14	-6.47498e-06	
0.15	-12	-4.83212e-06	
0.15	-11	-3.50546e-06	
0.15	-10	-2.52722e-06	
0.15	-9	5.05194e-07	
0.15	-8	0.00204396	
0.15	-7	0.035012	
0.15	-6	0.1018224	
0.15	-5	0.1969612	
0.15	-4	0.326328	
0.15	-3	0.497006	
0.15	-2	0.67494	
0.15	-1.5	0.75914	
0.15	-1	0.841256	
0.15	-0.5	0.921168	
0.15	0	1	

0.2	-24	-1.234218e-05	
0.2	-22	-9.78018e-06	
0.2	-20	-7.77014e-06	
0.2	-18	-5.87292e-06	
0.2	-16	-4.88392e-06	
0.2	-14	-3.21192e-06	
0.2	-12	-2.8956e-06	
0.2	-11	-1.959982e-06	
0.2	-10	-1.291868e-06	
0.2	-9	1.997928e-05	
0.2	-8	0.003223	
0.2	-7	0.0363986	
0.2	-6	0.1030714	
0.2	-5	0.1987566	
0.2	-4	0.329082	
0.2	-3	0.498026	
0.2	-2	0.675216	
0.2	-1.5	0.76001	
0.2	-1	0.841698	
0.2	-0.5	0.921392	
0.2	0	1	

0.25	-24	-6.01146e-06	
0.25	-22	-5.20498e-06	
0.25	-20	-4.3157e-06	
0.25	-18	-2.80246e-06	
0.25	-16	-2.3192e-06	
0.25	-14	-1.271052e-06	
0.25	-12	-5.9215e-07	
0.25	-11	-1.29006e-06	
0.25	-10	1.600776e-06	
0.25	-9	9.51726e-05	
0.25	-8	0.004491	
0.25	-7	0.037583	
0.25	-6	0.1040774	
0.25	-5	0.200678	
0.25	-4	0.33284	
0.25	-3	0.500786	
0.25	-2	0.676452	
0.25	-1.5	0.760598	
0.25	-1	0.842248	
0.25	-0.5	0.921586	
0.25	0	1	

0.3	-24	-4.18338e-06	
0.3	-22	-3.32934e-06	
0.3	-20	-1.983506e-06	
0.3	-18	-1.675374e-06	
0.3	-16	-1.111612e-06	
0.3	-14	-6.48072e-07	
0.3	-12	-6.534e-07	
0.3	-11	3.46002e-07	
0.3	-10	7.18328e-06	
0.3	-9	0.000258078	
0.3	-8	0.00577966	
0.3	-7	0.0392686	
0.3	-6	0.1059584	
0.3	-5	0.203276	
0.3	-4	0.336182	
0.3	-3	0.503704	
0.3	-2	0.677376	
0.3	-1.5	0.761574	
0.3	-1	0.843016	
0.3	-0.5	0.922062	
0.3	0	1	

0.4	-24	-1.620632e-06	
0.4	-22	-9.0847e-07	
0.4	-20	-1.026894e-06	
0.4	-18	-4.83742e-07	
0.4	-16	-5.78986e-07	
0.4	-14	-1.970338e-07	
0.4	-12	9.24188e-07	
0.4	-11	6.76064e-06	
0.4	-10	8.57568e-05	
0.4	-9	0.00094624	
0.4	-8	0.00931	
0.4	-7	0.043961	
0.4	-6	0.1102438	
0.4	-5	0.209792	
0.4	-4	0.344618	
0.4	-3	0.509722	
0.4	-2	0.681028	
0.4	-1.5	0.764212	
0.4	-1	0.844752	
0.4	-0.5	0.922908	
0.4	0	1	

0.5	-24	-8.76196e-07	
0.5	-22	-6.97006e-07	
0.5	-20	-4.09736e-08	
0.5	-18	2.47708e-07	
0.5	-16	-7.74594e-07	
0.5	-14	2.52482e-07	
0.5	-12	5.66326e-06	
0.5	-11	3.88192e-05	
0.5	-10	0.0003051	
0.5	-9	0.00229546	
0.5	-8	0.01346798	
0.5	-7	0.0492536	
0.5	-6	0.117132	
0.5	-5	0.21819	
0.5	-4	0.353976	
0.5	-3	0.515798	
0.5	-2	0.685242	
0.5	-1.5	0.767428	
0.5	-1	0.846786	
0.5	-0.5	0.924024	
0.5	0	1	

0.6	-24	-7.58272e-07	
0.6	-22	-2.23108e-07	
0.6	-20	-1.085474e-06	
0.6	-18	-4.7504e-07	
0.6	-16	-2.48126e-07	
0.6	-14	1.515916e-06	
0.6	-12	2.73268e-05	
0.6	-11	0.0001518368	
0.6	-10	0.000844736	
0.6	-9	0.00427764	
0.6	-8	0.01828664	
0.6	-7	0.0562298	
0.6	-6	0.125203	
0.6	-5	0.227984	
0.6	-4	0.363556	
0.6	-3	0.523682	
0.6	-2	0.68988	
0.6	-1.5	0.771012	
0.6	-1	0.849124	
0.6	-0.5	0.925154	
0.6	0	1	

0.7	-24	-1.087922e-06	
0.7	-22	-8.9394e-07	
0.7	-20	2.92516e-07	
0.7	-18	5.66134e-07	
0.7	-16	-2.27088e-07	
0.7	-14	4.85934e-06	
0.7	-12	0.0001028472	
0.7	-11	0.000427636	
0.7	-10	0.001768402	
0.7	-9	0.00689122	
0.7	-8	0.0236426	
0.7	-7	0.063733	
0.7	-6	0.1344334	
0.7	-5	0.238666	
0.7	-4	0.373882	
0.7	-3	0.5319	
0.7	-2	0.694834	
0.7	-1.5	0.774232	
0.7	-1	0.85138	
0.7	-0.5	0.926446	
0.7	0	1	

0.8	-24	5.1914e-07	
0.8	-22	-9.66146e-07	
0.8	-20	3.86136e-07	
0.8	-18	1.835972e-08	
0.8	-16	2.50384e-06	
0.8	-14	2.2264e-05	
0.8	-12	0.000260682	
0.8	-11	0.0009112	
0.8	-10	0.0031198	
0.8	-9	0.01029884	
0.8	-8	0.0299504	
0.8	-7	0.0723664	
0.8	-6	0.1454892	
0.8	-5	0.250004	
0.8	-4	0.385116	
0.8	-3	0.539708	
0.8	-2	0.69973	
0.8	-1.5	0.777854	
0.8	-1	0.853864	
0.8	-0.5	0.927466	
0.8	0	1	

0.9	-24	6.52574e-07	
0.9	-22	4.57904e-07	
0.9	-20	-9.56142e-07	
0.9	-18	1.372686e-06	
0.9	-16	6.72894e-06	
0.9	-14	6.67776e-05	
0.9	-12	0.000566484	
0.9	-11	0.001757216	
0.9	-10	0.00508764	
0.9	-9	0.0143784	
0.9	-8	0.036913	
0.9	-7	0.0822546	
0.9	-6	0.1566328	
0.9	-5	0.261944	
0.9	-4	0.395948	
0.9	-3	0.547774	
0.9	-2	0.704806	
0.9	-1.5	0.781222	
0.9	-1	0.85608	
0.9	-0.5	0.928584	
0.9	0	1	

1	-24	-7.36724e-07	
1	-22	-1.131104e-06	
1	-20	1.634342e-07	
1	-18	3.47972e-06	
1	-16	1.920222e-05	
1	-14	0.0001528762	
1	-12	0.001106806	
1	-11	0.0028976	
1	-10	0.00768646	
1	-9	0.01923526	
1	-8	0.0445534	
1	-7	0.0926064	
1	-6	0.1687788	
1	-5	0.274982	
1	-4	0.406782	
1	-3	0.556514	
1	-2	0.70971	
1	-1.5	0.784796	
1	-1	0.858024	
1	-0.5	0.929434	
1	0	1	

1.2	-24	-4.5105e-07	
1.2	-22	1.305448e-06	
1.2	-20	2.77516e-06	
1.2	-18	2.05012e-05	
1.2	-16	0.0001098236	
1.2	-14	0.000558418	
1.2	-12	0.00292478	
1.2	-11	0.00654164	
1.2	-10	0.01441546	
1.2	-9	0.0308808	
1.2	-8	0.0623088	
1.2	-7	0.1152948	
1.2	-6	0.1941414	
1.2	-5	0.300584	
1.2	-4	0.429448	
1.2	-3	0.572422	
1.2	-2	0.71908	
1.2	-1.5	0.791552	
1.2	-1	0.862264	
1.2	-0.5	0.931426	
1.2	0	1	

1.4	-24	1.088198e-06	
1.4	-22	6.61894e-06	
1.4	-20	2.29858e-05	
1.4	-18	9.03506e-05	
1.4	-16	0.000364472	
1.4	-14	0.001520892	
1.4	-12	0.00614238	
1.4	-11	0.0122707	
1.4	-10	0.0240016	
1.4	-9	0.0453336	
1.4	-8	0.0823728	
1.4	-7	0.1396842	
1.4	-6	0.220864	
1.4	-5	0.326342	
1.4	-4	0.451196	
1.4	-3	0.58825	
1.4	-2	0.728412	
1.4	-1.5	0.797514	
1.4	-1	0.866092	
1.4	-0.5	0.9332	
1.4	0	1	

1.6	-24	5.43292e-06	
1.6	-22	2.12472e-05	
1.6	-20	7.54966e-05	
1.6	-18	0.000266202	
1.6	-16	0.000927918	
1.6	-14	0.00326022	
1.6	-12	0.01099386	
1.6	-11	0.01992036	
1.6	-10	0.0357252	
1.6	-9	0.0621652	
1.6	-8	0.1039342	
1.6	-7	0.1647242	
1.6	-6	0.247618	
1.6	-5	0.351276	
1.6	-4	0.471982	
1.6	-3	0.603014	
1.6	-2	0.73707	
1.6	-1.5	0.80396	
1.6	-1	0.869782	
1.6	-0.5	0.935072	
1.6	0	1	

1.8	-24	2.25914e-05	
1.8	-22	7.05598e-05	
1.8	-20	0.00021431	
1.8	-18	0.000661876	
1.8	-16	0.001998584	
1.8	-14	0.0060171	
1.8	-12	0.0176425	
1.8	-11	0.0297806	
1.8	-10	0.0496444	
1.8	-9	0.080606	
1.8	-8	0.1261562	
1.8	-7	0.1901626	
1.8	-6	0.27359	
1.8	-5	0.376138	
1.8	-4	0.492338	
1.8	-3	0.61696	
1.8	-2	0.745846	
1.8	-1.5	0.809868	
1.8	-1	0.873746	
1.8	-0.5	0.93699	
1.8	0	1	

2	-24	6.73304e-05	
2	-22	0.0001888132	
2	-20	0.00050146	
2	-18	0.001375968	
2	-16	0.00370746	
2	-14	0.0099199	
2	-12	0.0258974	
2	-11	0.0415416	
2	-10	0.0652574	
2	-9	0.1003692	
2	-8	0.1496472	
2	-7	0.21561	
2	-6	0.299334	
2	-5	0.399132	
2	-4	0.511516	
2	-3	0.630606	
2	-2	0.75442	
2	-1.5	0.81605	
2	-1	0.877538	
2	-0.5	0.93887	
2	0	1	

2.2	-24	0.000167299	
2.2	-22	0.000416956	
2.2	-20	0.001024844	
2.2	-18	0.0025243	
2.2	-16	0.00617124	
2.2	-14	0.01512426	
2.2	-12	0.0358596	
2.2	-11	0.0546222	
2.2	-10	0.0820386	
2.2	-9	0.1207262	
2.2	-8	0.1729082	
2.2	-7	0.24073	
2.2	-6	0.32304	
2.2	-5	0.420884	
2.2	-4	0.52896	
2.2	-3	0.643906	
2.2	-2	0.762236	
2.2	-1.5	0.82191	
2.2	-1	0.881406	
2.2	-0.5	0.940716	
2.2	0	1	

2.4	-24	0.000356542	
2.4	-22	0.000806338	
2.4	-20	0.001864764	
2.4	-18	0.00420104	
2.4	-16	0.00953954	
2.4	-14	0.0215134	
2.4	-12	0.0472304	
2.4	-11	0.0693194	
2.4	-10	0.0998632	
2.4	-9	0.1414074	
2.4	-8	0.1959164	
2.4	-7	0.264712	
2.4	-6	0.34668	
2.4	-5	0.441656	
2.4	-4	0.545892	
2.4	-3	0.65628	
2.4	-2	0.770138	
2.4	-1.5	0.827668	
2.4	-1	0.885032	
2.4	-0.5	0.942552	
2.4	0	1	

2.6	-24	0.000659446	
2.6	-22	0.001404496	
2.6	-20	0.00304532	
2.6	-18	0.00650912	
2.6	-16	0.01386114	
2.6	-14	0.0290972	
2.6	-12	0.0599676	
2.6	-11	0.0848624	
2.6	-10	0.1187042	
2.6	-9	0.1623912	
2.6	-8	0.218736	
2.6	-7	0.287562	
2.6	-6	0.36873	
2.6	-5	0.46123	
2.6	-4	0.561874	
2.6	-3	0.668324	
2.6	-2	0.777884	
2.6	-1.5	0.8333	
2.6	-1	0.888708	
2.6	-0.5	0.944336	
2.6	0	1	

2.8	-24	0.001132352	
2.8	-22	0.0023077	
2.8	-20	0.00467036	
2.8	-18	0.00947404	
2.8	-16	0.01906706	
2.8	-14	0.0379454	
2.8	-12	0.073524	
2.8	-11	0.1009574	
2.8	-10	0.1373084	
2.8	-9	0.1837254	
2.8	-8	0.240802	
2.8	-7	0.309502	
2.8	-6	0.389768	
2.8	-5	0.479418	
2.8	-4	0.57707	
2.8	-3	0.679324	
2.8	-2	0.78517	
2.8	-1.5	0.83866	
2.8	-1	0.89236	
2.8	-0.5	0.946118	
2.8	0	1	

3	-24	0.001823872	
3	-22	0.00352966	
3	-20	0.00683112	
3	-18	0.0131989	
3	-16	0.0251872	
3	-14	0.0476836	
3	-12	0.0879118	
3	-11	0.1176902	
3	-10	0.1562014	
3	-9	0.204136	
3	-8	0.262224	
3	-7	0.330666	
3	-6	0.409616	
3	-5	0.496828	
3	-4	0.591168	
3	-3	0.690094	
3	-2	0.792226	
3	-1.5	0.843994	
3	-1	0.89575	
3	-0.5	0.947878	
3	0	1	

3.2	-24	0.00276722	
3.2	-22	0.00515168	
3.2	-20	0.00950664	
3.2	-18	0.01763344	
3.2	-16	0.032234	
3.2	-14	0.058336	
3.2	-12	0.1028762	
3.2	-11	0.1351418	
3.2	-10	0.1748884	
3.2	-9	0.223914	
3.2	-8	0.283122	
3.2	-7	0.350864	
3.2	-6	0.428548	
3.2	-5	0.513456	
3.2	-4	0.604554	
3.2	-3	0.700312	
3.2	-2	0.799004	
3.2	-1.5	0.848874	
3.2	-1	0.899136	
3.2	-0.5	0.949524	
3.2	0	1	

3.4	-24	0.003991	
3.4	-22	0.00718498	
3.4	-20	0.01279454	
3.4	-18	0.0228068	
3.4	-16	0.040127	
3.4	-14	0.0695108	
3.4	-12	0.1181216	
3.4	-11	0.1524498	
3.4	-10	0.1935592	
3.4	-9	0.243718	
3.4	-8	0.302934	
3.4	-7	0.36989	
3.4	-6	0.446086	
3.4	-5	0.529056	
3.4	-4	0.617506	
3.4	-3	0.710038	
3.4	-2	0.805454	
3.4	-1.5	0.853632	
3.4	-1	0.902294	
3.4	-0.5	0.951112	
3.4	0	1	

3.6	-24	0.00554822	
3.6	-22	0.00964898	
3.6	-20	0.01665314	
3.6	-18	0.0285852	
3.6	-16	0.0486796	
3.6	-14	0.0816666	
3.6	-12	0.1336152	
3.6	-11	0.1693648	
3.6	-10	0.21212	
3.6	-9	0.263166	
3.6	-8	0.32202	
3.6	-7	0.388684	
3.6	-6	0.462916	
3.6	-5	0.543912	
3.6	-4	0.629518	
3.6	-3	0.719074	
3.6	-2	0.811424	
3.6	-1.5	0.858276	
3.6	-1	0.905356	
3.6	-0.5	0.952646	
3.6	0	1	

3.8	-24	0.00748806	
3.8	-22	0.01256488	
3.8	-20	0.0211648	
3.8	-18	0.0350628	
3.8	-16	0.0579752	
3.8	-14	0.0940186	
3.8	-12	0.1494504	
3.8	-11	0.1863142	
3.8	-10	0.230208	
3.8	-9	0.281572	
3.8	-8	0.340482	
3.8	-7	0.40602	
3.8	-6	0.478878	
3.8	-5	0.557804	
3.8	-4	0.641028	
3.8	-3	0.727896	
3.8	-2	0.817268	
3.8	-1.5	0.86267	
3.8	-1	0.908276	
3.8	-0.5	0.954096	
3.8	0	1	

4	-24	0.00978536	
4	-22	0.01596316	
4	-20	0.026167	
4	-18	0.0423032	
4	-16	0.0675928	
4	-14	0.1067114	
4	-12	0.1653796	
4	-11	0.203216	
4	-10	0.247776	
4	-9	0.29936	
4	-8	0.3582	
4	-7	0.422472	
4	-6	0.494328	
4	-5	0.570852	
4	-4	0.651704	
4	-3	0.736202	
4	-2	0.822838	
4	-1.5	0.866842	
4	-1	0.911058	
4	-0.5	0.955494	
4	0	1	

4.2	-24	0.0124314	
4.2	-22	0.01983366	
4.2	-20	0.0316136	
4.2	-18	0.0499522	
4.2	-16	0.0780076	
4.2	-14	0.1200698	
4.2	-12	0.1812114	
4.2	-11	0.219616	
4.2	-10	0.264978	
4.2	-9	0.31675	
4.2	-8	0.374778	
4.2	-7	0.438338	
4.2	-6	0.508654	
4.2	-5	0.58334	
4.2	-4	0.662198	
4.2	-3	0.744074	
4.2	-2	0.828204	
4.2	-1.5	0.870792	
4.2	-1	0.913788	
4.2	-0.5	0.956834	
4.2	0	1	

4.4	-24	0.01549358	
4.4	-22	0.0241868	
4.4	-20	0.0375722	
4.4	-18	0.0580138	
4.4	-16	0.088487	
4.4	-14	0.133494	
4.4	-12	0.1965746	
4.4	-11	0.23592	
4.4	-10	0.2816	
4.4	-9	0.333268	
4.4	-8	0.390758	
4.4	-7	0.45373	
4.4	-6	0.522294	
4.4	-5	0.59557	
4.4	-4	0.67204	
4.4	-3	0.751512	
4.4	-2	0.833212	
4.4	-1.5	0.874606	
4.4	-1	0.916302	
4.4	-0.5	0.958118	
4.4	0	1	

4.6	-24	0.01894968	
4.6	-22	0.0290194	
4.6	-20	0.0440204	
4.6	-18	0.0665366	
4.6	-16	0.0994502	
4.6	-14	0.1465908	
4.6	-12	0.211656	
4.6	-11	0.251792	
4.6	-10	0.297726	
4.6	-9	0.34907	
4.6	-8	0.40606	
4.6	-7	0.468222	
4.6	-6	0.53517	
4.6	-5	0.606552	
4.6	-4	0.681374	
4.6	-3	0.758652	
4.6	-2	0.838088	
4.6	-1.5	0.87823	
4.6	-1	0.918686	
4.6	-0.5	0.95931	
4.6	0	1	

4.8	-24	0.022796	
4.8	-22	0.0342572	
4.8	-20	0.0509954	
4.8	-18	0.0756106	
4.8	-16	0.1109012	
4.8	-14	0.1598034	
4.8	-12	0.226656	
4.8	-11	0.267248	
4.8	-10	0.313276	
4.8	-9	0.364558	
4.8	-8	0.420854	
4.8	-7	0.481902	
4.8	-6	0.547584	
4.8	-5	0.61719	
4.8	-4	0.69014	
4.8	-3	0.765426	
4.8	-2	0.842584	
4.8	-1.5	0.881678	
4.8	-1	0.920976	
4.8	-0.5	0.960468	
4.8	0	1	

5	-24	0.0269934	
5	-22	0.0399182	
5	-20	0.0583732	
5	-18	0.0847394	
5	-16	0.122166	
5	-14	0.1730794	
5	-12	0.241468	
5	-11	0.282164	
5	-10	0.328466	
5	-9	0.379322	
5	-8	0.434956	
5	-7	0.495282	
5	-6	0.559686	
5	-5	0.627406	
5	-4	0.698582	
5	-3	0.77194	
5	-2	0.846986	
5	-1.5	0.88503	
5	-1	0.923226	
5	-0.5	0.961558	
5	0	1	

5.2	-24	0.0315538	
5.2	-22	0.045789	
5.2	-20	0.0660752	
5.2	-18	0.0943234	
5.2	-16	0.1336224	
5.2	-14	0.1864316	
5.2	-12	0.255728	
5.2	-11	0.297	
5.2	-10	0.343012	
5.2	-9	0.393622	
5.2	-8	0.448722	
5.2	-7	0.5078	
5.2	-6	0.570828	
5.2	-5	0.637246	
5.2	-4	0.706514	
5.2	-3	0.777988	
5.2	-2	0.851026	
5.2	-1.5	0.88805	
5.2	-1	0.925228	
5.2	-0.5	0.962584	
5.2	0	1	

5.4	-24	0.0365536	
5.4	-22	0.0521436	
5.4	-20	0.073998	
5.4	-18	0.1041696	
5.4	-16	0.1452228	
5.4	-14	0.1996296	
5.4	-12	0.269818	
5.4	-11	0.311244	
5.4	-10	0.357206	
5.4	-9	0.407332	
5.4	-8	0.46167	
5.4	-7	0.52009	
5.4	-6	0.581788	
5.4	-5	0.646382	
5.4	-4	0.714054	
5.4	-3	0.783844	
5.4	-2	0.854978	
5.4	-1.5	0.89107	
5.4	-1	0.927238	
5.4	-0.5	0.96358	
5.4	0	1	

5.6	-24	0.0418728	
5.6	-22	0.0587604	
5.6	-20	0.0822318	
5.6	-18	0.1140672	
5.6	-16	0.156874	
5.6	-14	0.21278	
5.6	-12	0.283328	
5.6	-11	0.325088	
5.6	-10	0.370806	
5.6	-9	0.420406	
5.6	-8	0.474168	
5.6	-7	0.531552	
5.6	-6	0.591998	
5.6	-5	0.65537	
5.6	-4	0.721368	
5.6	-3	0.789348	
5.6	-2	0.858828	
5.6	-1.5	0.8939	
5.6	-1	0.929144	
5.6	-0.5	0.964544	
5.6	0	1	

5.8	-24	0.0475238	
5.8	-22	0.0657662	
5.8	-20	0.0908166	
5.8	-18	0.1241644	
5.8	-16	0.1684802	
5.8	-14	0.225612	
5.8	-12	0.29697	
5.8	-11	0.338466	
5.8	-10	0.383928	
5.8	-9	0.43319	
5.8	-8	0.48614	
5.8	-7	0.54257	
5.8	-6	0.601894	
5.8	-5	0.663986	
5.8	-4	0.728266	
5.8	-3	0.794638	
5.8	-2	0.862334	
5.8	-1.5	0.89658	
5.8	-1	0.930982	
5.8	-0.5	0.965458	
5.8	0	1	

6	-24	0.0532592	
6	-22	0.072944	
6	-20	0.099339	
6	-18	0.134495	
6	-16	0.180153	
6	-14	0.238186	
6	-12	0.309918	
6	-11	0.3515	
6	-10	0.396658	
6	-9	0.445452	
6	-8	0.497498	
6	-7	0.55317	
6	-6	0.611312	
6	-5	0.671994	
6	-4	0.73489	
6	-3	0.799666	
6	-2	0.865746	
6	-1.5	0.899098	
6	-1	0.932632	
6	-0.5	0.966294	
6	0	1	

6.2	-24	0.0592728	
6.2	-22	0.080392	
6.2	-20	0.1079826	
6.2	-18	0.1448738	
6.2	-16	0.191708	
6.2	-14	0.250624	
6.2	-12	0.322638	
6.2	-11	0.364184	
6.2	-10	0.409038	
6.2	-9	0.457194	
6.2	-8	0.508756	
6.2	-7	0.56322	
6.2	-6	0.620354	
6.2	-5	0.679806	
6.2	-4	0.741416	
6.2	-3	0.804548	
6.2	-2	0.869032	
6.2	-1.5	0.90159	
6.2	-1	0.93433	
6.2	-0.5	0.967142	
6.2	0	1	

6.4	-24	0.0654792	
6.4	-22	0.0880304	
6.4	-20	0.117066	
6.4	-18	0.1549846	
6.4	-16	0.202998	
6.4	-14	0.262902	
6.4	-12	0.335014	
6.4	-11	0.376308	
6.4	-10	0.420866	
6.4	-9	0.468676	
6.4	-8	0.519418	
6.4	-7	0.572974	
6.4	-6	0.628882	
6.4	-5	0.687254	
6.4	-4	0.74747	
6.4	-3	0.80925	
6.4	-2	0.872166	
6.4	-1.5	0.90391	
6.4	-1	0.935874	
6.4	-0.5	0.967914	
6.4	0	1	

6.6	-24	0.072152	
6.6	-22	0.0956866	
6.6	-20	0.1261184	
6.6	-18	0.1651646	
6.6	-16	0.214108	
6.6	-14	0.274834	
6.6	-12	0.347028	
6.6	-11	0.388208	
6.6	-10	0.432364	
6.6	-9	0.479542	
6.6	-8	0.529526	
6.6	-7	0.58221	
6.6	-6	0.637266	
6.6	-5	0.69434	
6.6	-4	0.753304	
6.6	-3	0.813788	
6.6	-2	0.875186	
6.6	-1.5	0.906192	
6.6	-1	0.937368	
6.6	-0.5	0.968656	
6.6	0	1	

6.8	-24	0.078858	
6.8	-22	0.103587	
6.8	-20	0.1353146	
6.8	-18	0.1755138	
6.8	-16	0.225334	
6.8	-14	0.286482	
6.8	-12	0.35878	
6.8	-11	0.399684	
6.8	-10	0.443482	
6.8	-9	0.49017	
6.8	-8	0.5392	
6.8	-7	0.59112	
6.8	-6	0.645084	
6.8	-5	0.701192	
6.8	-4	0.758844	
6.8	-3	0.817924	
6.8	-2	0.878088	
6.8	-1.5	0.908414	
6.8	-1	0.938852	
6.8	-0.5	0.96941	
6.8	0	1	

7	-24	0.0856972	
7	-22	0.111757	
7	-20	0.1444276	
7	-18	0.1856712	
7	-16	0.236396	
7	-14	0.297992	
7	-12	0.37012	
7	-11	0.410766	
7	-10	0.454234	
7	-9	0.500198	
7	-8	0.548836	
7	-7	0.599848	
7	-6	0.652958	
7	-5	0.707786	
7	-4	0.764226	
7	-3	0.822006	
7	-2	0.88078	
7	-1.5	0.910446	
7	-1	0.940234	
7	-0.5	0.970096	
7	0	1	

7.2	-24	0.0929236	
7.2	-22	0.1197292	
7.2	-20	0.1536508	
7.2	-18	0.1958322	
7.2	-16	0.24726	
7.2	-14	0.309138	
7.2	-12	0.381	
7.2	-11	0.42159	
7.2	-10	0.46459	
7.2	-9	0.509986	
7.2	-8	0.557946	
7.2	-7	0.608112	
7.2	-6	0.660202	
7.2	-5	0.713986	
7.2	-4	0.76948	
7.2	-3	0.825942	
7.2	-2	0.883394	
7.2	-1.5	0.912442	
7.2	-1	0.941566	
7.2	-0.5	0.970768	
7.2	0	1	

7.4	-24	0.0999502	
7.4	-22	0.1278172	
7.4	-20	0.1628482	
7.4	-18	0.205934	
7.4	-16	0.25806	
7.4	-14	0.319984	
7.4	-12	0.391816	
7.4	-11	0.431844	
7.4	-10	0.474476	
7.4	-9	0.51958	
7.4	-8	0.566794	
7.4	-7	0.616046	
7.4	-6	0.667184	
7.4	-5	0.720118	
7.4	-4	0.774352	
7.4	-3	0.829808	
7.4	-2	0.886004	
7.4	-1.5	0.914364	
7.4	-1	0.942844	
7.4	-0.5	0.971404	
7.4	0	1	

7.6	-24	0.107223	
7.6	-22	0.1361852	
7.6	-20	0.1720976	
7.6	-18	0.215916	
7.6	-16	0.26849	
7.6	-14	0.330738	
7.6	-12	0.402332	
7.6	-11	0.442164	
7.6	-10	0.484338	
7.6	-9	0.52854	
7.6	-8	0.575352	
7.6	-7	0.623668	
7.6	-6	0.67399	
7.6	-5	0.725918	
7.6	-4	0.778982	
7.6	-3	0.833358	
7.6	-2	0.8885	
7.6	-1.5	0.916244	
7.6	-1	0.944094	
7.6	-0.5	0.972024	
7.6	0	1	

7.8	-24	0.1147128	
7.8	-22	0.144604	
7.8	-20	0.1812708	
7.8	-18	0.225802	
7.8	-16	0.27884	
7.8	-14	0.341052	
7.8	-12	0.41257	
7.8	-11	0.45191	
7.8	-10	0.493616	
7.8	-9	0.537404	
7.8	-8	0.58339	
7.8	-7	0.631108	
7.8	-6	0.68053	
7.8	-5	0.731382	
7.8	-4	0.783572	
7.8	-3	0.836736	
7.8	-2	0.89073	
7.8	-1.5	0.917976	
7.8	-1	0.94527	
7.8	-0.5	0.97262	
7.8	0	1	

8	-24	0.1220534	
8	-22	0.1528082	
8	-20	0.190355	
8	-18	0.235394	
8	-16	0.288952	
8	-14	0.351312	
8	-12	0.422482	
8	-11	0.461514	
8	-10	0.50262	
8	-9	0.546062	
8	-8	0.59134	
8	-7	0.63834	
8	-6	0.686684	
8	-5	0.736758	
8	-4	0.78796	
8	-3	0.840122	
8	-2	0.89296	
8	-1.5	0.91961	
8	-1	0.94637	
8	-0.5	0.973168	
8	0	1	

8.2	-24	0.1296798	
8.2	-22	0.1612048	
8.2	-20	0.1995156	
8.2	-18	0.245064	
8.2	-16	0.298734	
8.2	-14	0.361284	
8.2	-12	0.431948	
8.2	-11	0.470656	
8.2	-10	0.511546	
8.2	-9	0.554328	
8.2	-8	0.598856	
8.2	-7	0.645104	
8.2	-6	0.692826	
8.2	-5	0.741956	
8.2	-4	0.792136	
8.2	-3	0.843262	
8.2	-2	0.895152	
8.2	-1.5	0.921258	
8.2	-1	0.947458	
8.2	-0.5	0.973712	
8.2	0	1	

8.4	-24	0.137205	
8.4	-22	0.1693288	
8.4	-20	0.208426	
8.4	-18	0.254632	
8.4	-16	0.308476	
8.4	-14	0.370986	
8.4	-12	0.441282	
8.4	-11	0.479692	
8.4	-10	0.520098	
8.4	-9	0.562224	
8.4	-8	0.606176	
8.4	-7	0.651694	
8.4	-6	0.698738	
8.4	-5	0.74687	
8.4	-4	0.796202	
8.4	-3	0.846334	
8.4	-2	0.897186	
8.4	-1.5	0.92278	
8.4	-1	0.94848	
8.4	-0.5	0.974228	
8.4	0	1	

8.6	-24	0.1446558	
8.6	-22	0.1777566	
8.6	-20	0.217276	
8.6	-18	0.263986	
8.6	-16	0.318068	
8.6	-14	0.3804	
8.6	-12	0.450294	
8.6	-11	0.488362	
8.6	-10	0.528192	
8.6	-9	0.569804	
8.6	-8	0.61331	
8.6	-7	0.658142	
8.6	-6	0.704342	
8.6	-5	0.751708	
8.6	-4	0.800046	
8.6	-3	0.84933	
8.6	-2	0.899208	
8.6	-1.5	0.924318	
8.6	-1	0.949498	
8.6	-0.5	0.974738	
8.6	0	1	

8.8	-24	0.1521558	
8.8	-22	0.186029	
8.8	-20	0.226082	
8.8	-18	0.273136	
8.8	-16	0.327436	
8.8	-14	0.389644	
8.8	-12	0.459048	
8.8	-11	0.496964	
8.8	-10	0.536254	
8.8	-9	0.57737	
8.8	-8	0.620118	
8.8	-7	0.664304	
8.8	-6	0.709814	
8.8	-5	0.756348	
8.8	-4	0.803888	
8.8	-3	0.852162	
8.8	-2	0.90112	
8.8	-1.5	0.925742	
8.8	-1	0.950458	
8.8	-0.5	0.975216	
8.8	0	1	

9	-24	0.1597002	
9	-22	0.1942948	
9	-20	0.234788	
9	-18	0.282234	
9	-16	0.336662	
9	-14	0.398656	
9	-12	0.46762	
9	-11	0.505068	
9	-10	0.54404	
9	-9	0.584524	
9	-8	0.62678	
9	-7	0.670284	
9	-6	0.71501	
9	-5	0.76078	
9	-4	0.807542	
9	-3	0.85497	
9	-2	0.90297	
9	-1.5	0.92713	
9	-1	0.951376	
9	-0.5	0.975676	
9	0	1	

9.2	-24	0.1674682	
9.2	-22	0.202556	
9.2	-20	0.24351	
9.2	-18	0.291022	
9.2	-16	0.345738	
9.2	-14	0.407522	
9.2	-12	0.476044	
9.2	-11	0.513078	
9.2	-10	0.551554	
9.2	-9	0.591644	
9.2	-8	0.633096	
9.2	-7	0.676068	
9.2	-6	0.72011	
9.2	-5	0.765122	
9.2	-4	0.810992	
9.2	-3	0.857626	
9.2	-2	0.904778	
9.2	-1.5	0.928492	
9.2	-1	0.9523	
9.2	-0.5	0.976142	
9.2	0	1	

9.4	-24	0.1751072	
9.4	-22	0.210724	
9.4	-20	0.252224	
9.4	-18	0.29986	
9.4	-16	0.354602	
9.4	-14	0.416124	
9.4	-12	0.48406	
9.4	-11	0.520692	
9.4	-10	0.558908	
9.4	-9	0.598512	
9.4	-8	0.639296	
9.4	-7	0.681666	
9.4	-6	0.724968	
9.4	-5	0.769278	
9.4	-4	0.814442	
9.4	-3	0.860206	
9.4	-2	0.906524	
9.4	-1.5	0.929804	
9.4	-1	0.953162	
9.4	-0.5	0.97657	
9.4	0	1	

9.6	-24	0.1826224	
9.6	-22	0.218966	
9.6	-20	0.26071	
9.6	-18	0.308508	
9.6	-16	0.3632	
9.6	-14	0.424598	
9.6	-12	0.492064	
9.6	-11	0.528234	
9.6	-10	0.566132	
9.6	-9	0.60507	
9.6	-8	0.645356	
9.6	-7	0.686932	
9.6	-6	0.729658	
9.6	-5	0.773316	
9.6	-4	0.81767	
9.6	-3	0.86268	
9.6	-2	0.908184	
9.6	-1.5	0.931066	
9.6	-1	0.954008	
9.6	-0.5	0.976994	
9.6	0	1	

9.8	-24	0.1901428	
9.8	-22	0.22682	
9.8	-20	0.269096	
9.8	-18	0.317016	
9.8	-16	0.371686	
9.8	-14	0.432768	
9.8	-12	0.499778	
9.8	-11	0.53562	
9.8	-10	0.573006	
9.8	-9	0.611412	
9.8	-8	0.651242	
9.8	-7	0.692182	
9.8	-6	0.73421	
9.8	-5	0.777152	
9.8	-4	0.820822	
9.8	-3	0.865088	
9.8	-2	0.9098	
9.8	-1.5	0.932274	
9.8	-1	0.954818	
9.8	-0.5	0.977404	
9.8	0	1	

10	-24	0.19771	
10	-22	0.234702	
10	-20	0.277214	
10	-18	0.32539	
10	-16	0.379878	
10	-14	0.44072	
10	-12	0.507236	
10	-11	0.5427	
10	-10	0.579574	
10	-9	0.617626	
10	-8	0.65702	
10	-7	0.697404	
10	-6	0.738638	
10	-5	0.780894	
10	-4	0.82384	
10	-3	0.867406	
10	-2	0.911348	
10	-1.5	0.933444	
10	-1	0.955598	
10	-0.5	0.977792	
10	0	1	

10.2	-24	0.205104	
10.2	-22	0.242576	
10.2	-20	0.28522	
10.2	-18	0.333604	
10.2	-16	0.387954	
10.2	-14	0.448534	
10.2	-12	0.514602	
10.2	-11	0.549566	
10.2	-10	0.586054	
10.2	-9	0.623754	
10.2	-8	0.662436	
10.2	-7	0.70219	
10.2	-6	0.742928	
10.2	-5	0.784544	
10.2	-4	0.826788	
10.2	-3	0.869596	
10.2	-2	0.912844	
10.2	-1.5	0.934578	
10.2	-1	0.956356	
10.2	-0.5	0.978172	
10.2	0	1	

10.4	-24	0.212476	
10.4	-22	0.250334	
10.4	-20	0.29325	
10.4	-18	0.341688	
10.4	-16	0.395882	
10.4	-14	0.456194	
10.4	-12	0.521632	
10.4	-11	0.55636	
10.4	-10	0.592352	
10.4	-9	0.629544	
10.4	-8	0.66779	
10.4	-7	0.706986	
10.4	-6	0.747122	
10.4	-5	0.788052	
10.4	-4	0.829676	
10.4	-3	0.871768	
10.4	-2	0.914282	
10.4	-1.5	0.935656	
10.4	-1	0.957076	
10.4	-0.5	0.978528	
10.4	0	1	

10.6	-24	0.219862	
10.6	-22	0.258016	
10.6	-20	0.301168	
10.6	-18	0.349562	
10.6	-16	0.4036	
10.6	-14	0.463602	
10.6	-12	0.528556	
10.6	-11	0.56286	
10.6	-10	0.59853	
10.6	-9	0.635196	
10.6	-8	0.67298	
10.6	-7	0.711634	
10.6	-6	0.751178	
10.6	-5	0.791496	
10.6	-4	0.832416	
10.6	-3	0.873872	
10.6	-2	0.915694	
10.6	-1.5	0.936718	
10.6	-1	0.957784	
10.6	-0.5	0.978886	
10.6	0	1	

10.8	-24	0.227172	
10.8	-22	0.26563	
10.8	-20	0.308898	
10.8	-18	0.357436	
10.8	-16	0.411348	
10.8	-14	0.470948	
10.8	-12	0.535332	
10.8	-11	0.569188	
10.8	-10	0.604484	
10.8	-9	0.640724	
10.8	-8	0.677994	
10.8	-7	0.71614	
10.8	-6	0.755182	
10.8	-5	0.794776	
10.8	-4	0.835122	
10.8	-3	0.875878	
10.8	-2	0.917044	
10.8	-1.5	0.937748	
10.8	-1	0.958466	
10.8	-0.5	0.979228	
10.8	0	1	

11	-24	0.234418	
11	-22	0.273078	
11	-20	0.316518	
11	-18	0.365002	
11	-16	0.418872	
11	-14	0.477884	
11	-12	0.541772	
11	-11	0.57544	
11	-10	0.61025	
11	-9	0.646018	
11	-8	0.682836	
11	-7	0.72051	
11	-6	0.75895	
11	-5	0.79805	
11	-4	0.837668	
11	-3	0.877868	
11	-2	0.918384	
11	-1.5	0.93874	
11	-1	0.959128	
11	-0.5	0.97956	
11	0	1	

11.2	-24	0.241612	
11.2	-22	0.280406	
11.2	-20	0.324016	
11.2	-18	0.37248	
11.2	-16	0.426166	
11.2	-14	0.484716	
11.2	-12	0.548148	
11.2	-11	0.581556	
11.2	-10	0.615794	
11.2	-9	0.651266	
11.2	-8	0.687582	
11.2	-7	0.724718	
11.2	-6	0.762606	
11.2	-5	0.80112	
11.2	-4	0.840256	
11.2	-3	0.87974	
11.2	-2	0.91963	
11.2	-1.5	0.939686	
11.2	-1	0.959768	
11.2	-0.5	0.97988	
11.2	0	1	

11.4	-24	0.248772	
11.4	-22	0.287756	
11.4	-20	0.331484	
11.4	-18	0.379858	
11.4	-16	0.43333	
11.4	-14	0.491476	
11.4	-12	0.554374	
11.4	-11	0.587468	
11.4	-10	0.621346	
11.4	-9	0.656342	
11.4	-8	0.692174	
11.4	-7	0.728792	
11.4	-6	0.766198	
11.4	-5	0.804152	
11.4	-4	0.842692	
11.4	-3	0.88165	
11.4	-2	0.920916	
11.4	-1.5	0.940638	
11.4	-1	0.960396	
11.4	-0.5	0.98019	
11.4	0	1	

11.6	-24	0.255838	
11.6	-22	0.29498	
11.6	-20	0.338742	
11.6	-18	0.38708	
11.6	-16	0.440292	
11.6	-14	0.498086	
11.6	-12	0.56027	
11.6	-11	0.593144	
11.6	-10	0.62672	
11.6	-9	0.661184	
11.6	-8	0.696656	
11.6	-7	0.732792	
11.6	-6	0.769674	
11.6	-5	0.807104	
11.6	-4	0.845076	
11.6	-3	0.88347	
11.6	-2	0.922128	
11.6	-1.5	0.941552	
11.6	-1	0.96102	
11.6	-0.5	0.9805	
11.6	0	1	

11.8	-24	0.262828	
11.8	-22	0.302114	
11.8	-20	0.34593	
11.8	-18	0.394132	
11.8	-16	0.447164	
11.8	-14	0.504598	
11.8	-12	0.566208	
11.8	-11	0.598538	
11.8	-10	0.631918	
11.8	-9	0.666006	
11.8	-8	0.701002	
11.8	-7	0.736642	
11.8	-6	0.773024	
11.8	-5	0.809986	
11.8	-4	0.847382	
11.8	-3	0.885182	
11.8	-2	0.923292	
11.8	-1.5	0.942426	
11.8	-1	0.961598	
11.8	-0.5	0.980796	
11.8	0	1	

12	-24	0.269828	
12	-22	0.309178	
12	-20	0.35299	
12	-18	0.401136	
12	-16	0.45383	
12	-14	0.510894	
12	-12	0.57196	
12	-11	0.603966	
12	-10	0.636958	
12	-9	0.670726	
12	-8	0.705206	
12	-7	0.740474	
12	-6	0.776304	
12	-5	0.812724	
12	-4	0.849636	
12	-3	0.88688	
12	-2	0.924432	
12	-1.5	0.943286	
12	-1	0.962168	
12	-0.5	0.981078	
12	0	1	

12.4	-24	0.283412	
12.4	-22	0.322892	
12.4	-20	0.36679	
12.4	-18	0.414698	
12.4	-16	0.466826	
12.4	-14	0.522996	
12.4	-12	0.583154	
12.4	-11	0.614408	
12.4	-10	0.646718	
12.4	-9	0.679692	
12.4	-8	0.713394	
12.4	-7	0.747654	
12.4	-6	0.782622	
12.4	-5	0.81808	
12.4	-4	0.853882	
12.4	-3	0.89012	
12.4	-2	0.926614	
12.4	-1.5	0.944916	
12.4	-1	0.963262	
12.4	-0.5	0.981624	
12.4	0	1	

12.8	-24	0.296738	
12.8	-22	0.336246	
12.8	-20	0.380112	
12.8	-18	0.427744	
12.8	-16	0.479406	
12.8	-14	0.534706	
12.8	-12	0.593804	
12.8	-11	0.624372	
12.8	-10	0.655864	
12.8	-9	0.688232	
12.8	-8	0.721174	
12.8	-7	0.75457	
12.8	-6	0.788586	
12.8	-5	0.823084	
12.8	-4	0.85797	
12.8	-3	0.89321	
12.8	-2	0.928682	
12.8	-1.5	0.946472	
12.8	-1	0.964292	
12.8	-0.5	0.98214	
12.8	0	1	

13.2	-24	0.309712	
13.2	-22	0.349326	
13.2	-20	0.393016	
13.2	-18	0.440194	
13.2	-16	0.491282	
13.2	-14	0.545868	
13.2	-12	0.603696	
13.2	-11	0.634006	
13.2	-10	0.664706	
13.2	-9	0.696208	
13.2	-8	0.728408	
13.2	-7	0.761122	
13.2	-6	0.79433	
13.2	-5	0.827874	
13.2	-4	0.861832	
13.2	-3	0.89611	
13.2	-2	0.93063	
13.2	-1.5	0.947932	
13.2	-1	0.965272	
13.2	-0.5	0.98263	
13.2	0	1	

13.6	-24	0.322514	
13.6	-22	0.362002	
13.6	-20	0.405498	
13.6	-18	0.452382	
13.6	-16	0.502738	
13.6	-14	0.55646	
13.6	-12	0.613364	
13.6	-11	0.642914	
13.6	-10	0.673206	
13.6	-9	0.703916	
13.6	-8	0.735248	
13.6	-7	0.767216	
13.6	-6	0.799646	
13.6	-5	0.83241	
13.6	-4	0.865528	
13.6	-3	0.898876	
13.6	-2	0.932468	
13.6	-1.5	0.949312	
13.6	-1	0.966192	
13.6	-0.5	0.983092	
13.6	0	1	

14	-24	0.33483	
14	-22	0.374416	
14	-20	0.417506	
14	-18	0.464072	
14	-16	0.513812	
14	-14	0.566738	
14	-12	0.622534	
14	-11	0.65156	
14	-10	0.681102	
14	-9	0.711356	
14	-8	0.741912	
14	-7	0.77305	
14	-6	0.804706	
14	-5	0.836656	
14	-4	0.868986	
14	-3	0.901498	
14	-2	0.934228	
14	-1.5	0.950648	
14	-1	0.96708	
14	-0.5	0.98354	
14	0	1	

14.4	-24	0.34664	
14.4	-22	0.38614	
14.4	-20	0.42918	
14.4	-18	0.475272	
14.4	-16	0.52437	
14.4	-14	0.576576	
14.4	-12	0.631358	
14.4	-11	0.65973	
14.4	-10	0.688704	
14.4	-9	0.718226	
14.4	-8	0.748314	
14.4	-7	0.778734	
14.4	-6	0.809524	
14.4	-5	0.840752	
14.4	-4	0.87224	
14.4	-3	0.903992	
14.4	-2	0.93588	
14.4	-1.5	0.951884	
14.4	-1	0.96792	
14.4	-0.5	0.983954	
14.4	0	1	

14.8	-24	0.358328	
14.8	-22	0.397786	
14.8	-20	0.44046	
14.8	-18	0.486034	
14.8	-16	0.534462	
14.8	-14	0.586048	
14.8	-12	0.639838	
14.8	-11	0.667656	
14.8	-10	0.695952	
14.8	-9	0.724936	
14.8	-8	0.754234	
14.8	-7	0.784078	
14.8	-6	0.814212	
14.8	-5	0.844656	
14.8	-4	0.875378	
14.8	-3	0.906342	
14.8	-2	0.937454	
14.8	-1.5	0.953068	
14.8	-1	0.968708	
14.8	-0.5	0.984344	
14.8	0	1	

15.2	-24	0.369642	
15.2	-22	0.408962	
15.2	-20	0.451378	
15.2	-18	0.49651	
15.2	-16	0.54424	
15.2	-14	0.594884	
15.2	-12	0.647862	
15.2	-11	0.675108	
15.2	-10	0.702968	
15.2	-9	0.731236	
15.2	-8	0.759956	
15.2	-7	0.78909	
15.2	-6	0.81859	
15.2	-5	0.848386	
15.2	-4	0.878398	
15.2	-3	0.908612	
15.2	-2	0.93898	
15.2	-1.5	0.95422	
15.2	-1	0.969464	
15.2	-0.5	0.98473	
15.2	0	1	

15.6	-24	0.380692	
15.6	-22	0.419804	
15.6	-20	0.461814	
15.6	-18	0.506544	
15.6	-16	0.553684	
15.6	-14	0.60354	
15.6	-12	0.655566	
15.6	-11	0.682372	
15.6	-10	0.709602	
15.6	-9	0.737346	
15.6	-8	0.765462	
15.6	-7	0.793954	
15.6	-6	0.822772	
15.6	-5	0.851862	
15.6	-4	0.881212	
15.6	-3	0.91075	
15.6	-2	0.940428	
15.6	-1.5	0.955304	
15.6	-1	0.970192	
15.6	-0.5	0.985094	
15.6	0	1	

16	-24	0.391538	
16	-22	0.4304	
16	-20	0.472024	
16	-18	0.516172	
16	-16	0.562818	
16	-14	0.611834	
16	-12	0.663024	
16	-11	0.689236	
16	-10	0.71601	
16	-9	0.743122	
16	-8	0.77073	
16	-7	0.798636	
16	-6	0.826784	
16	-5	0.855252	
16	-4	0.883926	
16	-3	0.912792	
16	-2	0.94178	
16	-1.5	0.956316	
16	-1	0.970872	
16	-0.5	0.985434	
16	0	1	

16.8	-24	0.411938	
16.8	-22	0.450494	
16.8	-20	0.49132	
16.8	-18	0.534544	
16.8	-16	0.580034	
16.8	-14	0.62743	
16.8	-12	0.676898	
16.8	-11	0.702208	
16.8	-10	0.727974	
16.8	-9	0.754104	
16.8	-8	0.780512	
16.8	-7	0.807294	
16.8	-6	0.834298	
16.8	-5	0.861558	
16.8	-4	0.88903	
16.8	-3	0.916624	
16.8	-2	0.944356	
16.8	-1.5	0.95825	
16.8	-1	0.972156	
16.8	-0.5	0.986076	
16.8	0	1	

17.6	-24	0.431406	
17.6	-22	0.469406	
17.6	-20	0.509504	
17.6	-18	0.551692	
17.6	-16	0.595932	
17.6	-14	0.642002	
17.6	-12	0.689692	
17.6	-11	0.714184	
17.6	-10	0.738998	
17.6	-9	0.764146	
17.6	-8	0.789556	
17.6	-7	0.815256	
17.6	-6	0.841236	
17.6	-5	0.867368	
17.6	-4	0.89367	
17.6	-3	0.920134	
17.6	-2	0.94669	
17.6	-1.5	0.960008	
17.6	-1	0.973332	
17.6	-0.5	0.986664	
17.6	0	1	

18.4	-24	0.449874	
18.4	-22	0.487326	
18.4	-20	0.526544	
18.4	-18	0.5678	
18.4	-16	0.610752	
18.4	-14	0.655436	
18.4	-12	0.701688	
18.4	-11	0.725302	
18.4	-10	0.749156	
18.4	-9	0.773402	
18.4	-8	0.797908	
18.4	-7	0.822638	
18.4	-6	0.847584	
18.4	-5	0.872714	
18.4	-4	0.897968	
18.4	-3	0.923366	
18.4	-2	0.948856	
18.4	-1.5	0.961632	
18.4	-1	0.974416	
18.4	-0.5	0.987206	
18.4	0	1	

19.2	-24	0.46726	
19.2	-22	0.50409	
19.2	-20	0.542578	
19.2	-18	0.582774	
19.2	-16	0.624622	
19.2	-14	0.667926	
19.2	-12	0.712682	
19.2	-11	0.735526	
19.2	-10	0.758662	
19.2	-9	0.782036	
19.2	-8	0.80566	
19.2	-7	0.829424	
19.2	-6	0.853464	
19.2	-5	0.877612	
19.2	-4	0.901946	
19.2	-3	0.926354	
19.2	-2	0.95086	
19.2	-1.5	0.963132	
19.2	-1	0.975416	
19.2	-0.5	0.987706	
19.2	0	1	

20	-24	0.483642	
20	-22	0.519834	
20	-20	0.55755	
20	-18	0.59681	
20	-16	0.637496	
20	-14	0.679624	
20	-12	0.722964	
20	-11	0.745042	
20	-10	0.76741	
20	-9	0.789974	
20	-8	0.812766	
20	-7	0.83576	
20	-6	0.8589	
20	-5	0.882198	
20	-4	0.905608	
20	-3	0.929122	
20	-2	0.952702	
20	-1.5	0.96452	
20	-1	0.97634	
20	-0.5	0.98817	
20	0	1	

20.8	-24	0.49927	
20.8	-22	0.53476	
20.8	-20	0.571684	
20.8	-18	0.610016	
20.8	-16	0.649658	
20.8	-14	0.690574	
20.8	-12	0.73255	
20.8	-11	0.75394	
20.8	-10	0.775532	
20.8	-9	0.797378	
20.8	-8	0.819384	
20.8	-7	0.841618	
20.8	-6	0.863958	
20.8	-5	0.886432	
20.8	-4	0.909008	
20.8	-3	0.931678	
20.8	-2	0.954416	
20.8	-1.5	0.9658	
20.8	-1	0.977196	
20.8	-0.5	0.988596	
20.8	0	1	

21.6	-24	0.514018	
21.6	-22	0.548932	
21.6	-20	0.585112	
21.6	-18	0.622424	
21.6	-16	0.66106	
21.6	-14	0.70076	
21.6	-12	0.741552	
21.6	-11	0.762254	
21.6	-10	0.783222	
21.6	-9	0.804314	
21.6	-8	0.8256	
21.6	-7	0.847068	
21.6	-6	0.86865	
21.6	-5	0.890354	
21.6	-4	0.912162	
21.6	-3	0.934052	
21.6	-2	0.956004	
21.6	-1.5	0.966992	
21.6	-1	0.977992	
21.6	-0.5	0.988994	
21.6	0	1	

22.4	-24	0.528038	
22.4	-22	0.562186	
22.4	-20	0.59755	
22.4	-18	0.63424	
22.4	-16	0.671776	
22.4	-14	0.710416	
22.4	-12	0.749926	
22.4	-11	0.770064	
22.4	-10	0.790346	
22.4	-9	0.810798	
22.4	-8	0.831406	
22.4	-7	0.852172	
22.4	-6	0.873056	
22.4	-5	0.894046	
22.4	-4	0.915132	
22.4	-3	0.93628	
22.4	-2	0.957488	
22.4	-1.5	0.968108	
22.4	-1	0.978734	
22.4	-0.5	0.989366	
22.4	0	1	

23.2	-24	0.541396	
23.2	-22	0.5748	
23.2	-20	0.609434	
23.2	-18	0.645168	
23.2	-16	0.681886	
23.2	-14	0.71942	
23.2	-12	0.757838	
23.2	-11	0.777378	
23.2	-10	0.797008	
23.2	-9	0.81685	
23.2	-8	0.836854	
23.2	-7	0.85697	
23.2	-6	0.877186	
23.2	-5	0.897504	
23.2	-4	0.917898	
23.2	-3	0.93837	
23.2	-2	0.958884	
23.2	-1.5	0.969156	
23.2	-1	0.979434	
23.2	-0.5	0.989716	
23.2	0	1	

24	-24	0.554044	
24	-22	0.586766	
24	-20	0.620616	
24	-18	0.65552	
24	-16	0.691292	
24	-14	0.72793	
24	-12	0.765306	
24	-11	0.784232	
24	-10	0.803318	
24	-9	0.822596	
24	-8	0.841946	
24	-7	0.861476	
24	-6	0.88103	
24	-5	0.90073	
24	-4	0.92049	
24	-3	0.940318	
24	-2	0.960184	
24	-1.5	0.970136	
24	-1	0.980086	
24	-0.5	0.990044	
24	0	1	

24.8	-24	0.566128	
24.8	-22	0.598144	
24.8	-20	0.631216	
24.8	-18	0.665314	
24.8	-16	0.700216	
24.8	-14	0.735886	
24.8	-12	0.772248	
24.8	-11	0.790684	
24.8	-10	0.809238	
24.8	-9	0.82793	
24.8	-8	0.846768	
24.8	-7	0.865666	
24.8	-6	0.884676	
24.8	-5	0.903782	
24.8	-4	0.922942	
24.8	-3	0.942162	
24.8	-2	0.961416	
24.8	-1.5	0.971054	
24.8	-1	0.9807	
24.8	-0.5	0.99035	
24.8	0	1	

25.6	-24	0.57755	
25.6	-22	0.608934	
25.6	-20	0.641392	
25.6	-18	0.674616	
25.6	-16	0.708652	
25.6	-14	0.743416	
25.6	-12	0.77885	
25.6	-11	0.796762	
25.6	-10	0.814856	
25.6	-9	0.832982	
25.6	-8	0.851266	
25.6	-7	0.869632	
25.6	-6	0.888112	
25.6	-5	0.906638	
25.6	-4	0.925234	
25.6	-3	0.943882	
25.6	-2	0.962566	
25.6	-1.5	0.971924	
25.6	-1	0.981278	
25.6	-0.5	0.990638	
25.6	0	1	

26.4	-24	0.588372	
26.4	-22	0.619276	
26.4	-20	0.650928	
26.4	-18	0.683418	
26.4	-16	0.716616	
26.4	-14	0.750536	
26.4	-12	0.785044	
26.4	-11	0.80248	
26.4	-10	0.820058	
26.4	-9	0.83773	
26.4	-8	0.855516	
26.4	-7	0.873386	
26.4	-6	0.89134	
26.4	-5	0.909328	
26.4	-4	0.9274	
26.4	-3	0.945502	
26.4	-2	0.963652	
26.4	-1.5	0.972738	
26.4	-1	0.98182	
26.4	-0.5	0.990912	
26.4	0	1	

27.2	-24	0.598748	
27.2	-22	0.629042	
27.2	-20	0.660054	
27.2	-18	0.691786	
27.2	-16	0.724254	
27.2	-14	0.75728	
27.2	-12	0.790922	
27.2	-11	0.807918	
27.2	-10	0.825016	
27.2	-9	0.842228	
27.2	-8	0.859514	
27.2	-7	0.876912	
27.2	-6	0.894348	
27.2	-5	0.911864	
27.2	-4	0.92943	
27.2	-3	0.947034	
27.2	-2	0.964672	
27.2	-1.5	0.973502	
27.2	-1	0.98233	
27.2	-0.5	0.991166	
27.2	0	1	

28	-24	0.608632	
28	-22	0.638322	
28	-20	0.668738	
28	-18	0.699772	
28	-16	0.73146	
28	-14	0.763714	
28	-12	0.796488	
28	-11	0.813046	
28	-10	0.829736	
28	-9	0.846464	
28	-8	0.863332	
28	-7	0.880236	
28	-6	0.897232	
28	-5	0.914268	
28	-4	0.931364	
28	-3	0.948482	
28	-2	0.965642	
28	-1.5	0.974226	
28	-1	0.982816	
28	-0.5	0.991408	
28	0	1	

28.8	-24	0.618094	
28.8	-22	0.647158	
28.8	-20	0.676988	
28.8	-18	0.707398	
28.8	-16	0.73838	
28.8	-14	0.769856	
28.8	-12	0.801802	
28.8	-11	0.817938	
28.8	-10	0.834202	
28.8	-9	0.850512	
28.8	-8	0.86693	
28.8	-7	0.883402	
28.8	-6	0.899942	
28.8	-5	0.916538	
28.8	-4	0.933176	
28.8	-3	0.949852	
28.8	-2	0.966552	
28.8	-1.5	0.974914	
28.8	-1	0.983272	
28.8	-0.5	0.991636	
28.8	0	1	

29.6	-24	0.62711	
29.6	-22	0.655636	
29.6	-20	0.684784	
29.6	-18	0.714588	
29.6	-16	0.744856	
29.6	-14	0.775646	
29.6	-12	0.80684	
29.6	-11	0.822584	
29.6	-10	0.838404	
29.6	-9	0.854348	
29.6	-8	0.870338	
29.6	-7	0.886402	
29.6	-6	0.902524	
29.6	-5	0.918694	
29.6	-4	0.934906	
29.6	-3	0.95115	
29.6	-2	0.96742	
29.6	-1.5	0.975566	
29.6	-1	0.983706	
29.6	-0.5	0.991852	
29.6	0	1	

30.4	-24	0.635776	
30.4	-22	0.663736	
30.4	-20	0.6923	
30.4	-18	0.72141	
30.4	-16	0.751056	
30.4	-14	0.78114	
30.4	-12	0.811654	
30.4	-11	0.827022	
30.4	-10	0.842476	
30.4	-9	0.85802	
30.4	-8	0.873608	
30.4	-7	0.889296	
30.4	-6	0.904984	
30.4	-5	0.920766	
30.4	-4	0.936552	
30.4	-3	0.9524	
30.4	-2	0.968244	
30.4	-1.5	0.976184	
30.4	-1	0.984122	
30.4	-0.5	0.99206	
30.4	0	1	

31.2	-24	0.64406	
31.2	-22	0.671498	
31.2	-20	0.699458	
31.2	-18	0.727986	
31.2	-16	0.75697	
31.2	-14	0.786386	
31.2	-12	0.816196	
31.2	-11	0.831206	
31.2	-10	0.846296	
31.2	-9	0.861462	
31.2	-8	0.876712	
31.2	-7	0.89199	
31.2	-6	0.907332	
31.2	-5	0.922708	
31.2	-4	0.938128	
31.2	-3	0.953572	
31.2	-2	0.969038	
31.2	-1.5	0.976778	
31.2	-1	0.984514	
31.2	-0.5	0.992258	
31.2	0	1	

32	-24	0.651892	
32	-22	0.678886	
32	-20	0.706326	
32	-18	0.734238	
32	-16	0.76262	
32	-14	0.791396	
32	-12	0.82052	
32	-11	0.835182	
32	-10	0.849956	
32	-9	0.864768	
32	-8	0.879648	
32	-7	0.894574	
32	-6	0.90956	
32	-5	0.924562	
32	-4	0.939618	
32	-3	0.954686	
32	-2	0.96978	
32	-1.5	0.977332	
32	-1	0.984886	
32	-0.5	0.992444	
32	0	1	

32.8	-24	0.659504	
32.8	-22	0.68591	
32.8	-20	0.712892	
32.8	-18	0.740254	
32.8	-16	0.76802	
32.8	-14	0.79619	
32.8	-12	0.82467	
32.8	-11	0.83902	
32.8	-10	0.853442	
32.8	-9	0.867928	
32.8	-8	0.882458	
32.8	-7	0.897044	
32.8	-6	0.911668	
32.8	-5	0.926332	
32.8	-4	0.941034	
32.8	-3	0.955752	
32.8	-2	0.97049	
32.8	-1.5	0.977866	
32.8	-1	0.985242	
32.8	-0.5	0.992622	
32.8	0	1	

33.6	-24	0.666742	
33.6	-22	0.692696	
33.6	-20	0.719114	
33.6	-18	0.74599	
33.6	-16	0.773198	
33.6	-14	0.800766	
33.6	-12	0.828634	
33.6	-11	0.842694	
33.6	-10	0.856776	
33.6	-9	0.870948	
33.6	-8	0.885142	
33.6	-7	0.899406	
33.6	-6	0.9137	
33.6	-5	0.928032	
33.6	-4	0.94239	
33.6	-3	0.95677	
33.6	-2	0.971172	
33.6	-1.5	0.978378	
33.6	-1	0.985582	
33.6	-0.5	0.992792	
33.6	0	1	

34.4	-24	0.673718	
34.4	-22	0.699218	
34.4	-20	0.72515	
34.4	-18	0.751446	
34.4	-16	0.778124	
34.4	-14	0.805152	
34.4	-12	0.83242	
34.4	-11	0.84617	
34.4	-10	0.85996	
34.4	-9	0.873816	
34.4	-8	0.887716	
34.4	-7	0.90166	
34.4	-6	0.915632	
34.4	-5	0.929644	
34.4	-4	0.943684	
34.4	-3	0.957744	
34.4	-2	0.97182	
34.4	-1.5	0.978864	
34.4	-1	0.985908	
34.4	-0.5	0.992954	
34.4	0	1	

35.2	-24	0.68043	
35.2	-22	0.705476	
35.2	-20	0.7309	
35.2	-18	0.756698	
35.2	-16	0.78286	
35.2	-14	0.809308	
35.2	-12	0.836036	
35.2	-11	0.849504	
35.2	-10	0.863016	
35.2	-9	0.87657	
35.2	-8	0.89018	
35.2	-7	0.90381	
35.2	-6	0.917484	
35.2	-5	0.931188	
35.2	-4	0.94492	
35.2	-3	0.958674	
35.2	-2	0.97244	
35.2	-1.5	0.97933	
35.2	-1	0.986218	
35.2	-0.5	0.99311	
35.2	0	1	

36	-24	0.686874	
36	-22	0.711476	
36	-20	0.736424	
36	-18	0.761766	
36	-16	0.7874	
36	-14	0.813334	
36	-12	0.839516	
36	-11	0.852686	
36	-10	0.865914	
36	-9	0.879188	
36	-8	0.892504	
36	-7	0.90587	
36	-6	0.919248	
36	-5	0.932668	
36	-4	0.946102	
36	-3	0.959564	
36	-2	0.973034	
36	-1.5	0.979774	
36	-1	0.986514	
36	-0.5	0.993258	
36	0	1	

36.8	-24	0.693096	
36.8	-22	0.717244	
36.8	-20	0.741762	
36.8	-18	0.766618	
36.8	-16	0.791754	
36.8	-14	0.817192	
36.8	-12	0.842842	
36.8	-11	0.855742	
36.8	-10	0.868718	
36.8	-9	0.88171	
36.8	-8	0.894768	
36.8	-7	0.907838	
36.8	-6	0.920946	
36.8	-5	0.93408	
36.8	-4	0.94724	
36.8	-3	0.960412	
36.8	-2	0.973602	
36.8	-1.5	0.9802	
36.8	-1	0.986798	
36.8	-0.5	0.9934	
36.8	0	1	

37.6	-24	0.699068	
37.6	-22	0.72282	
37.6	-20	0.746876	
37.6	-18	0.771272	
37.6	-16	0.795952	
37.6	-14	0.82088	
37.6	-12	0.846034	
37.6	-11	0.85869	
37.6	-10	0.871406	
37.6	-9	0.88415	
37.6	-8	0.896926	
37.6	-7	0.909732	
37.6	-6	0.922578	
37.6	-5	0.935436	
37.6	-4	0.94832	
37.6	-3	0.961226	
37.6	-2	0.974144	
37.6	-1.5	0.980606	
37.6	-1	0.98707	
37.6	-0.5	0.993536	
37.6	0	1	

38.4	-24	0.70479	
38.4	-22	0.72816	
38.4	-20	0.751826	
38.4	-18	0.775766	
38.4	-16	0.79998	
38.4	-14	0.824438	
38.4	-12	0.849124	
38.4	-11	0.861532	
38.4	-10	0.873978	
38.4	-9	0.886466	
38.4	-8	0.898986	
38.4	-7	0.911542	
38.4	-6	0.924128	
38.4	-5	0.936736	
38.4	-4	0.949368	
38.4	-3	0.962012	
38.4	-2	0.97467	
38.4	-1.5	0.981	
38.4	-1	0.987332	
38.4	-0.5	0.993666	
38.4	0	1	

39.2	-24	0.710326	
39.2	-22	0.73328	
39.2	-20	0.756538	
39.2	-18	0.780084	
39.2	-16	0.803866	
39.2	-14	0.827864	
39.2	-12	0.852072	
39.2	-11	0.864244	
39.2	-10	0.876458	
39.2	-9	0.888708	
39.2	-8	0.900988	
39.2	-7	0.913304	
39.2	-6	0.925636	
39.2	-5	0.937994	
39.2	-4	0.950376	
39.2	-3	0.962768	
39.2	-2	0.975172	
39.2	-1.5	0.98138	
39.2	-1	0.987584	
39.2	-0.5	0.993792	
39.2	0	1	

40	-24	0.715666	
40	-22	0.738242	
40	-20	0.761102	
40	-18	0.784226	
40	-16	0.807584	
40	-14	0.831154	
40	-12	0.85493	
40	-11	0.86687	
40	-10	0.878856	
40	-9	0.890858	
40	-8	0.902912	
40	-7	0.914976	
40	-6	0.927082	
40	-5	0.939202	
40	-4	0.951338	
40	-3	0.963492	
40	-2	0.975656	
40	-1.5	0.981742	
40	-1	0.987826	
40	-0.5	0.993914	
40	0	1	

