0.3	0	1	

0.35	0	1	

0.4	-24	-1.770386e-06	
0.4	-22	-1.736722e-06	
0.4	-20	-1.256372e-07	
0.4	-18	-4.03286e-07	
0.4	-16	-4.04886e-07	
0.4	-14	7.71518e-06	
0.4	-12	0.000913632	
0.4	-11	0.00937704	
0.4	-10	0.0419994	
0.4	-9	0.1029834	
0.4	-8	0.1913176	
0.4	-7	0.305016	
0.4	-6	0.441592	
0.4	-5	0.5843	
0.4	-4	0.715304	
0.4	-3	0.825852	
0.4	-2	0.913318	
0.4	-1.5	0.945218	
0.4	-1	0.970036	
0.4	-0.5	0.986996	
0.4	0	1	

0.5	-24	-7.64646e-07	
0.5	-22	-8.77504e-07	
0.5	-20	-1.0857e-07	
0.5	-18	-1.337882e-06	
0.5	-16	4.52656e-07	
0.5	-14	2.05382e-05	
0.5	-12	0.0021275	
0.5	-11	0.01344204	
0.5	-10	0.0473998	
0.5	-9	0.1094386	
0.5	-8	0.198591	
0.5	-7	0.315876	
0.5	-6	0.452086	
0.5	-5	0.592954	
0.5	-4	0.72278	
0.5	-3	0.832756	
0.5	-2	0.91732	
0.5	-1.5	0.948268	
0.5	-1	0.971044	
0.5	-0.5	0.987286	
0.5	0	1	

0.6	-24	-1.701778e-06	
0.6	-22	-1.047856e-06	
0.6	-20	3.76324e-07	
0.6	-18	-2.25768e-07	
0.6	-16	3.51312e-06	
0.6	-14	0.0001743084	
0.6	-12	0.0043931	
0.6	-11	0.01753584	
0.6	-10	0.0529908	
0.6	-9	0.1171226	
0.6	-8	0.207544	
0.6	-7	0.325742	
0.6	-6	0.461812	
0.6	-5	0.602004	
0.6	-4	0.729924	
0.6	-3	0.838732	
0.6	-2	0.919612	
0.6	-1.5	0.948626	
0.6	-1	0.97097	
0.6	-0.5	0.987148	
0.6	0	1	

0.7	-24	-2.43514e-07	
0.7	-22	3.26662e-09	
0.7	-20	-2.31256e-07	
0.7	-18	5.61744e-07	
0.7	-16	2.3779e-05	
0.7	-14	0.000446476	
0.7	-12	0.00665328	
0.7	-11	0.0225848	
0.7	-10	0.0608866	
0.7	-9	0.125422	
0.7	-8	0.218752	
0.7	-7	0.335996	
0.7	-6	0.470352	
0.7	-5	0.609126	
0.7	-4	0.734938	
0.7	-3	0.840432	
0.7	-2	0.919876	
0.7	-1.5	0.948578	
0.7	-1	0.970082	
0.7	-0.5	0.986428	
0.7	0	1	

0.8	-24	-1.276908e-06	
0.8	-22	6.39324e-07	
0.8	-20	2.78158e-07	
0.8	-18	1.409418e-05	
0.8	-16	9.76868e-05	
0.8	-14	0.00088768	
0.8	-12	0.0100877	
0.8	-11	0.0289004	
0.8	-10	0.069272	
0.8	-9	0.1366504	
0.8	-8	0.230488	
0.8	-7	0.347998	
0.8	-6	0.481738	
0.8	-5	0.616102	
0.8	-4	0.73936	
0.8	-3	0.842604	
0.8	-2	0.919454	
0.8	-1.5	0.947382	
0.8	-1	0.96913	
0.8	-0.5	0.985778	
0.8	0	1	

0.9	-24	-3.36338e-07	
0.9	-22	-7.47542e-07	
0.9	-20	1.20848e-06	
0.9	-18	2.28026e-05	
0.9	-16	0.0001605292	
0.9	-14	0.001660336	
0.9	-12	0.01366734	
0.9	-11	0.0359046	
0.9	-10	0.078383	
0.9	-9	0.1467016	
0.9	-8	0.241486	
0.9	-7	0.358856	
0.9	-6	0.490232	
0.9	-5	0.621986	
0.9	-4	0.743606	
0.9	-3	0.844798	
0.9	-2	0.918446	
0.9	-1.5	0.945644	
0.9	-1	0.967698	
0.9	-0.5	0.98504	
0.9	0	1	

1	-24	-1.174616e-07	
1	-22	5.0217e-07	
1	-20	7.05664e-06	
1	-18	5.19954e-05	
1	-16	0.000383806	
1	-14	0.00278992	
1	-12	0.0188193	
1	-11	0.0434964	
1	-10	0.0884594	
1	-9	0.1587794	
1	-8	0.254208	
1	-7	0.369454	
1	-6	0.499158	
1	-5	0.627758	
1	-4	0.74582	
1	-3	0.844732	
1	-2	0.916962	
1	-1.5	0.943968	
1	-1	0.965886	
1	-0.5	0.984016	
1	0	1	

1.2	-24	2.76052e-06	
1.2	-22	8.05604e-06	
1.2	-20	4.74296e-05	
1.2	-18	0.00023189	
1.2	-16	0.00126599	
1.2	-14	0.0065931	
1.2	-12	0.030471	
1.2	-11	0.0602506	
1.2	-10	0.1101824	
1.2	-9	0.1832882	
1.2	-8	0.278434	
1.2	-7	0.392112	
1.2	-6	0.516134	
1.2	-5	0.63885	
1.2	-4	0.750146	
1.2	-3	0.843652	
1.2	-2	0.91314	
1.2	-1.5	0.939782	
1.2	-1	0.9625	
1.2	-0.5	0.982028	
1.2	0	1	

1.4	-24	6.8305e-06	
1.4	-22	3.48926e-05	
1.4	-20	0.0001670416	
1.4	-18	0.000721474	
1.4	-16	0.002986	
1.4	-14	0.0118305	
1.4	-12	0.0447296	
1.4	-11	0.0800508	
1.4	-10	0.1330736	
1.4	-9	0.20853	
1.4	-8	0.303684	
1.4	-7	0.413392	
1.4	-6	0.531462	
1.4	-5	0.6479	
1.4	-4	0.75161	
1.4	-3	0.840154	
1.4	-2	0.908196	
1.4	-1.5	0.935262	
1.4	-1	0.959228	
1.4	-0.5	0.980114	
1.4	0	1	

1.6	-24	3.63412e-05	
1.6	-22	0.0001415788	
1.6	-20	0.00048898	
1.6	-18	0.001738158	
1.6	-16	0.00582238	
1.6	-14	0.0197227	
1.6	-12	0.060604	
1.6	-11	0.1005674	
1.6	-10	0.1575048	
1.6	-9	0.233686	
1.6	-8	0.32758	
1.6	-7	0.433754	
1.6	-6	0.544464	
1.6	-5	0.65462	
1.6	-4	0.753444	
1.6	-3	0.836892	
1.6	-2	0.903232	
1.6	-1.5	0.931234	
1.6	-1	0.955812	
1.6	-0.5	0.978396	
1.6	0	1	

1.8	-24	0.0001156956	
1.8	-22	0.000353376	
1.8	-20	0.001147152	
1.8	-18	0.00343496	
1.8	-16	0.01035182	
1.8	-14	0.0296382	
1.8	-12	0.0790068	
1.8	-11	0.1223746	
1.8	-10	0.1812248	
1.8	-9	0.258636	
1.8	-8	0.351354	
1.8	-7	0.452092	
1.8	-6	0.557598	
1.8	-5	0.660862	
1.8	-4	0.754044	
1.8	-3	0.833582	
1.8	-2	0.89918	
1.8	-1.5	0.927408	
1.8	-1	0.95301	
1.8	-0.5	0.976958	
1.8	0	1	

2	-24	0.000300154	
2	-22	0.000821246	
2	-20	0.00219766	
2	-18	0.00596722	
2	-16	0.01606016	
2	-14	0.0411078	
2	-12	0.0976818	
2	-11	0.1445618	
2	-10	0.205592	
2	-9	0.282618	
2	-8	0.371762	
2	-7	0.46865	
2	-6	0.568282	
2	-5	0.66482	
2	-4	0.753796	
2	-3	0.831026	
2	-2	0.895964	
2	-1.5	0.924354	
2	-1	0.950636	
2	-0.5	0.975722	
2	0	1	

2.2	-24	0.00065327	
2.2	-22	0.001630322	
2.2	-20	0.003912	
2.2	-18	0.0096308	
2.2	-16	0.0230978	
2.2	-14	0.0540564	
2.2	-12	0.1176084	
2.2	-11	0.1665312	
2.2	-10	0.229374	
2.2	-9	0.304832	
2.2	-8	0.392078	
2.2	-7	0.48361	
2.2	-6	0.578142	
2.2	-5	0.670322	
2.2	-4	0.754264	
2.2	-3	0.828738	
2.2	-2	0.892762	
2.2	-1.5	0.921626	
2.2	-1	0.948654	
2.2	-0.5	0.974654	
2.2	0	1	

2.4	-24	0.001206398	
2.4	-22	0.00271542	
2.4	-20	0.00628908	
2.4	-18	0.0142945	
2.4	-16	0.031799	
2.4	-14	0.0684864	
2.4	-12	0.1376646	
2.4	-11	0.1888758	
2.4	-10	0.251314	
2.4	-9	0.326706	
2.4	-8	0.409366	
2.4	-7	0.497488	
2.4	-6	0.587746	
2.4	-5	0.674652	
2.4	-4	0.754984	
2.4	-3	0.827488	
2.4	-2	0.890424	
2.4	-1.5	0.9194	
2.4	-1	0.9471	
2.4	-0.5	0.97384	
2.4	0	1	

2.6	-24	0.00207182	
2.6	-22	0.0044792	
2.6	-20	0.0094918	
2.6	-18	0.0201076	
2.6	-16	0.041669	
2.6	-14	0.0834006	
2.6	-12	0.1576944	
2.6	-11	0.209732	
2.6	-10	0.272848	
2.6	-9	0.34615	
2.6	-8	0.42619	
2.6	-7	0.510728	
2.6	-6	0.59596	
2.6	-5	0.678624	
2.6	-4	0.755802	
2.6	-3	0.825666	
2.6	-2	0.888782	
2.6	-1.5	0.917874	
2.6	-1	0.945948	
2.6	-0.5	0.973184	
2.6	0	1	

2.8	-24	0.0032786	
2.8	-22	0.00660198	
2.8	-20	0.013482	
2.8	-18	0.026937	
2.8	-16	0.052448	
2.8	-14	0.0995022	
2.8	-12	0.1774896	
2.8	-11	0.2302	
2.8	-10	0.293174	
2.8	-9	0.3646	
2.8	-8	0.441574	
2.8	-7	0.522456	
2.8	-6	0.60377	
2.8	-5	0.68334	
2.8	-4	0.757206	
2.8	-3	0.825582	
2.8	-2	0.88768	
2.8	-1.5	0.916846	
2.8	-1	0.94513	
2.8	-0.5	0.972744	
2.8	0	1	

3	-24	0.0048735	
3	-22	0.00940622	
3	-20	0.01823678	
3	-18	0.0343452	
3	-16	0.0640968	
3	-14	0.115119	
3	-12	0.1966336	
3	-11	0.250392	
3	-10	0.312434	
3	-9	0.382152	
3	-8	0.456274	
3	-7	0.533546	
3	-6	0.610948	
3	-5	0.68729	
3	-4	0.75852	
3	-3	0.824772	
3	-2	0.88661	
3	-1.5	0.915864	
3	-1	0.944484	
3	-0.5	0.972368	
3	0	1	

3.2	-24	0.00694052	
3.2	-22	0.01293638	
3.2	-20	0.0238054	
3.2	-18	0.0431756	
3.2	-16	0.0766058	
3.2	-14	0.1316362	
3.2	-12	0.21541	
3.2	-11	0.269128	
3.2	-10	0.330336	
3.2	-9	0.398256	
3.2	-8	0.469982	
3.2	-7	0.543952	
3.2	-6	0.617972	
3.2	-5	0.691452	
3.2	-4	0.760918	
3.2	-3	0.825678	
3.2	-2	0.886274	
3.2	-1.5	0.915446	
3.2	-1	0.943986	
3.2	-0.5	0.972144	
3.2	0	1	

3.4	-24	0.00955178	
3.4	-22	0.0169558	
3.4	-20	0.030035	
3.4	-18	0.0524652	
3.4	-16	0.0898092	
3.4	-14	0.147992	
3.4	-12	0.233746	
3.4	-11	0.287228	
3.4	-10	0.347688	
3.4	-9	0.413794	
3.4	-8	0.482958	
3.4	-7	0.554	
3.4	-6	0.62553	
3.4	-5	0.695818	
3.4	-4	0.762772	
3.4	-3	0.826426	
3.4	-2	0.886252	
3.4	-1.5	0.915528	
3.4	-1	0.943972	
3.4	-0.5	0.971988	
3.4	0	1	

3.6	-24	0.01260148	
3.6	-22	0.0216722	
3.6	-20	0.0368854	
3.6	-18	0.0622746	
3.6	-16	0.1031266	
3.6	-14	0.1643424	
3.6	-12	0.250854	
3.6	-11	0.304228	
3.6	-10	0.363296	
3.6	-9	0.427702	
3.6	-8	0.494402	
3.6	-7	0.563392	
3.6	-6	0.63192	
3.6	-5	0.700136	
3.6	-4	0.764736	
3.6	-3	0.826852	
3.6	-2	0.886732	
3.6	-1.5	0.915682	
3.6	-1	0.944002	
3.6	-0.5	0.972056	
3.6	0	1	

3.8	-24	0.01615072	
3.8	-22	0.0269258	
3.8	-20	0.0446966	
3.8	-18	0.0729684	
3.8	-16	0.11652	
3.8	-14	0.1804968	
3.8	-12	0.267532	
3.8	-11	0.320348	
3.8	-10	0.378334	
3.8	-9	0.44044	
3.8	-8	0.505854	
3.8	-7	0.572514	
3.8	-6	0.637976	
3.8	-5	0.704302	
3.8	-4	0.767322	
3.8	-3	0.828294	
3.8	-2	0.887268	
3.8	-1.5	0.915752	
3.8	-1	0.944054	
3.8	-0.5	0.972086	
3.8	0	1	

4	-24	0.0202298	
4	-22	0.0329424	
4	-20	0.0527916	
4	-18	0.084063	
4	-16	0.1302208	
4	-14	0.196055	
4	-12	0.283776	
4	-11	0.336068	
4	-10	0.392546	
4	-9	0.453384	
4	-8	0.516078	
4	-7	0.58072	
4	-6	0.645128	
4	-5	0.708254	
4	-4	0.770032	
4	-3	0.82981	
4	-2	0.888046	
4	-1.5	0.91626	
4	-1	0.944366	
4	-0.5	0.972206	
4	0	1	

4.2	-24	0.024895	
4.2	-22	0.039262	
4.2	-20	0.061643	
4.2	-18	0.0953378	
4.2	-16	0.143778	
4.2	-14	0.21165	
4.2	-12	0.29916	
4.2	-11	0.350308	
4.2	-10	0.406098	
4.2	-9	0.464906	
4.2	-8	0.525884	
4.2	-7	0.58837	
4.2	-6	0.650936	
4.2	-5	0.712264	
4.2	-4	0.773016	
4.2	-3	0.831446	
4.2	-2	0.888646	
4.2	-1.5	0.916792	
4.2	-1	0.944756	
4.2	-0.5	0.972442	
4.2	0	1	

4.4	-24	0.0298348	
4.4	-22	0.0463056	
4.4	-20	0.0708548	
4.4	-18	0.1069186	
4.4	-16	0.157369	
4.4	-14	0.226336	
4.4	-12	0.313926	
4.4	-11	0.36457	
4.4	-10	0.41915	
4.4	-9	0.476818	
4.4	-8	0.536048	
4.4	-7	0.596084	
4.4	-6	0.65689	
4.4	-5	0.716794	
4.4	-4	0.775662	
4.4	-3	0.833492	
4.4	-2	0.889896	
4.4	-1.5	0.917642	
4.4	-1	0.945228	
4.4	-0.5	0.972594	
4.4	0	1	

4.6	-24	0.0352914	
4.6	-22	0.0536804	
4.6	-20	0.0802252	
4.6	-18	0.118537	
4.6	-16	0.1713564	
4.6	-14	0.240824	
4.6	-12	0.328076	
4.6	-11	0.377968	
4.6	-10	0.43196	
4.6	-9	0.487698	
4.6	-8	0.544954	
4.6	-7	0.60376	
4.6	-6	0.66275	
4.6	-5	0.720954	
4.6	-4	0.778824	
4.6	-3	0.835358	
4.6	-2	0.890968	
4.6	-1.5	0.918388	
4.6	-1	0.94569	
4.6	-0.5	0.972882	
4.6	0	1	

4.8	-24	0.0413262	
4.8	-22	0.0615304	
4.8	-20	0.0902936	
4.8	-18	0.1302164	
4.8	-16	0.1846664	
4.8	-14	0.255376	
4.8	-12	0.342072	
4.8	-11	0.391028	
4.8	-10	0.44314	
4.8	-9	0.498198	
4.8	-8	0.553942	
4.8	-7	0.611066	
4.8	-6	0.66824	
4.8	-5	0.725538	
4.8	-4	0.781838	
4.8	-3	0.837396	
4.8	-2	0.892238	
4.8	-1.5	0.919234	
4.8	-1	0.946312	
4.8	-0.5	0.973172	
4.8	0	1	

5	-24	0.0476834	
5	-22	0.069545	
5	-20	0.10029	
5	-18	0.1419704	
5	-16	0.1980734	
5	-14	0.26825	
5	-12	0.354696	
5	-11	0.403352	
5	-10	0.454424	
5	-9	0.50776	
5	-8	0.562394	
5	-7	0.61776	
5	-6	0.673262	
5	-5	0.729634	
5	-4	0.784938	
5	-3	0.839668	
5	-2	0.893474	
5	-1.5	0.92025	
5	-1	0.94692	
5	-0.5	0.97345	
5	0	1	

5.2	-24	0.0545116	
5.2	-22	0.077992	
5.2	-20	0.110372	
5.2	-18	0.1540918	
5.2	-16	0.211202	
5.2	-14	0.28189	
5.2	-12	0.36714	
5.2	-11	0.414558	
5.2	-10	0.464948	
5.2	-9	0.517332	
5.2	-8	0.570342	
5.2	-7	0.624656	
5.2	-6	0.679186	
5.2	-5	0.733924	
5.2	-4	0.787858	
5.2	-3	0.841816	
5.2	-2	0.894962	
5.2	-1.5	0.92121	
5.2	-1	0.947486	
5.2	-0.5	0.97378	
5.2	0	1	

5.4	-24	0.0613288	
5.4	-22	0.0865696	
5.4	-20	0.1206566	
5.4	-18	0.1654658	
5.4	-16	0.223802	
5.4	-14	0.294596	
5.4	-12	0.379264	
5.4	-11	0.426458	
5.4	-10	0.475418	
5.4	-9	0.52632	
5.4	-8	0.578176	
5.4	-7	0.631286	
5.4	-6	0.684464	
5.4	-5	0.737976	
5.4	-4	0.79121	
5.4	-3	0.8441	
5.4	-2	0.89634	
5.4	-1.5	0.922314	
5.4	-1	0.948252	
5.4	-0.5	0.97414	
5.4	0	1	

5.6	-24	0.0687786	
5.6	-22	0.0953212	
5.6	-20	0.1309854	
5.6	-18	0.1769668	
5.6	-16	0.236092	
5.6	-14	0.306832	
5.6	-12	0.391354	
5.6	-11	0.437328	
5.6	-10	0.485276	
5.6	-9	0.534864	
5.6	-8	0.58573	
5.6	-7	0.637442	
5.6	-6	0.689316	
5.6	-5	0.741846	
5.6	-4	0.794256	
5.6	-3	0.846088	
5.6	-2	0.897608	
5.6	-1.5	0.923248	
5.6	-1	0.948878	
5.6	-0.5	0.974462	
5.6	0	1	

5.8	-24	0.0762688	
5.8	-22	0.1043798	
5.8	-20	0.1412354	
5.8	-18	0.1886924	
5.8	-16	0.24802	
5.8	-14	0.319174	
5.8	-12	0.402164	
5.8	-11	0.44747	
5.8	-10	0.49467	
5.8	-9	0.543212	
5.8	-8	0.593294	
5.8	-7	0.643622	
5.8	-6	0.694788	
5.8	-5	0.745704	
5.8	-4	0.796976	
5.8	-3	0.848154	
5.8	-2	0.898968	
5.8	-1.5	0.924168	
5.8	-1	0.949576	
5.8	-0.5	0.974768	
5.8	0	1	

6	-24	0.083918	
6	-22	0.1135316	
6	-20	0.1515824	
6	-18	0.1999694	
6	-16	0.25959	
6	-14	0.330914	
6	-12	0.413154	
6	-11	0.456984	
6	-10	0.503528	
6	-9	0.551316	
6	-8	0.600228	
6	-7	0.649648	
6	-6	0.69989	
6	-5	0.749838	
6	-4	0.800108	
6	-3	0.850492	
6	-2	0.900332	
6	-1.5	0.925296	
6	-1	0.950252	
6	-0.5	0.975134	
6	0	1	

6.2	-24	0.0918476	
6.2	-22	0.1226416	
6.2	-20	0.1618238	
6.2	-18	0.211298	
6.2	-16	0.271284	
6.2	-14	0.342244	
6.2	-12	0.423348	
6.2	-11	0.466822	
6.2	-10	0.512292	
6.2	-9	0.55908	
6.2	-8	0.607072	
6.2	-7	0.655566	
6.2	-6	0.704616	
6.2	-5	0.75379	
6.2	-4	0.803222	
6.2	-3	0.852512	
6.2	-2	0.901884	
6.2	-1.5	0.926356	
6.2	-1	0.950896	
6.2	-0.5	0.975458	
6.2	0	1	

6.4	-24	0.0995334	
6.4	-22	0.131859	
6.4	-20	0.1722692	
6.4	-18	0.221842	
6.4	-16	0.28285	
6.4	-14	0.35309	
6.4	-12	0.433474	
6.4	-11	0.476148	
6.4	-10	0.520852	
6.4	-9	0.56685	
6.4	-8	0.613434	
6.4	-7	0.661168	
6.4	-6	0.709514	
6.4	-5	0.757634	
6.4	-4	0.80613	
6.4	-3	0.854838	
6.4	-2	0.903244	
6.4	-1.5	0.927418	
6.4	-1	0.951638	
6.4	-0.5	0.975832	
6.4	0	1	

6.6	-24	0.1079248	
6.6	-22	0.1412152	
6.6	-20	0.1822554	
6.6	-18	0.232948	
6.6	-16	0.29375	
6.6	-14	0.363606	
6.6	-12	0.442722	
6.6	-11	0.485234	
6.6	-10	0.5289	
6.6	-9	0.574068	
6.6	-8	0.619984	
6.6	-7	0.666724	
6.6	-6	0.713894	
6.6	-5	0.761668	
6.6	-4	0.809196	
6.6	-3	0.856998	
6.6	-2	0.904712	
6.6	-1.5	0.928524	
6.6	-1	0.952362	
6.6	-0.5	0.976172	
6.6	0	1	

6.8	-24	0.116006	
6.8	-22	0.1503868	
6.8	-20	0.1923054	
6.8	-18	0.243786	
6.8	-16	0.304584	
6.8	-14	0.373842	
6.8	-12	0.452104	
6.8	-11	0.493786	
6.8	-10	0.536882	
6.8	-9	0.580796	
6.8	-8	0.62639	
6.8	-7	0.672162	
6.8	-6	0.718364	
6.8	-5	0.765152	
6.8	-4	0.812154	
6.8	-3	0.858938	
6.8	-2	0.9061	
6.8	-1.5	0.929548	
6.8	-1	0.953026	
6.8	-0.5	0.976518	
6.8	0	1	

7	-24	0.1242194	
7	-22	0.159507	
7	-20	0.202198	
7	-18	0.254338	
7	-16	0.31462	
7	-14	0.383816	
7	-12	0.461054	
7	-11	0.502068	
7	-10	0.544266	
7	-9	0.587984	
7	-8	0.63241	
7	-7	0.677432	
7	-6	0.722708	
7	-5	0.768778	
7	-4	0.815152	
7	-3	0.861122	
7	-2	0.907338	
7	-1.5	0.930548	
7	-1	0.953726	
7	-0.5	0.976868	
7	0	1	

7.2	-24	0.132831	
7.2	-22	0.1686436	
7.2	-20	0.212544	
7.2	-18	0.264522	
7.2	-16	0.324494	
7.2	-14	0.39329	
7.2	-12	0.469848	
7.2	-11	0.510234	
7.2	-10	0.551732	
7.2	-9	0.594522	
7.2	-8	0.638104	
7.2	-7	0.682582	
7.2	-6	0.727164	
7.2	-5	0.772386	
7.2	-4	0.817654	
7.2	-3	0.863322	
7.2	-2	0.908728	
7.2	-1.5	0.931562	
7.2	-1	0.954388	
7.2	-0.5	0.977192	
7.2	0	1	

7.4	-24	0.1412446	
7.4	-22	0.177606	
7.4	-20	0.222272	
7.4	-18	0.274526	
7.4	-16	0.33427	
7.4	-14	0.402828	
7.4	-12	0.478204	
7.4	-11	0.518058	
7.4	-10	0.559118	
7.4	-9	0.600724	
7.4	-8	0.643756	
7.4	-7	0.687294	
7.4	-6	0.73146	
7.4	-5	0.775678	
7.4	-4	0.820474	
7.4	-3	0.865196	
7.4	-2	0.910172	
7.4	-1.5	0.932622	
7.4	-1	0.95506	
7.4	-0.5	0.977526	
7.4	0	1	

7.6	-24	0.1497212	
7.6	-22	0.1866428	
7.6	-20	0.231834	
7.6	-18	0.28413	
7.6	-16	0.344178	
7.6	-14	0.411804	
7.6	-12	0.486326	
7.6	-11	0.52543	
7.6	-10	0.565988	
7.6	-9	0.607198	
7.6	-8	0.649358	
7.6	-7	0.6925	
7.6	-6	0.735504	
7.6	-5	0.77935	
7.6	-4	0.823098	
7.6	-3	0.86729	
7.6	-2	0.911428	
7.6	-1.5	0.933556	
7.6	-1	0.955684	
7.6	-0.5	0.977854	
7.6	0	1	

7.8	-24	0.1579848	
7.8	-22	0.195809	
7.8	-20	0.241288	
7.8	-18	0.293772	
7.8	-16	0.353312	
7.8	-14	0.420688	
7.8	-12	0.494276	
7.8	-11	0.532666	
7.8	-10	0.572772	
7.8	-9	0.613476	
7.8	-8	0.65474	
7.8	-7	0.696914	
7.8	-6	0.739604	
7.8	-5	0.78251	
7.8	-4	0.825762	
7.8	-3	0.869236	
7.8	-2	0.91276	
7.8	-1.5	0.934608	
7.8	-1	0.956382	
7.8	-0.5	0.97818	
7.8	0	1	

8	-24	0.1658704	
8	-22	0.204866	
8	-20	0.250402	
8	-18	0.303082	
8	-16	0.362372	
8	-14	0.429032	
8	-12	0.501968	
8	-11	0.539928	
8	-10	0.579282	
8	-9	0.619272	
8	-8	0.660304	
8	-7	0.701566	
8	-6	0.743506	
8	-5	0.7858	
8	-4	0.828276	
8	-3	0.871076	
8	-2	0.914026	
8	-1.5	0.935522	
8	-1	0.956998	
8	-0.5	0.97849	
8	0	1	

8.2	-24	0.1743312	
8.2	-22	0.213598	
8.2	-20	0.259104	
8.2	-18	0.312108	
8.2	-16	0.371104	
8.2	-14	0.437502	
8.2	-12	0.50952	
8.2	-11	0.546684	
8.2	-10	0.585526	
8.2	-9	0.625148	
8.2	-8	0.66519	
8.2	-7	0.705728	
8.2	-6	0.747358	
8.2	-5	0.788756	
8.2	-4	0.830952	
8.2	-3	0.87297	
8.2	-2	0.9152	
8.2	-1.5	0.936384	
8.2	-1	0.957582	
8.2	-0.5	0.978786	
8.2	0	1	

8.4	-24	0.182492	
8.4	-22	0.222014	
8.4	-20	0.26812	
8.4	-18	0.321008	
8.4	-16	0.380026	
8.4	-14	0.445596	
8.4	-12	0.516516	
8.4	-11	0.553714	
8.4	-10	0.591658	
8.4	-9	0.630382	
8.4	-8	0.670094	
8.4	-7	0.710268	
8.4	-6	0.750892	
8.4	-5	0.792142	
8.4	-4	0.833258	
8.4	-3	0.87484	
8.4	-2	0.916482	
8.4	-1.5	0.937336	
8.4	-1	0.9582	
8.4	-0.5	0.979094	
8.4	0	1	

8.6	-24	0.1905672	
8.6	-22	0.230864	
8.6	-20	0.277164	
8.6	-18	0.330084	
8.6	-16	0.388458	
8.6	-14	0.453468	
8.6	-12	0.523648	
8.6	-11	0.560168	
8.6	-10	0.597666	
8.6	-9	0.636022	
8.6	-8	0.674736	
8.6	-7	0.714576	
8.6	-6	0.754234	
8.6	-5	0.79499	
8.6	-4	0.835794	
8.6	-3	0.876566	
8.6	-2	0.91763	
8.6	-1.5	0.938224	
8.6	-1	0.958806	
8.6	-0.5	0.979404	
8.6	0	1	

8.8	-24	0.198529	
8.8	-22	0.23938	
8.8	-20	0.285976	
8.8	-18	0.338532	
8.8	-16	0.39648	
8.8	-14	0.461148	
8.8	-12	0.530566	
8.8	-11	0.56627	
8.8	-10	0.603502	
8.8	-9	0.64143	
8.8	-8	0.679592	
8.8	-7	0.718506	
8.8	-6	0.75796	
8.8	-5	0.797784	
8.8	-4	0.838014	
8.8	-3	0.87834	
8.8	-2	0.918794	
8.8	-1.5	0.939088	
8.8	-1	0.959374	
8.8	-0.5	0.979678	
8.8	0	1	

9	-24	0.206516	
9	-22	0.247428	
9	-20	0.294502	
9	-18	0.34693	
9	-16	0.404774	
9	-14	0.468656	
9	-12	0.537138	
9	-11	0.572426	
9	-10	0.60911	
9	-9	0.64652	
9	-8	0.68396	
9	-7	0.722474	
9	-6	0.76171	
9	-5	0.800656	
9	-4	0.840258	
9	-3	0.880112	
9	-2	0.919988	
9	-1.5	0.939964	
9	-1	0.959964	
9	-0.5	0.979976	
9	0	1	

9.2	-24	0.2144	
9.2	-22	0.255592	
9.2	-20	0.302816	
9.2	-18	0.35499	
9.2	-16	0.412644	
9.2	-14	0.475874	
9.2	-12	0.543474	
9.2	-11	0.578638	
9.2	-10	0.61457	
9.2	-9	0.65131	
9.2	-8	0.688746	
9.2	-7	0.72644	
9.2	-6	0.764836	
9.2	-5	0.803416	
9.2	-4	0.842498	
9.2	-3	0.881676	
9.2	-2	0.92106	
9.2	-1.5	0.940786	
9.2	-1	0.960512	
9.2	-0.5	0.980264	
9.2	0	1	

9.4	-24	0.222252	
9.4	-22	0.26377	
9.4	-20	0.310712	
9.4	-18	0.363204	
9.4	-16	0.420358	
9.4	-14	0.482878	
9.4	-12	0.54978	
9.4	-11	0.584652	
9.4	-10	0.619768	
9.4	-9	0.656214	
9.4	-8	0.693118	
9.4	-7	0.730358	
9.4	-6	0.768212	
9.4	-5	0.806216	
9.4	-4	0.844686	
9.4	-3	0.883332	
9.4	-2	0.922172	
9.4	-1.5	0.941584	
9.4	-1	0.96105	
9.4	-0.5	0.980526	
9.4	0	1	

9.6	-24	0.23038	
9.6	-22	0.271878	
9.6	-20	0.318942	
9.6	-18	0.371116	
9.6	-16	0.428038	
9.6	-14	0.489864	
9.6	-12	0.555792	
9.6	-11	0.590276	
9.6	-10	0.625004	
9.6	-9	0.660968	
9.6	-8	0.69731	
9.6	-7	0.73415	
9.6	-6	0.771372	
9.6	-5	0.808868	
9.6	-4	0.84688	
9.6	-3	0.884956	
9.6	-2	0.923238	
9.6	-1.5	0.942378	
9.6	-1	0.96158	
9.6	-0.5	0.980782	
9.6	0	1	

9.8	-24	0.238018	
9.8	-22	0.279666	
9.8	-20	0.326748	
9.8	-18	0.378752	
9.8	-16	0.435268	
9.8	-14	0.496716	
9.8	-12	0.56175	
9.8	-11	0.595776	
9.8	-10	0.630324	
9.8	-9	0.665606	
9.8	-8	0.701508	
9.8	-7	0.737804	
9.8	-6	0.774394	
9.8	-5	0.811524	
9.8	-4	0.84889	
9.8	-3	0.886466	
9.8	-2	0.92427	
9.8	-1.5	0.943176	
9.8	-1	0.962092	
9.8	-0.5	0.981048	
9.8	0	1	

10	-24	0.245546	
10	-22	0.287662	
10	-20	0.33435	
10	-18	0.386346	
10	-16	0.44227	
10	-14	0.503054	
10	-12	0.567596	
10	-11	0.600996	
10	-10	0.635286	
10	-9	0.670118	
10	-8	0.705474	
10	-7	0.74132	
10	-6	0.77756	
10	-5	0.814116	
10	-4	0.850934	
10	-3	0.887984	
10	-2	0.925234	
10	-1.5	0.943902	
10	-1	0.962596	
10	-0.5	0.9813	
10	0	1	

10.2	-24	0.252968	
10.2	-22	0.295308	
10.2	-20	0.341908	
10.2	-18	0.393702	
10.2	-16	0.449322	
10.2	-14	0.509496	
10.2	-12	0.573382	
10.2	-11	0.606604	
10.2	-10	0.640326	
10.2	-9	0.674434	
10.2	-8	0.709556	
10.2	-7	0.74489	
10.2	-6	0.780494	
10.2	-5	0.816644	
10.2	-4	0.852978	
10.2	-3	0.889564	
10.2	-2	0.926292	
10.2	-1.5	0.944704	
10.2	-1	0.963124	
10.2	-0.5	0.981554	
10.2	0	1	

10.4	-24	0.260364	
10.4	-22	0.302872	
10.4	-20	0.349364	
10.4	-18	0.400842	
10.4	-16	0.456008	
10.4	-14	0.515768	
10.4	-12	0.578684	
10.4	-11	0.61153	
10.4	-10	0.644842	
10.4	-9	0.678668	
10.4	-8	0.713332	
10.4	-7	0.748132	
10.4	-6	0.783378	
10.4	-5	0.819032	
10.4	-4	0.854902	
10.4	-3	0.891028	
10.4	-2	0.927242	
10.4	-1.5	0.945404	
10.4	-1	0.963594	
10.4	-0.5	0.981796	
10.4	0	1	

10.6	-24	0.26784	
10.6	-22	0.310162	
10.6	-20	0.356488	
10.6	-18	0.40788	
10.6	-16	0.462482	
10.6	-14	0.521814	
10.6	-12	0.58422	
10.6	-11	0.616548	
10.6	-10	0.649556	
10.6	-9	0.683028	
10.6	-8	0.716986	
10.6	-7	0.751472	
10.6	-6	0.7863	
10.6	-5	0.821398	
10.6	-4	0.856836	
10.6	-3	0.892458	
10.6	-2	0.928234	
10.6	-1.5	0.946166	
10.6	-1	0.964102	
10.6	-0.5	0.982042	
10.6	0	1	

10.8	-24	0.275186	
10.8	-22	0.317328	
10.8	-20	0.363828	
10.8	-18	0.414644	
10.8	-16	0.469218	
10.8	-14	0.527882	
10.8	-12	0.589684	
10.8	-11	0.621426	
10.8	-10	0.65404	
10.8	-9	0.68722	
10.8	-8	0.72054	
10.8	-7	0.754674	
10.8	-6	0.78902	
10.8	-5	0.82369	
10.8	-4	0.858716	
10.8	-3	0.893872	
10.8	-2	0.929186	
10.8	-1.5	0.946868	
10.8	-1	0.964556	
10.8	-0.5	0.982276	
10.8	0	1	

11	-24	0.282232	
11	-22	0.324416	
11	-20	0.370654	
11	-18	0.421236	
11	-16	0.47551	
11	-14	0.533584	
11	-12	0.594752	
11	-11	0.62607	
11	-10	0.658506	
11	-9	0.691226	
11	-8	0.724224	
11	-7	0.757758	
11	-6	0.791834	
11	-5	0.82598	
11	-4	0.860462	
11	-3	0.89521	
11	-2	0.930056	
11	-1.5	0.947534	
11	-1	0.965018	
11	-0.5	0.982506	
11	0	1	

11.2	-24	0.289316	
11.2	-22	0.331448	
11.2	-20	0.377698	
11.2	-18	0.427978	
11.2	-16	0.481542	
11.2	-14	0.539292	
11.2	-12	0.599896	
11.2	-11	0.630814	
11.2	-10	0.662682	
11.2	-9	0.694994	
11.2	-8	0.727772	
11.2	-7	0.760834	
11.2	-6	0.794472	
11.2	-5	0.828268	
11.2	-4	0.862306	
11.2	-3	0.896502	
11.2	-2	0.93092	
11.2	-1.5	0.948172	
11.2	-1	0.965438	
11.2	-0.5	0.982716	
11.2	0	1	

11.4	-24	0.29628	
11.4	-22	0.338326	
11.4	-20	0.384546	
11.4	-18	0.43458	
11.4	-16	0.487702	
11.4	-14	0.54475	
11.4	-12	0.604622	
11.4	-11	0.635384	
11.4	-10	0.666902	
11.4	-9	0.69889	
11.4	-8	0.731086	
11.4	-7	0.763848	
11.4	-6	0.796958	
11.4	-5	0.83042	
11.4	-4	0.864024	
11.4	-3	0.89787	
11.4	-2	0.931824	
11.4	-1.5	0.948854	
11.4	-1	0.965898	
11.4	-0.5	0.982946	
11.4	0	1	

11.6	-24	0.303048	
11.6	-22	0.34505	
11.6	-20	0.391232	
11.6	-18	0.440782	
11.6	-16	0.493568	
11.6	-14	0.549972	
11.6	-12	0.609326	
11.6	-11	0.63992	
11.6	-10	0.670828	
11.6	-9	0.702574	
11.6	-8	0.734466	
11.6	-7	0.766786	
11.6	-6	0.799508	
11.6	-5	0.832538	
11.6	-4	0.865758	
11.6	-3	0.89919	
11.6	-2	0.93271	
11.6	-1.5	0.949504	
11.6	-1	0.966326	
11.6	-0.5	0.983162	
11.6	0	1	

11.8	-24	0.309654	
11.8	-22	0.351926	
11.8	-20	0.397606	
11.8	-18	0.447076	
11.8	-16	0.499364	
11.8	-14	0.555336	
11.8	-12	0.614122	
11.8	-11	0.644154	
11.8	-10	0.674956	
11.8	-9	0.706206	
11.8	-8	0.737742	
11.8	-7	0.769828	
11.8	-6	0.802094	
11.8	-5	0.834562	
11.8	-4	0.867404	
11.8	-3	0.900406	
11.8	-2	0.933536	
11.8	-1.5	0.950138	
11.8	-1	0.966758	
11.8	-0.5	0.983372	
11.8	0	1	

12	-24	0.316308	
12	-22	0.358486	
12	-20	0.403854	
12	-18	0.452994	
12	-16	0.505078	
12	-14	0.560496	
12	-12	0.618604	
12	-11	0.648688	
12	-10	0.678852	
12	-9	0.70975	
12	-8	0.741012	
12	-7	0.772596	
12	-6	0.804496	
12	-5	0.836644	
12	-4	0.869038	
12	-3	0.90161	
12	-2	0.934328	
12	-1.5	0.950714	
12	-1	0.967144	
12	-0.5	0.983568	
12	0	1	

12.4	-24	0.329178	
12.4	-22	0.371284	
12.4	-20	0.416292	
12.4	-18	0.464958	
12.4	-16	0.516262	
12.4	-14	0.570504	
12.4	-12	0.627294	
12.4	-11	0.656644	
12.4	-10	0.686418	
12.4	-9	0.716472	
12.4	-8	0.747026	
12.4	-7	0.777884	
12.4	-6	0.809022	
12.4	-5	0.840534	
12.4	-4	0.872194	
12.4	-3	0.903986	
12.4	-2	0.935926	
12.4	-1.5	0.95192	
12.4	-1	0.967942	
12.4	-0.5	0.983968	
12.4	0	1	

12.8	-24	0.341688	
12.8	-22	0.383472	
12.8	-20	0.428118	
12.8	-18	0.47621	
12.8	-16	0.526702	
12.8	-14	0.580264	
12.8	-12	0.635794	
12.8	-11	0.664406	
12.8	-10	0.693566	
12.8	-9	0.723184	
12.8	-8	0.752926	
12.8	-7	0.783154	
12.8	-6	0.813618	
12.8	-5	0.844236	
12.8	-4	0.87516	
12.8	-3	0.906244	
12.8	-2	0.937462	
12.8	-1.5	0.953066	
12.8	-1	0.968706	
12.8	-0.5	0.98435	
12.8	0	1	

13.2	-24	0.354004	
13.2	-22	0.395414	
13.2	-20	0.43989	
13.2	-18	0.486874	
13.2	-16	0.536934	
13.2	-14	0.589304	
13.2	-12	0.643756	
13.2	-11	0.672026	
13.2	-10	0.70038	
13.2	-9	0.72927	
13.2	-8	0.758632	
13.2	-7	0.78801	
13.2	-6	0.817894	
13.2	-5	0.847862	
13.2	-4	0.878016	
13.2	-3	0.908374	
13.2	-2	0.938852	
13.2	-1.5	0.95412	
13.2	-1	0.969404	
13.2	-0.5	0.9847	
13.2	0	1	

13.6	-24	0.365836	
13.6	-22	0.406984	
13.6	-20	0.450792	
13.6	-18	0.49752	
13.6	-16	0.54667	
13.6	-14	0.598222	
13.6	-12	0.651496	
13.6	-11	0.679124	
13.6	-10	0.707048	
13.6	-9	0.735368	
13.6	-8	0.763944	
13.6	-7	0.7929	
13.6	-6	0.821934	
13.6	-5	0.851234	
13.6	-4	0.880846	
13.6	-3	0.9105	
13.6	-2	0.940266	
13.6	-1.5	0.95519	
13.6	-1	0.97011	
13.6	-0.5	0.985054	
13.6	0	1	

14	-24	0.377242	
14	-22	0.418006	
14	-20	0.461456	
14	-18	0.507668	
14	-16	0.5562	
14	-14	0.606764	
14	-12	0.659034	
14	-11	0.685862	
14	-10	0.713204	
14	-9	0.741036	
14	-8	0.769002	
14	-7	0.797342	
14	-6	0.82587	
14	-5	0.854574	
14	-4	0.883522	
14	-3	0.912458	
14	-2	0.941584	
14	-1.5	0.956172	
14	-1	0.970774	
14	-0.5	0.985386	
14	0	1	

14.4	-24	0.388358	
14.4	-22	0.428738	
14.4	-20	0.472032	
14.4	-18	0.517442	
14.4	-16	0.565122	
14.4	-14	0.614796	
14.4	-12	0.666368	
14.4	-11	0.692576	
14.4	-10	0.7194	
14.4	-9	0.746518	
14.4	-8	0.774008	
14.4	-7	0.801664	
14.4	-6	0.829614	
14.4	-5	0.857672	
14.4	-4	0.886006	
14.4	-3	0.914392	
14.4	-2	0.942868	
14.4	-1.5	0.957136	
14.4	-1	0.97142	
14.4	-0.5	0.98571	
14.4	0	1	

14.8	-24	0.399066	
14.8	-22	0.439312	
14.8	-20	0.482044	
14.8	-18	0.52698	
14.8	-16	0.573708	
14.8	-14	0.622616	
14.8	-12	0.673244	
14.8	-11	0.699038	
14.8	-10	0.725288	
14.8	-9	0.75183	
14.8	-8	0.77878	
14.8	-7	0.805864	
14.8	-6	0.833194	
14.8	-5	0.860712	
14.8	-4	0.88838	
14.8	-3	0.916166	
14.8	-2	0.944072	
14.8	-1.5	0.958044	
14.8	-1	0.972018	
14.8	-0.5	0.98601	
14.8	0	1	

15.2	-24	0.409368	
15.2	-22	0.449268	
15.2	-20	0.491608	
15.2	-18	0.535988	
15.2	-16	0.582164	
15.2	-14	0.63011	
15.2	-12	0.679766	
15.2	-11	0.70525	
15.2	-10	0.73092	
15.2	-9	0.756878	
15.2	-8	0.783276	
15.2	-7	0.80988	
15.2	-6	0.836654	
15.2	-5	0.86364	
15.2	-4	0.890738	
15.2	-3	0.91793	
15.2	-2	0.94523	
15.2	-1.5	0.958908	
15.2	-1	0.972602	
15.2	-0.5	0.986298	
15.2	0	1	

15.6	-24	0.419546	
15.6	-22	0.459154	
15.6	-20	0.500928	
15.6	-18	0.5446	
15.6	-16	0.590156	
15.6	-14	0.63751	
15.6	-12	0.686202	
15.6	-11	0.711148	
15.6	-10	0.736454	
15.6	-9	0.76194	
15.6	-8	0.787704	
15.6	-7	0.81363	
15.6	-6	0.83995	
15.6	-5	0.86639	
15.6	-4	0.892944	
15.6	-3	0.91958	
15.6	-2	0.946356	
15.6	-1.5	0.95976	
15.6	-1	0.973172	
15.6	-0.5	0.986584	
15.6	0	1	

16	-24	0.429392	
16	-22	0.468642	
16	-20	0.509682	
16	-18	0.552828	
16	-16	0.597822	
16	-14	0.644426	
16	-12	0.692348	
16	-11	0.716914	
16	-10	0.741658	
16	-9	0.766724	
16	-8	0.792026	
16	-7	0.817482	
16	-6	0.843204	
16	-5	0.869022	
16	-4	0.89507	
16	-3	0.921222	
16	-2	0.94744	
16	-1.5	0.960572	
16	-1	0.973712	
16	-0.5	0.986854	
16	0	1	

16.8	-24	0.448162	
16.8	-22	0.486736	
16.8	-20	0.52664	
16.8	-18	0.568812	
16.8	-16	0.612404	
16.8	-14	0.657432	
16.8	-12	0.703816	
16.8	-11	0.727584	
16.8	-10	0.751454	
16.8	-9	0.775602	
16.8	-8	0.799982	
16.8	-7	0.824574	
16.8	-6	0.849372	
16.8	-5	0.874234	
16.8	-4	0.899222	
16.8	-3	0.92434	
16.8	-2	0.949508	
16.8	-1.5	0.962118	
16.8	-1	0.974746	
16.8	-0.5	0.98737	
16.8	0	1	

17.6	-24	0.46603	
17.6	-22	0.503666	
17.6	-20	0.542858	
17.6	-18	0.5839	
17.6	-16	0.626156	
17.6	-14	0.669892	
17.6	-12	0.714752	
17.6	-11	0.737618	
17.6	-10	0.76068	
17.6	-9	0.78394	
17.6	-8	0.807422	
17.6	-7	0.831088	
17.6	-6	0.854934	
17.6	-5	0.878918	
17.6	-4	0.902992	
17.6	-3	0.927156	
17.6	-2	0.951402	
17.6	-1.5	0.963552	
17.6	-1	0.975692	
17.6	-0.5	0.987848	
17.6	0	1	

18.4	-24	0.482546	
18.4	-22	0.51957	
18.4	-20	0.558062	
18.4	-18	0.597728	
18.4	-16	0.638968	
18.4	-14	0.681324	
18.4	-12	0.724818	
18.4	-11	0.746854	
18.4	-10	0.769232	
18.4	-9	0.79176	
18.4	-8	0.814498	
18.4	-7	0.837292	
18.4	-6	0.860238	
18.4	-5	0.883316	
18.4	-4	0.90654	
18.4	-3	0.929822	
18.4	-2	0.95317	
18.4	-1.5	0.964868	
18.4	-1	0.976576	
18.4	-0.5	0.988286	
18.4	0	1	

19.2	-24	0.498424	
19.2	-22	0.53455	
19.2	-20	0.572128	
19.2	-18	0.61095	
19.2	-16	0.650872	
19.2	-14	0.692066	
19.2	-12	0.73415	
19.2	-11	0.755536	
19.2	-10	0.777132	
19.2	-9	0.798854	
19.2	-8	0.8208	
19.2	-7	0.8429	
19.2	-6	0.865158	
19.2	-5	0.887484	
19.2	-4	0.909864	
19.2	-3	0.932346	
19.2	-2	0.954868	
19.2	-1.5	0.966142	
19.2	-1	0.977424	
19.2	-0.5	0.98871	
19.2	0	1	

20	-24	0.513352	
20	-22	0.548806	
20	-20	0.585358	
20	-18	0.623352	
20	-16	0.662188	
20	-14	0.702138	
20	-12	0.742966	
20	-11	0.763688	
20	-10	0.784544	
20	-9	0.80565	
20	-8	0.826848	
20	-7	0.84822	
20	-6	0.869674	
20	-5	0.891206	
20	-4	0.912882	
20	-3	0.93459	
20	-2	0.956374	
20	-1.5	0.967272	
20	-1	0.978178	
20	-0.5	0.989088	
20	0	1	

20.8	-24	0.527436	
20.8	-22	0.562204	
20.8	-20	0.597944	
20.8	-18	0.634916	
20.8	-16	0.672774	
20.8	-14	0.711542	
20.8	-12	0.751206	
20.8	-11	0.771332	
20.8	-10	0.791534	
20.8	-9	0.811954	
20.8	-8	0.83248	
20.8	-7	0.853162	
20.8	-6	0.873914	
20.8	-5	0.894826	
20.8	-4	0.915776	
20.8	-3	0.93678	
20.8	-2	0.957822	
20.8	-1.5	0.968356	
20.8	-1	0.978902	
20.8	-0.5	0.98945	
20.8	0	1	

21.6	-24	0.540968	
21.6	-22	0.574754	
21.6	-20	0.609852	
21.6	-18	0.645838	
21.6	-16	0.682714	
21.6	-14	0.720456	
21.6	-12	0.75895	
21.6	-11	0.778452	
21.6	-10	0.798032	
21.6	-9	0.817844	
21.6	-8	0.83779	
21.6	-7	0.857792	
21.6	-6	0.87793	
21.6	-5	0.898148	
21.6	-4	0.918436	
21.6	-3	0.93877	
21.6	-2	0.959164	
21.6	-1.5	0.969366	
21.6	-1	0.979578	
21.6	-0.5	0.989786	
21.6	0	1	

22.4	-24	0.553564	
22.4	-22	0.586788	
22.4	-20	0.62096	
22.4	-18	0.656196	
22.4	-16	0.692114	
22.4	-14	0.728836	
22.4	-12	0.76624	
22.4	-11	0.785198	
22.4	-10	0.804268	
22.4	-9	0.823484	
22.4	-8	0.842824	
22.4	-7	0.862214	
22.4	-6	0.881716	
22.4	-5	0.901298	
22.4	-4	0.920954	
22.4	-3	0.94068	
22.4	-2	0.96043	
22.4	-1.5	0.970316	
22.4	-1	0.980208	
22.4	-0.5	0.990102	
22.4	0	1	

23.2	-24	0.565724	
23.2	-22	0.598258	
23.2	-20	0.63152	
23.2	-18	0.66592	
23.2	-16	0.700956	
23.2	-14	0.736736	
23.2	-12	0.773102	
23.2	-11	0.791554	
23.2	-10	0.810078	
23.2	-9	0.828744	
23.2	-8	0.847514	
23.2	-7	0.866364	
23.2	-6	0.885284	
23.2	-5	0.904282	
23.2	-4	0.923364	
23.2	-3	0.942472	
23.2	-2	0.961636	
23.2	-1.5	0.971218	
23.2	-1	0.980808	
23.2	-0.5	0.990404	
23.2	0	1	

24	-24	0.577256	
24	-22	0.609052	
24	-20	0.641582	
24	-18	0.675078	
24	-16	0.709344	
24	-14	0.744166	
24	-12	0.779628	
24	-11	0.797528	
24	-10	0.815552	
24	-9	0.833692	
24	-8	0.851912	
24	-7	0.87023	
24	-6	0.88867	
24	-5	0.907106	
24	-4	0.92561	
24	-3	0.944176	
24	-2	0.962764	
24	-1.5	0.972068	
24	-1	0.981376	
24	-0.5	0.990688	
24	0	1	

24.8	-24	0.58823	
24.8	-22	0.619266	
24.8	-20	0.651298	
24.8	-18	0.683872	
24.8	-16	0.717192	
24.8	-14	0.751196	
24.8	-12	0.785688	
24.8	-11	0.803164	
24.8	-10	0.820722	
24.8	-9	0.838386	
24.8	-8	0.856114	
24.8	-7	0.873908	
24.8	-6	0.891796	
24.8	-5	0.909732	
24.8	-4	0.927726	
24.8	-3	0.945758	
24.8	-2	0.963826	
24.8	-1.5	0.972866	
24.8	-1	0.981906	
24.8	-0.5	0.990954	
24.8	0	1	

25.6	-24	0.59866	
25.6	-22	0.629134	
25.6	-20	0.660374	
25.6	-18	0.692254	
25.6	-16	0.724746	
25.6	-14	0.757866	
25.6	-12	0.791536	
25.6	-11	0.808512	
25.6	-10	0.825588	
25.6	-9	0.842784	
25.6	-8	0.860008	
25.6	-7	0.877356	
25.6	-6	0.894762	
25.6	-5	0.912218	
25.6	-4	0.929724	
25.6	-3	0.947266	
25.6	-2	0.96483	
25.6	-1.5	0.97362	
25.6	-1	0.98241	
25.6	-0.5	0.991204	
25.6	0	1	

26.4	-24	0.608556	
26.4	-22	0.63845	
26.4	-20	0.668992	
26.4	-18	0.70023	
26.4	-16	0.73197	
26.4	-14	0.764236	
26.4	-12	0.797028	
26.4	-11	0.813558	
26.4	-10	0.830232	
26.4	-9	0.846968	
26.4	-8	0.863784	
26.4	-7	0.880666	
26.4	-6	0.89759	
26.4	-5	0.914574	
26.4	-4	0.931608	
26.4	-3	0.948682	
26.4	-2	0.965772	
26.4	-1.5	0.974326	
26.4	-1	0.98288	
26.4	-0.5	0.99144	
26.4	0	1	

27.2	-24	0.61801	
27.2	-22	0.647268	
27.2	-20	0.677198	
27.2	-18	0.70771	
27.2	-16	0.73881	
27.2	-14	0.770324	
27.2	-12	0.802248	
27.2	-11	0.818396	
27.2	-10	0.83463	
27.2	-9	0.850962	
27.2	-8	0.867338	
27.2	-7	0.883766	
27.2	-6	0.900266	
27.2	-5	0.916812	
27.2	-4	0.933408	
27.2	-3	0.950018	
27.2	-2	0.966666	
27.2	-1.5	0.974994	
27.2	-1	0.983328	
27.2	-0.5	0.991664	
27.2	0	1	

28	-24	0.62699	
28	-22	0.655764	
28	-20	0.685022	
28	-18	0.714878	
28	-16	0.74524	
28	-14	0.776034	
28	-12	0.807284	
28	-11	0.82303	
28	-10	0.838866	
28	-9	0.854728	
28	-8	0.870686	
28	-7	0.886716	
28	-6	0.902806	
28	-5	0.918918	
28	-4	0.935108	
28	-3	0.951302	
28	-2	0.967534	
28	-1.5	0.97564	
28	-1	0.983758	
28	-0.5	0.991878	
28	0	1	

28.8	-24	0.635664	
28.8	-22	0.663782	
28.8	-20	0.692496	
28.8	-18	0.721742	
28.8	-16	0.751428	
28.8	-14	0.781522	
28.8	-12	0.812016	
28.8	-11	0.827404	
28.8	-10	0.842846	
28.8	-9	0.858394	
28.8	-8	0.873934	
28.8	-7	0.889578	
28.8	-6	0.905268	
28.8	-5	0.920994	
28.8	-4	0.936752	
28.8	-3	0.952534	
28.8	-2	0.968346	
28.8	-1.5	0.976258	
28.8	-1	0.984168	
28.8	-0.5	0.992084	
28.8	0	1	

29.6	-24	0.643944	
29.6	-22	0.671526	
29.6	-20	0.699592	
29.6	-18	0.728242	
29.6	-16	0.757236	
29.6	-14	0.786712	
29.6	-12	0.81657	
29.6	-11	0.83154	
29.6	-10	0.846626	
29.6	-9	0.861784	
29.6	-8	0.87699	
29.6	-7	0.892256	
29.6	-6	0.907556	
29.6	-5	0.922904	
29.6	-4	0.938284	
29.6	-3	0.95369	
29.6	-2	0.969116	
29.6	-1.5	0.976834	
29.6	-1	0.984554	
29.6	-0.5	0.992278	
29.6	0	1	

30.4	-24	0.651878	
30.4	-22	0.678946	
30.4	-20	0.706432	
30.4	-18	0.734456	
30.4	-16	0.76289	
30.4	-14	0.79169	
30.4	-12	0.820804	
30.4	-11	0.835502	
30.4	-10	0.85027	
30.4	-9	0.865066	
30.4	-8	0.879934	
30.4	-7	0.894832	
30.4	-6	0.909778	
30.4	-5	0.924754	
30.4	-4	0.939764	
30.4	-3	0.954802	
30.4	-2	0.969852	
30.4	-1.5	0.977388	
30.4	-1	0.984924	
30.4	-0.5	0.992462	
30.4	0	1	

31.2	-24	0.659458	
31.2	-22	0.686018	
31.2	-20	0.713052	
31.2	-18	0.740438	
31.2	-16	0.768268	
31.2	-14	0.796426	
31.2	-12	0.824962	
31.2	-11	0.839328	
31.2	-10	0.853698	
31.2	-9	0.86815	
31.2	-8	0.88267	
31.2	-7	0.897246	
31.2	-6	0.911858	
31.2	-5	0.926498	
31.2	-4	0.941166	
31.2	-3	0.955852	
31.2	-2	0.970558	
31.2	-1.5	0.977916	
31.2	-1	0.985276	
31.2	-0.5	0.992638	
31.2	0	1	

32	-24	0.666666	
32	-22	0.692734	
32	-20	0.719262	
32	-18	0.746174	
32	-16	0.773412	
32	-14	0.800972	
32	-12	0.828882	
32	-11	0.842908	
32	-10	0.857002	
32	-9	0.871174	
32	-8	0.885336	
32	-7	0.899586	
32	-6	0.913874	
32	-5	0.92819	
32	-4	0.942516	
32	-3	0.956866	
32	-2	0.97123	
32	-1.5	0.97842	
32	-1	0.985612	
32	-0.5	0.992806	
32	0	1	

32.8	-24	0.673594	
32.8	-22	0.699262	
32.8	-20	0.725314	
32.8	-18	0.751704	
32.8	-16	0.778422	
32.8	-14	0.805372	
32.8	-12	0.83266	
32.8	-11	0.846392	
32.8	-10	0.860182	
32.8	-9	0.87401	
32.8	-8	0.887908	
32.8	-7	0.90184	
32.8	-6	0.91578	
32.8	-5	0.929778	
32.8	-4	0.943784	
32.8	-3	0.957824	
32.8	-2	0.971874	
32.8	-1.5	0.978902	
32.8	-1	0.985936	
32.8	-0.5	0.992968	
32.8	0	1	

33.6	-24	0.680348	
33.6	-22	0.705392	
33.6	-20	0.731018	
33.6	-18	0.756862	
33.6	-16	0.783104	
33.6	-14	0.809594	
33.6	-12	0.8363	
33.6	-11	0.849712	
33.6	-10	0.86322	
33.6	-9	0.876768	
33.6	-8	0.890338	
33.6	-7	0.903944	
33.6	-6	0.917614	
33.6	-5	0.931294	
33.6	-4	0.94501	
33.6	-3	0.958746	
33.6	-2	0.972488	
33.6	-1.5	0.979366	
33.6	-1	0.986242	
33.6	-0.5	0.993122	
33.6	0	1	

34.4	-24	0.686856	
34.4	-22	0.711496	
34.4	-20	0.736482	
34.4	-18	0.761924	
34.4	-16	0.787594	
34.4	-14	0.813572	
34.4	-12	0.839748	
34.4	-11	0.852894	
34.4	-10	0.866114	
34.4	-9	0.879404	
34.4	-8	0.892688	
34.4	-7	0.906042	
34.4	-6	0.91941	
34.4	-5	0.932784	
34.4	-4	0.946196	
34.4	-3	0.95963	
34.4	-2	0.97308	
34.4	-1.5	0.979808	
34.4	-1	0.986538	
34.4	-0.5	0.993268	
34.4	0	1	

35.2	-24	0.693006	
35.2	-22	0.717312	
35.2	-20	0.74183	
35.2	-18	0.76667	
35.2	-16	0.791828	
35.2	-14	0.81736	
35.2	-12	0.843014	
35.2	-11	0.85592	
35.2	-10	0.868902	
35.2	-9	0.881888	
35.2	-8	0.89493	
35.2	-7	0.907984	
35.2	-6	0.921074	
35.2	-5	0.934184	
35.2	-4	0.947328	
35.2	-3	0.960482	
35.2	-2	0.97365	
35.2	-1.5	0.980236	
35.2	-1	0.98682	
35.2	-0.5	0.993412	
35.2	0	1	

36	-24	0.69888	
36	-22	0.722752	
36	-20	0.746992	
36	-18	0.771366	
36	-16	0.796038	
36	-14	0.82102	
36	-12	0.846164	
36	-11	0.8588	
36	-10	0.871538	
36	-9	0.884274	
36	-8	0.897048	
36	-7	0.90987	
36	-6	0.922674	
36	-5	0.935536	
36	-4	0.948404	
36	-3	0.961286	
36	-2	0.974186	
36	-1.5	0.980636	
36	-1	0.98709	
36	-0.5	0.993544	
36	0	1	

36.8	-24	0.704626	
36.8	-22	0.728088	
36.8	-20	0.751832	
36.8	-18	0.775872	
36.8	-16	0.800136	
36.8	-14	0.82458	
36.8	-12	0.849254	
36.8	-11	0.86167	
36.8	-10	0.87409	
36.8	-9	0.886586	
36.8	-8	0.899106	
36.8	-7	0.91165	
36.8	-6	0.924214	
36.8	-5	0.93681	
36.8	-4	0.949434	
36.8	-3	0.962058	
36.8	-2	0.974698	
36.8	-1.5	0.981024	
36.8	-1	0.987346	
36.8	-0.5	0.993674	
36.8	0	1	

37.6	-24	0.710208	
37.6	-22	0.733182	
37.6	-20	0.75652	
37.6	-18	0.780124	
37.6	-16	0.803958	
37.6	-14	0.828022	
37.6	-12	0.852224	
37.6	-11	0.864374	
37.6	-10	0.876574	
37.6	-9	0.888804	
37.6	-8	0.9011	
37.6	-7	0.913386	
37.6	-6	0.925712	
37.6	-5	0.938056	
37.6	-4	0.950422	
37.6	-3	0.962806	
37.6	-2	0.9752	
37.6	-1.5	0.981402	
37.6	-1	0.987598	
37.6	-0.5	0.9938	
37.6	0	1	

38.4	-24	0.715574	
38.4	-22	0.738182	
38.4	-20	0.761096	
38.4	-18	0.78425	
38.4	-16	0.80767	
38.4	-14	0.831234	
38.4	-12	0.855034	
38.4	-11	0.866966	
38.4	-10	0.878978	
38.4	-9	0.890966	
38.4	-8	0.903026	
38.4	-7	0.915074	
38.4	-6	0.927176	
38.4	-5	0.939274	
38.4	-4	0.9514	
38.4	-3	0.963538	
38.4	-2	0.97569	
38.4	-1.5	0.981764	
38.4	-1	0.987842	
38.4	-0.5	0.993922	
38.4	0	1	

39.2	-24	0.720652	
39.2	-22	0.742958	
39.2	-20	0.765494	
39.2	-18	0.788226	
39.2	-16	0.811204	
39.2	-14	0.834388	
39.2	-12	0.857726	
39.2	-11	0.869448	
39.2	-10	0.881214	
39.2	-9	0.892998	
39.2	-8	0.90482	
39.2	-7	0.91667	
39.2	-6	0.92854	
39.2	-5	0.94042	
39.2	-4	0.95232	
39.2	-3	0.964228	
39.2	-2	0.976148	
39.2	-1.5	0.982112	
39.2	-1	0.988072	
39.2	-0.5	0.994036	
39.2	0	1	

40	-24	0.725704	
40	-22	0.747544	
40	-20	0.769716	
40	-18	0.792088	
40	-16	0.814664	
40	-14	0.837422	
40	-12	0.860338	
40	-11	0.871848	
40	-10	0.8834	
40	-9	0.89498	
40	-8	0.90658	
40	-7	0.918202	
40	-6	0.929848	
40	-5	0.941522	
40	-4	0.953196	
40	-3	0.964894	
40	-2	0.976588	
40	-1.5	0.982438	
40	-1	0.988294	
40	-0.5	0.994146	
40	0	1	

