0.15	-24	2.12231e-10	
0.15	-22	1.27618e-10	
0.15	-20	7.35858e-11	
0.15	-18	4.39096e-11	
0.15	-16	2.36772e-11	
0.15	-14	9.97313e-12	
0.15	-12	5.51496e-12	
0.15	-11	2.89299e-12	
0.15	-10	1.51582e-12	
0.15	-9	-4.27351e-13	
0.15	-8	5.41356e-07	
0.15	-7	0.00015485	
0.15	-6	0.00127219	
0.15	-5	0.00469952	
0.15	-4	0.0129034	
0.15	-3	0.0308435	
0.15	-2	0.0622349	
0.15	-1.5	0.0835052	
0.15	-1	0.109157	
0.15	-0.5	0.139747	
0.15	0	0.175974	

0.2	-24	3.69732e-11	
0.2	-22	2.31942e-11	
0.2	-20	1.45877e-11	
0.2	-18	8.32969e-12	
0.2	-16	5.69556e-12	
0.2	-14	2.48301e-12	
0.2	-12	1.9922e-12	
0.2	-11	9.15252e-13	
0.2	-10	3.88799e-13	
0.2	-9	4.12961e-11	
0.2	-8	1.3004e-06	
0.2	-7	0.000164471	
0.2	-6	0.00129013	
0.2	-5	0.00474348	
0.2	-4	0.0129896	
0.2	-3	0.0307906	
0.2	-2	0.061824	
0.2	-1.5	0.0827815	
0.2	-1	0.108201	
0.2	-0.5	0.138574	
0.2	0	0.174856	

0.25	-24	8.83359e-12	
0.25	-22	6.60035e-12	
0.25	-20	4.51107e-12	
0.25	-18	1.91424e-12	
0.25	-16	1.29997e-12	
0.25	-14	3.90363e-13	
0.25	-12	8.07091e-14	
0.25	-11	3.45851e-13	
0.25	-10	1.88667e-13	
0.25	-9	1.16096e-09	
0.25	-8	2.53765e-06	
0.25	-7	0.000174737	
0.25	-6	0.00131105	
0.25	-5	0.00480431	
0.25	-4	0.0131099	
0.25	-3	0.030729	
0.25	-2	0.0611734	
0.25	-1.5	0.0820348	
0.25	-1	0.107101	
0.25	-0.5	0.137541	
0.25	0	0.173312	

0.3	-24	4.25901e-12	
0.3	-22	2.69491e-12	
0.3	-20	9.64171e-13	
0.3	-18	6.83838e-13	
0.3	-16	3.00071e-13	
0.3	-14	9.99074e-14	
0.3	-12	1.03591e-13	
0.3	-11	5.02124e-15	
0.3	-10	7.20677e-12	
0.3	-9	8.17663e-09	
0.3	-8	4.1091e-06	
0.3	-7	0.000188623	
0.3	-6	0.00134451	
0.3	-5	0.00486777	
0.3	-4	0.0132439	
0.3	-3	0.0306827	
0.3	-2	0.0607472	
0.3	-1.5	0.0812426	
0.3	-1	0.106022	
0.3	-0.5	0.135955	
0.3	0	0.171913	

0.4	-24	6.44352e-13	
0.4	-22	2.02261e-13	
0.4	-20	2.56198e-13	
0.4	-18	5.63347e-14	
0.4	-16	7.85574e-14	
0.4	-14	8.69976e-15	
0.4	-12	1.55361e-13	
0.4	-11	5.40423e-12	
0.4	-10	8.55802e-10	
0.4	-9	1.0945e-07	
0.4	-8	1.0468e-05	
0.4	-7	0.000230353	
0.4	-6	0.00142225	
0.4	-5	0.00504336	
0.4	-4	0.0135379	
0.4	-3	0.0305879	
0.4	-2	0.0596735	
0.4	-1.5	0.0796104	
0.4	-1	0.103783	
0.4	-0.5	0.133251	
0.4	0	0.16853	

0.5	-24	1.88941e-13	
0.5	-22	1.19167e-13	
0.5	-20	-6.26053e-15	
0.5	-18	1.06624e-14	
0.5	-16	1.39062e-13	
0.5	-14	8.94738e-15	
0.5	-12	4.14115e-12	
0.5	-11	1.7629e-10	
0.5	-10	1.17859e-08	
0.5	-9	6.3946e-07	
0.5	-8	2.11752e-05	
0.5	-7	0.000280044	
0.5	-6	0.00155231	
0.5	-5	0.00527394	
0.5	-4	0.0138628	
0.5	-3	0.0306577	
0.5	-2	0.0587853	
0.5	-1.5	0.0781041	
0.5	-1	0.101769	
0.5	-0.5	0.1304	
0.5	0	0.164975	

0.6	-24	1.37287e-13	
0.6	-22	1.14993e-14	
0.6	-20	2.58343e-13	
0.6	-18	4.66852e-14	
0.6	-16	5.11405e-15	
0.6	-14	3.82291e-13	
0.6	-12	8.89677e-11	
0.6	-11	2.792e-09	
0.6	-10	8.0732e-08	
0.6	-9	2.0903e-06	
0.6	-8	3.7382e-05	
0.6	-7	0.000348741	
0.6	-6	0.00171041	
0.6	-5	0.00556845	
0.6	-4	0.0142294	
0.6	-3	0.0307807	
0.6	-2	0.0581931	
0.6	-1.5	0.0770345	
0.6	-1	0.100112	
0.6	-0.5	0.128225	
0.6	0	0.162235	

0.7	-24	2.7199e-13	
0.7	-22	1.75173e-13	
0.7	-20	1.23303e-14	
0.7	-18	4.48527e-14	
0.7	-16	1.16392e-14	
0.7	-14	3.70416e-12	
0.7	-12	1.54086e-09	
0.7	-11	2.00134e-08	
0.7	-10	3.43688e-07	
0.7	-9	5.27709e-06	
0.7	-8	6.07292e-05	
0.7	-7	0.000433467	
0.7	-6	0.00189685	
0.7	-5	0.0058985	
0.7	-4	0.01463	
0.7	-3	0.0309972	
0.7	-2	0.0578149	
0.7	-1.5	0.0762948	
0.7	-1	0.0989178	
0.7	-0.5	0.126301	
0.7	0	0.159644	

0.8	-24	4.85515e-14	
0.8	-22	2.10827e-13	
0.8	-20	2.93562e-14	
0.8	-18	-4.85851e-15	
0.8	-16	8.24811e-13	
0.8	-14	4.88251e-11	
0.8	-12	7.05305e-09	
0.8	-11	1.13374e-07	
0.8	-10	1.0473e-06	
0.8	-9	1.11312e-05	
0.8	-8	9.35387e-05	
0.8	-7	0.000536147	
0.8	-6	0.00214066	
0.8	-5	0.00629524	
0.8	-4	0.0151389	
0.8	-3	0.031321	
0.8	-2	0.0577438	
0.8	-1.5	0.075968	
0.8	-1	0.0980109	
0.8	-0.5	0.125267	
0.8	0	0.158081	

0.9	-24	8.06737e-14	
0.9	-22	3.6859e-14	
0.9	-20	1.96006e-13	
0.9	-18	2.11119e-13	
0.9	-16	2.83385e-12	
0.9	-14	4.19958e-10	
0.9	-12	3.17446e-08	
0.9	-11	2.98827e-07	
0.9	-10	2.64572e-06	
0.9	-9	2.08002e-05	
0.9	-8	0.000136522	
0.9	-7	0.000667961	
0.9	-6	0.00239154	
0.9	-5	0.00672125	
0.9	-4	0.0156952	
0.9	-3	0.031786	
0.9	-2	0.0579605	
0.9	-1.5	0.0758756	
0.9	-1	0.0978448	
0.9	-0.5	0.124589	
0.9	0	0.157221	

1	-24	1.14136e-13	
1	-22	2.8313e-13	
1	-20	-5.31381e-15	
1	-18	1.74055e-12	
1	-16	3.23002e-11	
1	-14	2.15232e-09	
1	-12	1.16057e-07	
1	-11	8.32001e-07	
1	-10	5.68616e-06	
1	-9	3.56933e-05	
1	-8	0.000191244	
1	-7	0.000818926	
1	-6	0.00269911	
1	-5	0.00721995	
1	-4	0.0163077	
1	-3	0.0324	
1	-2	0.0584047	
1	-1.5	0.0761469	
1	-1	0.0980315	
1	-0.5	0.124722	
1	0	0.156753	

1.2	-24	4.68825e-14	
1.2	-22	2.52899e-13	
1.2	-20	-4.75463e-16	
1.2	-18	3.20959e-11	
1.2	-16	1.07758e-09	
1.2	-14	2.8328e-08	
1.2	-12	7.67612e-07	
1.2	-11	4.02429e-06	
1.2	-10	1.89023e-05	
1.2	-9	8.65698e-05	
1.2	-8	0.000350647	
1.2	-7	0.00119928	
1.2	-6	0.00342189	
1.2	-5	0.00834665	
1.2	-4	0.0178152	
1.2	-3	0.0341058	
1.2	-2	0.060071	
1.2	-1.5	0.077711	
1.2	-1	0.0993401	
1.2	-0.5	0.125653	
1.2	0	0.156828	

1.4	-24	1.3138e-14	
1.4	-22	4.51674e-12	
1.4	-20	3.66063e-11	
1.4	-18	6.39521e-10	
1.4	-16	1.10187e-08	
1.4	-14	1.92232e-07	
1.4	-12	3.24106e-06	
1.4	-11	1.29059e-05	
1.4	-10	4.9717e-05	
1.4	-9	0.000178229	
1.4	-8	0.000585888	
1.4	-7	0.0017009	
1.4	-6	0.00432375	
1.4	-5	0.00973161	
1.4	-4	0.0197113	
1.4	-3	0.0364231	
1.4	-2	0.0626285	
1.4	-1.5	0.0804256	
1.4	-1	0.101916	
1.4	-0.5	0.127938	
1.4	0	0.158702	

1.6	-24	2.41252e-12	
1.6	-22	3.38971e-11	
1.6	-20	4.64519e-10	
1.6	-18	5.83308e-09	
1.6	-16	7.15612e-08	
1.6	-14	8.68126e-07	
1.6	-12	1.00512e-05	
1.6	-11	3.32515e-05	
1.6	-10	0.000106744	
1.6	-9	0.000324753	
1.6	-8	0.000916816	
1.6	-7	0.00233362	
1.6	-6	0.00540754	
1.6	-5	0.011383	
1.6	-4	0.0219594	
1.6	-3	0.0392795	
1.6	-2	0.0660131	
1.6	-1.5	0.0838301	
1.6	-1	0.105407	
1.6	-0.5	0.131043	
1.6	0	0.161118	

1.8	-24	4.78099e-11	
1.8	-22	4.36299e-10	
1.8	-20	3.73117e-09	
1.8	-18	3.56927e-08	
1.8	-16	3.23103e-07	
1.8	-14	2.93472e-06	
1.8	-12	2.54094e-05	
1.8	-11	7.31721e-05	
1.8	-10	0.000203831	
1.8	-9	0.000541552	
1.8	-8	0.00135185	
1.8	-7	0.0031323	
1.8	-6	0.00671446	
1.8	-5	0.0133367	
1.8	-4	0.0246032	
1.8	-3	0.0426265	
1.8	-2	0.0699024	
1.8	-1.5	0.0879149	
1.8	-1	0.109311	
1.8	-0.5	0.134559	
1.8	0	0.163917	

2	-24	3.46694e-10	
2	-22	2.81132e-09	
2	-20	2.05904e-08	
2	-18	1.52276e-07	
2	-16	1.11099e-06	
2	-14	7.96719e-06	
2	-12	5.51594e-05	
2	-11	0.000142832	
2	-10	0.000353804	
2	-9	0.000848563	
2	-8	0.00192153	
2	-7	0.00410999	
2	-6	0.00825911	
2	-5	0.0155728	
2	-4	0.0275943	
2	-3	0.0464143	
2	-2	0.0741456	
2	-1.5	0.0923045	
2	-1	0.113662	
2	-0.5	0.138498	
2	0	0.167138	

2.2	-24	2.21032e-09	
2.2	-22	1.38683e-08	
2.2	-20	8.46699e-08	
2.2	-18	5.17974e-07	
2.2	-16	3.12443e-06	
2.2	-14	1.87461e-05	
2.2	-12	0.000107472	
2.2	-11	0.000250846	
2.2	-10	0.000571445	
2.2	-9	0.00125678	
2.2	-8	0.00264043	
2.2	-7	0.00529201	
2.2	-6	0.0100308	
2.2	-5	0.0180818	
2.2	-4	0.0309096	
2.2	-3	0.0504386	
2.2	-2	0.078799	
2.2	-1.5	0.0969295	
2.2	-1	0.118082	
2.2	-0.5	0.142557	
2.2	0	0.17039	

2.4	-24	1.02821e-08	
2.4	-22	5.32622e-08	
2.4	-20	2.79537e-07	
2.4	-18	1.46116e-06	
2.4	-16	7.59208e-06	
2.4	-14	3.89681e-05	
2.4	-12	0.000190873	
2.4	-11	0.000413833	
2.4	-10	0.00087321	
2.4	-9	0.00178563	
2.4	-8	0.00352327	
2.4	-7	0.0066637	
2.4	-6	0.0120576	
2.4	-5	0.0208532	
2.4	-4	0.0344959	
2.4	-3	0.0547503	
2.4	-2	0.0834911	
2.4	-1.5	0.101611	
2.4	-1	0.122677	
2.4	-0.5	0.14661	
2.4	0	0.173711	

2.6	-24	3.69508e-08	
2.6	-22	1.6839e-07	
2.6	-20	7.8493e-07	
2.6	-18	3.60695e-06	
2.6	-16	1.64357e-05	
2.6	-14	7.33929e-05	
2.6	-12	0.000317079	
2.6	-11	0.000641158	
2.6	-10	0.0012734	
2.6	-9	0.00244926	
2.6	-8	0.00457665	
2.6	-7	0.00824822	
2.6	-6	0.0143076	
2.6	-5	0.0238582	
2.6	-4	0.0382702	
2.6	-3	0.0591723	
2.6	-2	0.0882023	
2.6	-1.5	0.106289	
2.6	-1	0.127113	
2.6	-0.5	0.150656	
2.6	0	0.177079	

2.8	-24	1.11392e-07	
2.8	-22	4.63692e-07	
2.8	-20	1.91097e-06	
2.8	-18	7.88735e-06	
2.8	-16	3.21371e-05	
2.8	-14	0.000128637	
2.8	-12	0.000493858	
2.8	-11	0.000945596	
2.8	-10	0.00177949	
2.8	-9	0.00326247	
2.8	-8	0.00581361	
2.8	-7	0.0100313	
2.8	-6	0.0167655	
2.8	-5	0.0270683	
2.8	-4	0.0422098	
2.8	-3	0.0637028	
2.8	-2	0.0929498	
2.8	-1.5	0.110919	
2.8	-1	0.13136	
2.8	-0.5	0.154453	
2.8	0	0.179994	

3	-24	2.98838e-07	
3	-22	1.1195e-06	
3	-20	4.21164e-06	
3	-18	1.57686e-05	
3	-16	5.82041e-05	
3	-14	0.000210535	
3	-12	0.000733827	
3	-11	0.00133996	
3	-10	0.00240423	
3	-9	0.00421857	
3	-8	0.00721915	
3	-7	0.0120103	
3	-6	0.0194123	
3	-5	0.030435	
3	-4	0.0462559	
3	-3	0.0682232	
3	-2	0.097581	
3	-1.5	0.115367	
3	-1	0.135633	
3	-0.5	0.158011	
3	0	0.182895	

3.2	-24	7.09342e-07	
3.2	-22	2.45156e-06	
3.2	-20	8.47113e-06	
3.2	-18	2.91123e-05	
3.2	-16	9.87248e-05	
3.2	-14	0.000327564	
3.2	-12	0.00104561	
3.2	-11	0.00183357	
3.2	-10	0.00315585	
3.2	-9	0.0053285	
3.2	-8	0.00879859	
3.2	-7	0.0141693	
3.2	-6	0.0222238	
3.2	-5	0.0339102	
3.2	-4	0.050362	
3.2	-3	0.072708	
3.2	-2	0.102086	
3.2	-1.5	0.119807	
3.2	-1	0.139567	
3.2	-0.5	0.161532	
3.2	0	0.185724	

3.4	-24	1.53006e-06	
3.4	-22	4.9354e-06	
3.4	-20	1.58256e-05	
3.4	-18	5.04153e-05	
3.4	-16	0.000158367	
3.4	-14	0.000485464	
3.4	-12	0.00143829	
3.4	-11	0.00243118	
3.4	-10	0.00403736	
3.4	-9	0.00659225	
3.4	-8	0.0105416	
3.4	-7	0.0164879	
3.4	-6	0.0251717	
3.4	-5	0.0374934	
3.4	-4	0.0544591	
3.4	-3	0.0771403	
3.4	-2	0.106478	
3.4	-1.5	0.124047	
3.4	-1	0.143444	
3.4	-0.5	0.164855	
3.4	0	0.188251	

3.6	-24	3.05519e-06	
3.6	-22	9.25098e-06	
3.6	-20	2.77148e-05	
3.6	-18	8.24169e-05	
3.6	-16	0.000241734	
3.6	-14	0.000693709	
3.6	-12	0.00191898	
3.6	-11	0.00313733	
3.6	-10	0.00505112	
3.6	-9	0.00800129	
3.6	-8	0.0124354	
3.6	-7	0.018938	
3.6	-6	0.0282315	
3.6	-5	0.0411249	
3.6	-4	0.0585854	
3.6	-3	0.0815337	
3.6	-2	0.110808	
3.6	-1.5	0.128031	
3.6	-1	0.147094	
3.6	-0.5	0.167966	
3.6	0	0.190701	

3.8	-24	5.71656e-06	
3.8	-22	1.6267e-05	
3.8	-20	4.59883e-05	
3.8	-18	0.000128519	
3.8	-16	0.000354913	
3.8	-14	0.000956612	
3.8	-12	0.002493	
3.8	-11	0.00395688	
3.8	-10	0.00619612	
3.8	-9	0.00954915	
3.8	-8	0.0144658	
3.8	-7	0.0215195	
3.8	-6	0.0313822	
3.8	-5	0.0447978	
3.8	-4	0.0626555	
3.8	-3	0.085768	
3.8	-2	0.114898	
3.8	-1.5	0.13186	
3.8	-1	0.150574	
3.8	-0.5	0.170954	
3.8	0	0.193031	

4	-24	1.00914e-05	
4	-22	2.71237e-05	
4	-20	7.26877e-05	
4	-18	0.000192397	
4	-16	0.00050185	
4	-14	0.00128089	
4	-12	0.00316339	
4	-11	0.00489017	
4	-10	0.00746472	
4	-9	0.0112276	
4	-8	0.0166185	
4	-7	0.0242079	
4	-6	0.0345785	
4	-5	0.0484974	
4	-4	0.0667117	
4	-3	0.0899064	
4	-2	0.118826	
4	-1.5	0.135536	
4	-1	0.153875	
4	-0.5	0.173736	
4	0	0.195174	

4.2	-24	1.68837e-05	
4.2	-22	4.32317e-05	
4.2	-20	0.000110144	
4.2	-18	0.000277677	
4.2	-16	0.00068922	
4.2	-14	0.00167234	
4.2	-12	0.00393058	
4.2	-11	0.00593418	
4.2	-10	0.00885214	
4.2	-9	0.0130247	
4.2	-8	0.0188843	
4.2	-7	0.026975	
4.2	-6	0.037837	
4.2	-5	0.0521813	
4.2	-4	0.0706493	
4.2	-3	0.09392	
4.2	-2	0.12255	
4.2	-1.5	0.139061	
4.2	-1	0.156875	
4.2	-0.5	0.176333	
4.2	0	0.197218	

4.4	-24	2.70185e-05	
4.4	-22	6.62108e-05	
4.4	-20	0.000161063	
4.4	-18	0.000387976	
4.4	-16	0.000920048	
4.4	-14	0.00213357	
4.4	-12	0.00479559	
4.4	-11	0.0070863	
4.4	-10	0.010353	
4.4	-9	0.0149329	
4.4	-8	0.0212449	
4.4	-7	0.0297949	
4.4	-6	0.0411152	
4.4	-5	0.0557891	
4.4	-4	0.0745235	
4.4	-3	0.0978303	
4.4	-2	0.126181	
4.4	-1.5	0.142376	
4.4	-1	0.159859	
4.4	-0.5	0.17874	
4.4	0	0.199028	

4.6	-24	4.15934e-05	
4.6	-22	9.78373e-05	
4.6	-20	0.00022821	
4.6	-18	0.00052724	
4.6	-16	0.00119923	
4.6	-14	0.0026675	
4.6	-12	0.00575787	
4.6	-11	0.00834293	
4.6	-10	0.0119578	
4.6	-9	0.0169404	
4.6	-8	0.023686	
4.6	-7	0.0326732	
4.6	-6	0.0444163	
4.6	-5	0.0594426	
4.6	-4	0.0783017	
4.6	-3	0.101583	
4.6	-2	0.129567	
4.6	-1.5	0.145529	
4.6	-1	0.162712	
4.6	-0.5	0.181154	
4.6	0	0.20095	

4.8	-24	6.17815e-05	
4.8	-22	0.000140042	
4.8	-20	0.000314502	
4.8	-18	0.000699309	
4.8	-16	0.00153046	
4.8	-14	0.00327636	
4.8	-12	0.00681417	
4.8	-11	0.00969805	
4.8	-10	0.0136604	
4.8	-9	0.0190274	
4.8	-8	0.0261884	
4.8	-7	0.0355911	
4.8	-6	0.0477011	
4.8	-5	0.0630224	
4.8	-4	0.0820193	
4.8	-3	0.105213	
4.8	-2	0.132927	
4.8	-1.5	0.148544	
4.8	-1	0.165396	
4.8	-0.5	0.183339	
4.8	0	0.202579	

5	-24	8.90429e-05	
5	-22	0.000194888	
5	-20	0.000422743	
5	-18	0.0009067	
5	-16	0.0019157	
5	-14	0.00396054	
5	-12	0.00795934	
5	-11	0.0111455	
5	-10	0.0154489	
5	-9	0.0211926	
5	-8	0.0287445	
5	-7	0.0385109	
5	-6	0.0509406	
5	-5	0.0665324	
5	-4	0.0856119	
5	-3	0.108677	
5	-2	0.136033	
5	-1.5	0.151315	
5	-1	0.16779	
5	-0.5	0.185452	
5	0	0.20416	

5.2	-24	0.00012488	
5.2	-22	0.000264463	
5.2	-20	0.000555595	
5.2	-18	0.00115339	
5.2	-16	0.00235767	
5.2	-14	0.00471974	
5.2	-12	0.00919258	
5.2	-11	0.0126749	
5.2	-10	0.0173157	
5.2	-9	0.0234174	
5.2	-8	0.0313288	
5.2	-7	0.0414577	
5.2	-6	0.0541956	
5.2	-5	0.069958	
5.2	-4	0.0891363	
5.2	-3	0.112084	
5.2	-2	0.139137	
5.2	-1.5	0.154184	
5.2	-1	0.170365	
5.2	-0.5	0.187522	
5.2	0	0.205723	

5.4	-24	0.000170938	
5.4	-22	0.000351161	
5.4	-20	0.000715657	
5.4	-18	0.00144164	
5.4	-16	0.0028582	
5.4	-14	0.00555241	
5.4	-12	0.0105046	
5.4	-11	0.0142833	
5.4	-10	0.0192481	
5.4	-9	0.0256958	
5.4	-8	0.033955	
5.4	-7	0.0443775	
5.4	-6	0.0573748	
5.4	-5	0.0733595	
5.4	-4	0.0925669	
5.4	-3	0.115326	
5.4	-2	0.142014	
5.4	-1.5	0.156728	
5.4	-1	0.172589	
5.4	-0.5	0.189396	
5.4	0	0.20714	

5.6	-24	0.000228767	
5.6	-22	0.000456965	
5.6	-20	0.00090539	
5.6	-18	0.00177272	
5.6	-16	0.00341736	
5.6	-14	0.00645596	
5.6	-12	0.0118948	
5.6	-11	0.0159617	
5.6	-10	0.0212423	
5.6	-9	0.0280211	
5.6	-8	0.0365946	
5.6	-7	0.0473112	
5.6	-6	0.0605451	
5.6	-5	0.076636	
5.6	-4	0.0958562	
5.6	-3	0.118491	
5.6	-2	0.144689	
5.6	-1.5	0.159219	
5.6	-1	0.174726	
5.6	-0.5	0.191101	
5.6	0	0.208361	

5.8	-24	0.000300027	
5.8	-22	0.000583958	
5.8	-20	0.00112681	
5.8	-18	0.0021492	
5.8	-16	0.00403597	
5.8	-14	0.00743053	
5.8	-12	0.0133497	
5.8	-11	0.0177035	
5.8	-10	0.0232881	
5.8	-9	0.0303718	
5.8	-8	0.0392475	
5.8	-7	0.0502224	
5.8	-6	0.0636518	
5.8	-5	0.0798245	
5.8	-4	0.0990707	
5.8	-3	0.121516	
5.8	-2	0.147411	
5.8	-1.5	0.161629	
5.8	-1	0.176708	
5.8	-0.5	0.192735	
5.8	0	0.209594	

6	-24	0.000386525	
6	-22	0.000734182	
6	-20	0.00138231	
6	-18	0.00257218	
6	-16	0.00471257	
6	-14	0.00847085	
6	-12	0.0148724	
6	-11	0.0194995	
6	-10	0.0253755	
6	-9	0.0327491	
6	-8	0.0419114	
6	-7	0.0531091	
6	-6	0.0667133	
6	-5	0.082986	
6	-4	0.102177	
6	-3	0.124445	
6	-2	0.149953	
6	-1.5	0.163997	
6	-1	0.178862	
6	-0.5	0.194501	
6	0	0.210967	

6.2	-24	0.0004898	
6.2	-22	0.000909566	
6.2	-20	0.00167298	
6.2	-18	0.00304215	
6.2	-16	0.00544798	
6.2	-14	0.00957445	
6.2	-12	0.0164511	
6.2	-11	0.0213439	
6.2	-10	0.0274943	
6.2	-9	0.0351462	
6.2	-8	0.0445451	
6.2	-7	0.0559763	
6.2	-6	0.0697147	
6.2	-5	0.08603	
6.2	-4	0.105109	
6.2	-3	0.127216	
6.2	-2	0.152355	
6.2	-1.5	0.16612	
6.2	-1	0.180598	
6.2	-0.5	0.195884	
6.2	0	0.212003	

6.4	-24	0.000611464	
6.4	-22	0.0011113	
6.4	-20	0.00200062	
6.4	-18	0.00355965	
6.4	-16	0.00624036	
6.4	-14	0.0107376	
6.4	-12	0.0180814	
6.4	-11	0.0232346	
6.4	-10	0.0296468	
6.4	-9	0.037544	
6.4	-8	0.0471786	
6.4	-7	0.0587955	
6.4	-6	0.0726814	
6.4	-5	0.0890044	
6.4	-4	0.10802	
6.4	-3	0.129861	
6.4	-2	0.154668	
6.4	-1.5	0.168251	
6.4	-1	0.182462	
6.4	-0.5	0.197439	
6.4	0	0.213095	

6.6	-24	0.000753284	
6.6	-22	0.00134116	
6.6	-20	0.00236625	
6.6	-18	0.00412537	
6.6	-16	0.00708835	
6.6	-14	0.0119575	
6.6	-12	0.0197586	
6.6	-11	0.0251566	
6.6	-10	0.0318184	
6.6	-9	0.0399576	
6.6	-8	0.0498097	
6.6	-7	0.0615936	
6.6	-6	0.0755502	
6.6	-5	0.0919126	
6.6	-4	0.110817	
6.6	-3	0.132376	
6.6	-2	0.156856	
6.6	-1.5	0.170184	
6.6	-1	0.184199	
6.6	-0.5	0.198898	
6.6	0	0.214152	

6.8	-24	0.000916292	
6.8	-22	0.00160042	
6.8	-20	0.0027698	
6.8	-18	0.00473761	
6.8	-16	0.00798878	
6.8	-14	0.0132298	
6.8	-12	0.0214744	
6.8	-11	0.0271103	
6.8	-10	0.0340056	
6.8	-9	0.042359	
6.8	-8	0.0524262	
6.8	-7	0.064347	
6.8	-6	0.0784045	
6.8	-5	0.0947252	
6.8	-4	0.113548	
6.8	-3	0.134942	
6.8	-2	0.158935	
6.8	-1.5	0.17196	
6.8	-1	0.185703	
6.8	-0.5	0.200012	
6.8	0	0.215029	

7	-24	0.00110192	
7	-22	0.00189015	
7	-20	0.00321267	
7	-18	0.0053971	
7	-16	0.00893958	
7	-14	0.0145493	
7	-12	0.0232285	
7	-11	0.0290897	
7	-10	0.0362019	
7	-9	0.0447733	
7	-8	0.0549839	
7	-7	0.067032	
7	-6	0.0811156	
7	-5	0.0974512	
7	-4	0.116159	
7	-3	0.137332	
7	-2	0.161041	
7	-1.5	0.173836	
7	-1	0.18725	
7	-0.5	0.201307	
7	0	0.215977	

7.2	-24	0.00131111	
7.2	-22	0.00221123	
7.2	-20	0.00369468	
7.2	-18	0.00610196	
7.2	-16	0.00993899	
7.2	-14	0.0159152	
7.2	-12	0.0250181	
7.2	-11	0.0310852	
7.2	-10	0.0384065	
7.2	-9	0.0471681	
7.2	-8	0.0575321	
7.2	-7	0.0696913	
7.2	-6	0.0838376	
7.2	-5	0.100144	
7.2	-4	0.118638	
7.2	-3	0.139615	
7.2	-2	0.163023	
7.2	-1.5	0.175539	
7.2	-1	0.188701	
7.2	-0.5	0.202432	
7.2	0	0.216777	

7.4	-24	0.00154547	
7.4	-22	0.00256437	
7.4	-20	0.0042158	
7.4	-18	0.00685104	
7.4	-16	0.0109829	
7.4	-14	0.0173221	
7.4	-12	0.0268244	
7.4	-11	0.0331074	
7.4	-10	0.040621	
7.4	-9	0.0495345	
7.4	-8	0.060039	
7.4	-7	0.0723071	
7.4	-6	0.0864937	
7.4	-5	0.102702	
7.4	-4	0.121119	
7.4	-3	0.141744	
7.4	-2	0.164782	
7.4	-1.5	0.177155	
7.4	-1	0.190093	
7.4	-0.5	0.203582	
7.4	0	0.217609	

7.6	-24	0.00180524	
7.6	-22	0.00294952	
7.6	-20	0.00477517	
7.6	-18	0.00764362	
7.6	-16	0.0120724	
7.6	-14	0.0187621	
7.6	-12	0.0286512	
7.6	-11	0.0351186	
7.6	-10	0.0428109	
7.6	-9	0.0519124	
7.6	-8	0.0625089	
7.6	-7	0.0748775	
7.6	-6	0.0890665	
7.6	-5	0.10522	
7.6	-4	0.123551	
7.6	-3	0.143923	
7.6	-2	0.166476	
7.6	-1.5	0.178631	
7.6	-1	0.191345	
7.6	-0.5	0.204595	
7.6	0	0.21831	

7.8	-24	0.00209117	
7.8	-22	0.00336732	
7.8	-20	0.00537316	
7.8	-18	0.00847735	
7.8	-16	0.0132009	
7.8	-14	0.0202403	
7.8	-12	0.0304938	
7.8	-11	0.037151	
7.8	-10	0.0450151	
7.8	-9	0.054249	
7.8	-8	0.0649748	
7.8	-7	0.0773802	
7.8	-6	0.0915787	
7.8	-5	0.107711	
7.8	-4	0.12583	
7.8	-3	0.146059	
7.8	-2	0.168352	
7.8	-1.5	0.180197	
7.8	-1	0.192621	
7.8	-0.5	0.205566	
7.8	0	0.219031	

8	-24	0.00240423	
8	-22	0.00381825	
8	-20	0.00600884	
8	-18	0.00935272	
8	-16	0.0143683	
8	-14	0.0217426	
8	-12	0.0323507	
8	-11	0.0391757	
8	-10	0.0472073	
8	-9	0.0565509	
8	-8	0.0673767	
8	-7	0.0798201	
8	-6	0.0940722	
8	-5	0.110088	
8	-4	0.128049	
8	-3	0.147998	
8	-2	0.170032	
8	-1.5	0.181773	
8	-1	0.193948	
8	-0.5	0.206677	
8	0	0.21986	

8.2	-24	0.00274419	
8.2	-22	0.00430131	
8.2	-20	0.00668035	
8.2	-18	0.0102647	
8.2	-16	0.0155736	
8.2	-14	0.0232717	
8.2	-12	0.0342264	
8.2	-11	0.041212	
8.2	-10	0.0493687	
8.2	-9	0.0588397	
8.2	-8	0.0697664	
8.2	-7	0.0822562	
8.2	-6	0.0964445	
8.2	-5	0.112388	
8.2	-4	0.130228	
8.2	-3	0.149976	
8.2	-2	0.17157	
8.2	-1.5	0.183118	
8.2	-1	0.195119	
8.2	-0.5	0.207619	
8.2	0	0.220499	

8.4	-24	0.00311191	
8.4	-22	0.00481779	
8.4	-20	0.00738859	
8.4	-18	0.0112121	
8.4	-16	0.0168082	
8.4	-14	0.0248241	
8.4	-12	0.0361015	
8.4	-11	0.0432323	
8.4	-10	0.0515222	
8.4	-9	0.0611143	
8.4	-8	0.0721066	
8.4	-7	0.0846299	
8.4	-6	0.0987586	
8.4	-5	0.114666	
8.4	-4	0.13231	
8.4	-3	0.151839	
8.4	-2	0.173174	
8.4	-1.5	0.184558	
8.4	-1	0.196334	
8.4	-0.5	0.208561	
8.4	0	0.221238	

8.6	-24	0.00350757	
8.6	-22	0.00536467	
8.6	-20	0.00813132	
8.6	-18	0.0121949	
8.6	-16	0.0180719	
8.6	-14	0.0263987	
8.6	-12	0.0379835	
8.6	-11	0.0452537	
8.6	-10	0.0536799	
8.6	-9	0.0633702	
8.6	-8	0.0743978	
8.6	-7	0.0869346	
8.6	-6	0.101047	
8.6	-5	0.116833	
8.6	-4	0.134376	
8.6	-3	0.153605	
8.6	-2	0.174615	
8.6	-1.5	0.185772	
8.6	-1	0.197379	
8.6	-0.5	0.209386	
8.6	0	0.221818	

8.8	-24	0.00393095	
8.8	-22	0.0059435	
8.8	-20	0.0089075	
8.8	-18	0.013211	
8.8	-16	0.0193633	
8.8	-14	0.0279876	
8.8	-12	0.0398671	
8.8	-11	0.0472498	
8.8	-10	0.0557942	
8.8	-9	0.0655643	
8.8	-8	0.0766663	
8.8	-7	0.0892054	
8.8	-6	0.103258	
8.8	-5	0.118951	
8.8	-4	0.136286	
8.8	-3	0.155365	
8.8	-2	0.176063	
8.8	-1.5	0.187078	
8.8	-1	0.198457	
8.8	-0.5	0.210267	
8.8	0	0.222451	

9	-24	0.00438195	
9	-22	0.00655292	
9	-20	0.00971577	
9	-18	0.014256	
9	-16	0.0206785	
9	-14	0.0295906	
9	-12	0.0417447	
9	-11	0.0492572	
9	-10	0.0578915	
9	-9	0.0677538	
9	-8	0.0788794	
9	-7	0.0914227	
9	-6	0.105446	
9	-5	0.121034	
9	-4	0.138173	
9	-3	0.156985	
9	-2	0.17745	
9	-1.5	0.188299	
9	-1	0.199531	
9	-0.5	0.211131	
9	0	0.223052	

9.2	-24	0.00485923	
9.2	-22	0.00719171	
9.2	-20	0.0105535	
9.2	-18	0.0153324	
9.2	-16	0.022014	
9.2	-14	0.0312011	
9.2	-12	0.0436111	
9.2	-11	0.0512379	
9.2	-10	0.0599709	
9.2	-9	0.0698805	
9.2	-8	0.0810804	
9.2	-7	0.0935917	
9.2	-6	0.107551	
9.2	-5	0.123026	
9.2	-4	0.140056	
9.2	-3	0.158611	
9.2	-2	0.178745	
9.2	-1.5	0.189418	
9.2	-1	0.200398	
9.2	-0.5	0.211768	
9.2	0	0.223526	

9.4	-24	0.00536409	
9.4	-22	0.0078598	
9.4	-20	0.0114187	
9.4	-18	0.0164317	
9.4	-16	0.0233699	
9.4	-14	0.0328224	
9.4	-12	0.0454848	
9.4	-11	0.0532212	
9.4	-10	0.0620178	
9.4	-9	0.0719794	
9.4	-8	0.083223	
9.4	-7	0.0957115	
9.4	-6	0.109633	
9.4	-5	0.124983	
9.4	-4	0.141795	
9.4	-3	0.160164	
9.4	-2	0.179991	
9.4	-1.5	0.190499	
9.4	-1	0.201358	
9.4	-0.5	0.212554	
9.4	0	0.224089	

9.6	-24	0.00589585	
9.6	-22	0.00855465	
9.6	-20	0.0123132	
9.6	-18	0.0175561	
9.6	-16	0.0247456	
9.6	-14	0.0344458	
9.6	-12	0.0473334	
9.6	-11	0.055173	
9.6	-10	0.0640274	
9.6	-9	0.0740631	
9.6	-8	0.0853146	
9.6	-7	0.0978316	
9.6	-6	0.111666	
9.6	-5	0.126878	
9.6	-4	0.143562	
9.6	-3	0.161686	
9.6	-2	0.18124	
9.6	-1.5	0.191558	
9.6	-1	0.202224	
9.6	-0.5	0.213239	
9.6	0	0.224566	

9.8	-24	0.00645352	
9.8	-22	0.00927997	
9.8	-20	0.0132338	
9.8	-18	0.0187029	
9.8	-16	0.0261346	
9.8	-14	0.036079	
9.8	-12	0.0491781	
9.8	-11	0.0571005	
9.8	-10	0.0660315	
9.8	-9	0.0761187	
9.8	-8	0.0873608	
9.8	-7	0.0998609	
9.8	-6	0.113644	
9.8	-5	0.128758	
9.8	-4	0.145254	
9.8	-3	0.16314	
9.8	-2	0.182427	
9.8	-1.5	0.192605	
9.8	-1	0.203094	
9.8	-0.5	0.213864	
9.8	0	0.225021	

10	-24	0.00703602	
10	-22	0.0100303	
10	-20	0.0141816	
10	-18	0.01987	
10	-16	0.0275412	
10	-14	0.0377161	
10	-12	0.0510161	
10	-11	0.0590212	
10	-10	0.068026	
10	-9	0.0781287	
10	-8	0.0893488	
10	-7	0.1018	
10	-6	0.115566	
10	-5	0.130572	
10	-4	0.14692	
10	-3	0.164562	
10	-2	0.183601	
10	-1.5	0.193612	
10	-1	0.203948	
10	-0.5	0.214574	
10	0	0.22552	

10.2	-24	0.00764448	
10.2	-22	0.0108051	
10.2	-20	0.0151531	
10.2	-18	0.0210562	
10.2	-16	0.028957	
10.2	-14	0.0393503	
10.2	-12	0.0528305	
10.2	-11	0.0609248	
10.2	-10	0.0699789	
10.2	-9	0.0800858	
10.2	-8	0.091347	
10.2	-7	0.103786	
10.2	-6	0.11744	
10.2	-5	0.132322	
10.2	-4	0.148517	
10.2	-3	0.166005	
10.2	-2	0.184742	
10.2	-1.5	0.19458	
10.2	-1	0.20475	
10.2	-0.5	0.215191	
10.2	0	0.225977	

10.4	-24	0.00827684	
10.4	-22	0.0116043	
10.4	-20	0.0161437	
10.4	-18	0.0222589	
10.4	-16	0.0303814	
10.4	-14	0.0409804	
10.4	-12	0.0546461	
10.4	-11	0.0627925	
10.4	-10	0.0719048	
10.4	-9	0.0820433	
10.4	-8	0.0932796	
10.4	-7	0.105677	
10.4	-6	0.119252	
10.4	-5	0.134041	
10.4	-4	0.150038	
10.4	-3	0.167337	
10.4	-2	0.185864	
10.4	-1.5	0.195573	
10.4	-1	0.205586	
10.4	-0.5	0.215901	
10.4	0	0.226475	

10.6	-24	0.00893215	
10.6	-22	0.0124263	
10.6	-20	0.0171548	
10.6	-18	0.023479	
10.6	-16	0.0318155	
10.6	-14	0.0426134	
10.6	-12	0.0564381	
10.6	-11	0.0646543	
10.6	-10	0.0737928	
10.6	-9	0.0839616	
10.6	-8	0.0951759	
10.6	-7	0.107528	
10.6	-6	0.121023	
10.6	-5	0.135686	
10.6	-4	0.151568	
10.6	-3	0.168629	
10.6	-2	0.186912	
10.6	-1.5	0.196477	
10.6	-1	0.206342	
10.6	-0.5	0.216464	
10.6	0	0.226905	

10.8	-24	0.00961015	
10.8	-22	0.0132697	
10.8	-20	0.0181861	
10.8	-18	0.0247079	
10.8	-16	0.0332458	
10.8	-14	0.0442331	
10.8	-12	0.05821	
10.8	-11	0.0664941	
10.8	-10	0.0756631	
10.8	-9	0.0858387	
10.8	-8	0.0970417	
10.8	-7	0.109338	
10.8	-6	0.122716	
10.8	-5	0.137327	
10.8	-4	0.153008	
10.8	-3	0.169928	
10.8	-2	0.187962	
10.8	-1.5	0.197344	
10.8	-1	0.2071	
10.8	-0.5	0.217067	
10.8	0	0.227344	

11	-24	0.01031	
11	-22	0.0141353	
11	-20	0.019235	
11	-18	0.025955	
11	-16	0.0346831	
11	-14	0.0458674	
11	-12	0.0599859	
11	-11	0.0682976	
11	-10	0.077511	
11	-9	0.087702	
11	-8	0.0988799	
11	-7	0.111109	
11	-6	0.124425	
11	-5	0.138862	
11	-4	0.154479	
11	-3	0.171124	
11	-2	0.188913	
11	-1.5	0.198209	
11	-1	0.207819	
11	-0.5	0.21762	
11	0	0.227754	

11.2	-24	0.0110306	
11.2	-22	0.0150208	
11.2	-20	0.0203004	
11.2	-18	0.027211	
11.2	-16	0.0361277	
11.2	-14	0.0474904	
11.2	-12	0.0617319	
11.2	-11	0.0700732	
11.2	-10	0.0793444	
11.2	-9	0.0895079	
11.2	-8	0.100669	
11.2	-7	0.112857	
11.2	-6	0.126096	
11.2	-5	0.140431	
11.2	-4	0.155799	
11.2	-3	0.172367	
11.2	-2	0.189955	
11.2	-1.5	0.19909	
11.2	-1	0.208525	
11.2	-0.5	0.218185	
11.2	0	0.228142	

11.4	-24	0.0117708	
11.4	-22	0.0159225	
11.4	-20	0.021378	
11.4	-18	0.0284748	
11.4	-16	0.0375722	
11.4	-14	0.0490986	
11.4	-12	0.0634582	
11.4	-11	0.0718333	
11.4	-10	0.0811181	
11.4	-9	0.091289	
11.4	-8	0.102429	
11.4	-7	0.114572	
11.4	-6	0.127705	
11.4	-5	0.141923	
11.4	-4	0.157153	
11.4	-3	0.173438	
11.4	-2	0.190779	
11.4	-1.5	0.199837	
11.4	-1	0.209176	
11.4	-0.5	0.218733	
11.4	0	0.228541	

11.6	-24	0.0125304	
11.6	-22	0.0168425	
11.6	-20	0.022472	
11.6	-18	0.0297472	
11.6	-16	0.0390202	
11.6	-14	0.0506972	
11.6	-12	0.0651922	
11.6	-11	0.0735838	
11.6	-10	0.0828707	
11.6	-9	0.0930641	
11.6	-8	0.104149	
11.6	-7	0.116232	
11.6	-6	0.129283	
11.6	-5	0.143371	
11.6	-4	0.158455	
11.6	-3	0.174528	
11.6	-2	0.191669	
11.6	-1.5	0.200587	
11.6	-1	0.209725	
11.6	-0.5	0.219165	
11.6	0	0.228809	

11.8	-24	0.0133084	
11.8	-22	0.0177782	
11.8	-20	0.0235769	
11.8	-18	0.0310279	
11.8	-16	0.0404642	
11.8	-14	0.0522812	
11.8	-12	0.0668798	
11.8	-11	0.0753371	
11.8	-10	0.0846032	
11.8	-9	0.0947788	
11.8	-8	0.105838	
11.8	-7	0.117874	
11.8	-6	0.130839	
11.8	-5	0.144771	
11.8	-4	0.159728	
11.8	-3	0.175666	
11.8	-2	0.192561	
11.8	-1.5	0.201367	
11.8	-1	0.210399	
11.8	-0.5	0.219638	
11.8	0	0.229137	

12	-24	0.0141025	
12	-22	0.0187286	
12	-20	0.0246934	
12	-18	0.0323101	
12	-16	0.0419108	
12	-14	0.0538613	
12	-12	0.0685543	
12	-11	0.0770361	
12	-10	0.0863131	
12	-9	0.0964545	
12	-8	0.107504	
12	-7	0.119439	
12	-6	0.132346	
12	-5	0.146185	
12	-4	0.160953	
12	-3	0.176722	
12	-2	0.1934	
12	-1.5	0.20208	
12	-1	0.211013	
12	-0.5	0.220152	
12	0	0.229504	

12.4	-24	0.0157423	
12.4	-22	0.0206737	
12.4	-20	0.0269539	
12.4	-18	0.0348886	
12.4	-16	0.0447891	
12.4	-14	0.0569966	
12.4	-12	0.0718268	
12.4	-11	0.080366	
12.4	-10	0.089638	
12.4	-9	0.0997475	
12.4	-8	0.110695	
12.4	-7	0.122553	
12.4	-6	0.13524	
12.4	-5	0.148824	
12.4	-4	0.163391	
12.4	-3	0.178767	
12.4	-2	0.195017	
12.4	-1.5	0.203502	
12.4	-1	0.212157	
12.4	-0.5	0.221056	
12.4	0	0.230137	

12.8	-24	0.0174401	
12.8	-22	0.0226665	
12.8	-20	0.0292469	
12.8	-18	0.0374766	
12.8	-16	0.0476381	
12.8	-14	0.0600654	
12.8	-12	0.0750222	
12.8	-11	0.0835966	
12.8	-10	0.0928912	
12.8	-9	0.102913	
12.8	-8	0.113754	
12.8	-7	0.12548	
12.8	-6	0.138014	
12.8	-5	0.151388	
12.8	-4	0.165624	
12.8	-3	0.180663	
12.8	-2	0.196525	
12.8	-1.5	0.204791	
12.8	-1	0.213275	
12.8	-0.5	0.221938	
12.8	0	0.230776	

13.2	-24	0.0191909	
13.2	-22	0.0246963	
13.2	-20	0.0315622	
13.2	-18	0.0400737	
13.2	-16	0.0504803	
13.2	-14	0.0630861	
13.2	-12	0.0781872	
13.2	-11	0.0866997	
13.2	-10	0.096003	
13.2	-9	0.106015	
13.2	-8	0.116757	
13.2	-7	0.128289	
13.2	-6	0.140606	
13.2	-5	0.153793	
13.2	-4	0.167759	
13.2	-3	0.182503	
13.2	-2	0.197979	
13.2	-1.5	0.206052	
13.2	-1	0.214292	
13.2	-0.5	0.222711	
13.2	0	0.231323	

13.6	-24	0.0209829	
13.6	-22	0.0267601	
13.6	-20	0.0338936	
13.6	-18	0.0426519	
13.6	-16	0.0532886	
13.6	-14	0.0660646	
13.6	-12	0.0812285	
13.6	-11	0.0897791	
13.6	-10	0.0989885	
13.6	-9	0.108967	
13.6	-8	0.119665	
13.6	-7	0.131053	
13.6	-6	0.143175	
13.6	-5	0.156093	
13.6	-4	0.169748	
13.6	-3	0.184218	
13.6	-2	0.199376	
13.6	-1.5	0.20726	
13.6	-1	0.215301	
13.6	-0.5	0.223504	
13.6	0	0.23184	

14	-24	0.022819	
14	-22	0.0288451	
14	-20	0.0362379	
14	-18	0.0452223	
14	-16	0.0560552	
14	-14	0.068965	
14	-12	0.0842037	
14	-11	0.0927318	
14	-10	0.10194	
14	-9	0.111776	
14	-8	0.122394	
14	-7	0.133684	
14	-6	0.145631	
14	-5	0.158347	
14	-4	0.171703	
14	-3	0.185853	
14	-2	0.20066	
14	-1.5	0.208305	
14	-1	0.216163	
14	-0.5	0.224105	
14	0	0.232285	

14.4	-24	0.0246952	
14.4	-22	0.0309653	
14.4	-20	0.0385821	
14.4	-18	0.0477823	
14.4	-16	0.058793	
14.4	-14	0.0718078	
14.4	-12	0.0870866	
14.4	-11	0.0956203	
14.4	-10	0.104776	
14.4	-9	0.114572	
14.4	-8	0.124992	
14.4	-7	0.136134	
14.4	-6	0.147983	
14.4	-5	0.160447	
14.4	-4	0.173615	
14.4	-3	0.187409	
14.4	-2	0.201944	
14.4	-1.5	0.209426	
14.4	-1	0.217001	
14.4	-0.5	0.224847	
14.4	0	0.232812	

14.8	-24	0.0265933	
14.8	-22	0.0330872	
14.8	-20	0.0409253	
14.8	-18	0.0503257	
14.8	-16	0.0614994	
14.8	-14	0.0745827	
14.8	-12	0.0898812	
14.8	-11	0.0983903	
14.8	-10	0.107525	
14.8	-9	0.11721	
14.8	-8	0.127585	
14.8	-7	0.138529	
14.8	-6	0.150161	
14.8	-5	0.162451	
14.8	-4	0.175388	
14.8	-3	0.188935	
14.8	-2	0.203153	
14.8	-1.5	0.210464	
14.8	-1	0.217879	
14.8	-0.5	0.225572	
14.8	0	0.233308	

15.2	-24	0.0285168	
15.2	-22	0.0352252	
15.2	-20	0.0432617	
15.2	-18	0.0528356	
15.2	-16	0.0641544	
15.2	-14	0.0773429	
15.2	-12	0.0926245	
15.2	-11	0.101117	
15.2	-10	0.110154	
15.2	-9	0.119804	
15.2	-8	0.130048	
15.2	-7	0.140888	
15.2	-6	0.152322	
15.2	-5	0.164358	
15.2	-4	0.177038	
15.2	-3	0.190329	
15.2	-2	0.204224	
15.2	-1.5	0.211345	
15.2	-1	0.218666	
15.2	-0.5	0.226075	
15.2	0	0.233661	

15.6	-24	0.0304564	
15.6	-22	0.0373683	
15.6	-20	0.0455976	
15.6	-18	0.0553259	
15.6	-16	0.0667597	
15.6	-14	0.0800111	
15.6	-12	0.0952888	
15.6	-11	0.103722	
15.6	-10	0.112728	
15.6	-9	0.12227	
15.6	-8	0.132401	
15.6	-7	0.143108	
15.6	-6	0.154395	
15.6	-5	0.166278	
15.6	-4	0.178711	
15.6	-3	0.191715	
15.6	-2	0.205267	
15.6	-1.5	0.212242	
15.6	-1	0.219371	
15.6	-0.5	0.226617	
15.6	0	0.234023	

16	-24	0.0324051	
16	-22	0.0395072	
16	-20	0.0479109	
16	-18	0.0577928	
16	-16	0.0693127	
16	-14	0.082622	
16	-12	0.0978602	
16	-11	0.106282	
16	-10	0.115198	
16	-9	0.124688	
16	-8	0.134668	
16	-7	0.145218	
16	-6	0.156375	
16	-5	0.16804	
16	-4	0.180277	
16	-3	0.193035	
16	-2	0.206361	
16	-1.5	0.213202	
16	-1	0.220144	
16	-0.5	0.227226	
16	0	0.234491	

16.8	-24	0.0363499	
16.8	-22	0.0437839	
16.8	-20	0.0524977	
16.8	-18	0.062619	
16.8	-16	0.0742867	
16.8	-14	0.0876765	
16.8	-12	0.102838	
16.8	-11	0.111151	
16.8	-10	0.119932	
16.8	-9	0.129208	
16.8	-8	0.139018	
16.8	-7	0.149291	
16.8	-6	0.160103	
16.8	-5	0.171401	
16.8	-4	0.18317	
16.8	-3	0.195486	
16.8	-2	0.208244	
16.8	-1.5	0.214807	
16.8	-1	0.221503	
16.8	-0.5	0.228306	
16.8	0	0.235233	

17.6	-24	0.040295	
17.6	-22	0.0480246	
17.6	-20	0.0569878	
17.6	-18	0.0673067	
17.6	-16	0.0790901	
17.6	-14	0.0924652	
17.6	-12	0.107553	
17.6	-11	0.115733	
17.6	-10	0.124375	
17.6	-9	0.133468	
17.6	-8	0.143043	
17.6	-7	0.15307	
17.6	-6	0.163518	
17.6	-5	0.174476	
17.6	-4	0.185902	
17.6	-3	0.197746	
17.6	-2	0.210065	
17.6	-1.5	0.216342	
17.6	-1	0.222757	
17.6	-0.5	0.229272	
17.6	0	0.235878	

18.4	-24	0.0442231	
18.4	-22	0.0521988	
18.4	-20	0.0613778	
18.4	-18	0.0718329	
18.4	-16	0.0837024	
18.4	-14	0.0970535	
18.4	-12	0.11196	
18.4	-11	0.120035	
18.4	-10	0.128564	
18.4	-9	0.137467	
18.4	-8	0.146792	
18.4	-7	0.156551	
18.4	-6	0.16673	
18.4	-5	0.177323	
18.4	-4	0.188377	
18.4	-3	0.199816	
18.4	-2	0.211672	
18.4	-1.5	0.217716	
18.4	-1	0.223866	
18.4	-0.5	0.230136	
18.4	0	0.2365	

19.2	-24	0.0481252	
19.2	-22	0.0563132	
19.2	-20	0.0656513	
19.2	-18	0.0762255	
19.2	-16	0.0881175	
19.2	-14	0.101428	
19.2	-12	0.116185	
19.2	-11	0.12413	
19.2	-10	0.132455	
19.2	-9	0.141177	
19.2	-8	0.150279	
19.2	-7	0.159835	
19.2	-6	0.169703	
19.2	-5	0.180023	
19.2	-4	0.190652	
19.2	-3	0.201722	
19.2	-2	0.213124	
19.2	-1.5	0.218976	
19.2	-1	0.224908	
19.2	-0.5	0.230927	
19.2	0	0.237022	

20	-24	0.0519869	
20	-22	0.0603537	
20	-20	0.0698217	
20	-18	0.0804654	
20	-16	0.0923725	
20	-14	0.105579	
20	-12	0.120167	
20	-11	0.127996	
20	-10	0.136162	
20	-9	0.144711	
20	-8	0.153612	
20	-7	0.162862	
20	-6	0.172492	
20	-5	0.182465	
20	-4	0.192804	
20	-3	0.203478	
20	-2	0.214521	
20	-1.5	0.220133	
20	-1	0.225859	
20	-0.5	0.23164	
20	0	0.237535	

20.8	-24	0.0557786	
20.8	-22	0.064295	
20.8	-20	0.0738628	
20.8	-18	0.0845475	
20.8	-16	0.0964235	
20.8	-14	0.109528	
20.8	-12	0.123941	
20.8	-11	0.131634	
20.8	-10	0.139676	
20.8	-9	0.148026	
20.8	-8	0.156735	
20.8	-7	0.165728	
20.8	-6	0.175091	
20.8	-5	0.18478	
20.8	-4	0.194813	
20.8	-3	0.205154	
20.8	-2	0.215809	
20.8	-1.5	0.221257	
20.8	-1	0.226771	
20.8	-0.5	0.232375	
20.8	0	0.238039	

21.6	-24	0.0595072	
21.6	-22	0.0681297	
21.6	-20	0.0777589	
21.6	-18	0.0884822	
21.6	-16	0.100304	
21.6	-14	0.113314	
21.6	-12	0.127501	
21.6	-11	0.135075	
21.6	-10	0.142923	
21.6	-9	0.151128	
21.6	-8	0.159634	
21.6	-7	0.168427	
21.6	-6	0.177553	
21.6	-5	0.186983	
21.6	-4	0.196709	
21.6	-3	0.206732	
21.6	-2	0.217025	
21.6	-1.5	0.222312	
21.6	-1	0.227622	
21.6	-0.5	0.233023	
21.6	0	0.238503	

22.4	-24	0.0631564	
22.4	-22	0.0718864	
22.4	-20	0.0815746	
22.4	-18	0.0922364	
22.4	-16	0.104019	
22.4	-14	0.116884	
22.4	-12	0.130908	
22.4	-11	0.138316	
22.4	-10	0.146037	
22.4	-9	0.154054	
22.4	-8	0.162364	
22.4	-7	0.17095	
22.4	-6	0.179827	
22.4	-5	0.188991	
22.4	-4	0.198427	
22.4	-3	0.208161	
22.4	-2	0.218162	
22.4	-1.5	0.223263	
22.4	-1	0.228416	
22.4	-0.5	0.233629	
22.4	0	0.23892	

23.2	-24	0.0667164	
23.2	-22	0.0755303	
23.2	-20	0.085241	
23.2	-18	0.0959042	
23.2	-16	0.10757	
23.2	-14	0.120314	
23.2	-12	0.134115	
23.2	-11	0.141394	
23.2	-10	0.148996	
23.2	-9	0.156836	
23.2	-8	0.164927	
23.2	-7	0.173299	
23.2	-6	0.181957	
23.2	-5	0.190872	
23.2	-4	0.200062	
23.2	-3	0.209482	
23.2	-2	0.219177	
23.2	-1.5	0.224106	
23.2	-1	0.229111	
23.2	-0.5	0.234159	
23.2	0	0.239265	

24	-24	0.0701977	
24	-22	0.0790678	
24	-20	0.0887983	
24	-18	0.0994252	
24	-16	0.111013	
24	-14	0.123575	
24	-12	0.137146	
24	-11	0.144325	
24	-10	0.15176	
24	-9	0.159411	
24	-8	0.167367	
24	-7	0.175509	
24	-6	0.184004	
24	-5	0.192666	
24	-4	0.201601	
24	-3	0.210751	
24	-2	0.220167	
24	-1.5	0.224923	
24	-1	0.229789	
24	-0.5	0.234649	
24	0	0.239643	

24.8	-24	0.0735813	
24.8	-22	0.082496	
24.8	-20	0.0922334	
24.8	-18	0.102812	
24.8	-16	0.114301	
24.8	-14	0.126717	
24.8	-12	0.140083	
24.8	-11	0.14711	
24.8	-10	0.154393	
24.8	-9	0.161912	
24.8	-8	0.169638	
24.8	-7	0.177651	
24.8	-6	0.185882	
24.8	-5	0.194317	
24.8	-4	0.203003	
24.8	-3	0.211897	
24.8	-2	0.221036	
24.8	-1.5	0.225696	
24.8	-1	0.230393	
24.8	-0.5	0.235107	
24.8	0	0.239938	

25.6	-24	0.0768886	
25.6	-22	0.085825	
25.6	-20	0.0955206	
25.6	-18	0.106062	
25.6	-16	0.117453	
25.6	-14	0.129714	
25.6	-12	0.142848	
25.6	-11	0.149763	
25.6	-10	0.15686	
25.6	-9	0.164257	
25.6	-8	0.171835	
25.6	-7	0.17965	
25.6	-6	0.187644	
25.6	-5	0.195903	
25.6	-4	0.204358	
25.6	-3	0.213025	
25.6	-2	0.221905	
25.6	-1.5	0.226368	
25.6	-1	0.230961	
25.6	-0.5	0.235555	
25.6	0	0.240213	

26.4	-24	0.0801185	
26.4	-22	0.0890319	
26.4	-20	0.0987266	
26.4	-18	0.109196	
26.4	-16	0.120486	
26.4	-14	0.13258	
26.4	-12	0.145512	
26.4	-11	0.152306	
26.4	-10	0.159293	
26.4	-9	0.166504	
26.4	-8	0.17391	
26.4	-7	0.181524	
26.4	-6	0.189332	
26.4	-5	0.197405	
26.4	-4	0.205626	
26.4	-3	0.214092	
26.4	-2	0.222698	
26.4	-1.5	0.227051	
26.4	-1	0.231533	
26.4	-0.5	0.235952	
26.4	0	0.240538	

27.2	-24	0.0832488	
27.2	-22	0.0921565	
27.2	-20	0.101803	
27.2	-18	0.112208	
27.2	-16	0.12336	
27.2	-14	0.135322	
27.2	-12	0.148043	
27.2	-11	0.154705	
27.2	-10	0.161574	
27.2	-9	0.168631	
27.2	-8	0.175903	
27.2	-7	0.183333	
27.2	-6	0.191005	
27.2	-5	0.198839	
27.2	-4	0.206868	
27.2	-3	0.215089	
27.2	-2	0.223488	
27.2	-1.5	0.227732	
27.2	-1	0.232073	
27.2	-0.5	0.236386	
27.2	0	0.2408	

28	-24	0.086294	
28	-22	0.0951889	
28	-20	0.104775	
28	-18	0.115094	
28	-16	0.126137	
28	-14	0.137926	
28	-12	0.150463	
28	-11	0.157014	
28	-10	0.163725	
28	-9	0.170678	
28	-8	0.177756	
28	-7	0.185066	
28	-6	0.192521	
28	-5	0.200188	
28	-4	0.208002	
28	-3	0.216044	
28	-2	0.224204	
28	-1.5	0.228363	
28	-1	0.232564	
28	-0.5	0.236795	
28	0	0.241092	

28.8	-24	0.0892479	
28.8	-22	0.0981316	
28.8	-20	0.10765	
28.8	-18	0.11786	
28.8	-16	0.128767	
28.8	-14	0.140399	
28.8	-12	0.152751	
28.8	-11	0.159194	
28.8	-10	0.165784	
28.8	-9	0.172591	
28.8	-8	0.179545	
28.8	-7	0.186693	
28.8	-6	0.194007	
28.8	-5	0.201485	
28.8	-4	0.209133	
28.8	-3	0.216945	
28.8	-2	0.224922	
28.8	-1.5	0.228933	
28.8	-1	0.233056	
28.8	-0.5	0.237178	
28.8	0	0.241325	

29.6	-24	0.0921218	
29.6	-22	0.100967	
29.6	-20	0.11045	
29.6	-18	0.120554	
29.6	-16	0.131349	
29.6	-14	0.142799	
29.6	-12	0.154947	
29.6	-11	0.161276	
29.6	-10	0.167789	
29.6	-9	0.174427	
29.6	-8	0.181257	
29.6	-7	0.188245	
29.6	-6	0.195397	
29.6	-5	0.202709	
29.6	-4	0.21018	
29.6	-3	0.217812	
29.6	-2	0.22559	
29.6	-1.5	0.229483	
29.6	-1	0.233506	
29.6	-0.5	0.237522	
29.6	0	0.241552	

30.4	-24	0.0949026	
30.4	-22	0.103714	
30.4	-20	0.113128	
30.4	-18	0.123164	
30.4	-16	0.133816	
30.4	-14	0.145113	
30.4	-12	0.157031	
30.4	-11	0.163249	
30.4	-10	0.169624	
30.4	-9	0.176143	
30.4	-8	0.182851	
30.4	-7	0.189654	
30.4	-6	0.196706	
30.4	-5	0.203812	
30.4	-4	0.211163	
30.4	-3	0.218548	
30.4	-2	0.226208	
30.4	-1.5	0.230016	
30.4	-1	0.233896	
30.4	-0.5	0.237833	
30.4	0	0.241788	

31.2	-24	0.0976041	
31.2	-22	0.106368	
31.2	-20	0.115723	
31.2	-18	0.125651	
31.2	-16	0.136187	
31.2	-14	0.147326	
31.2	-12	0.159061	
31.2	-11	0.165176	
31.2	-10	0.171438	
31.2	-9	0.177848	
31.2	-8	0.184377	
31.2	-7	0.191095	
31.2	-6	0.197934	
31.2	-5	0.204936	
31.2	-4	0.212055	
31.2	-3	0.219332	
31.2	-2	0.226727	
31.2	-1.5	0.23046	
31.2	-1	0.234294	
31.2	-0.5	0.238077	
31.2	0	0.241976	

32	-24	0.100257	
32	-22	0.108951	
32	-20	0.118222	
32	-18	0.128065	
32	-16	0.138467	
32	-14	0.149449	
32	-12	0.161015	
32	-11	0.167033	
32	-10	0.173155	
32	-9	0.179448	
32	-8	0.185869	
32	-7	0.192442	
32	-6	0.199124	
32	-5	0.205996	
32	-4	0.212947	
32	-3	0.220081	
32	-2	0.227318	
32	-1.5	0.230983	
32	-1	0.234712	
32	-0.5	0.238417	
32	0	0.242204	

32.8	-24	0.102802	
32.8	-22	0.111472	
32.8	-20	0.120639	
32.8	-18	0.130373	
32.8	-16	0.140661	
32.8	-14	0.151481	
32.8	-12	0.162869	
32.8	-11	0.168771	
32.8	-10	0.174803	
32.8	-9	0.180968	
32.8	-8	0.187279	
32.8	-7	0.193716	
32.8	-6	0.200298	
32.8	-5	0.207002	
32.8	-4	0.213812	
32.8	-3	0.220783	
32.8	-2	0.227859	
32.8	-1.5	0.231431	
32.8	-1	0.235071	
32.8	-0.5	0.238695	
32.8	0	0.242388	

33.6	-24	0.105293	
33.6	-22	0.113896	
33.6	-20	0.123004	
33.6	-18	0.132612	
33.6	-16	0.142766	
33.6	-14	0.15344	
33.6	-12	0.164649	
33.6	-11	0.170427	
33.6	-10	0.176378	
33.6	-9	0.18242	
33.6	-8	0.188628	
33.6	-7	0.19493	
33.6	-6	0.201372	
33.6	-5	0.207931	
33.6	-4	0.21462	
33.6	-3	0.221438	
33.6	-2	0.228358	
33.6	-1.5	0.231839	
33.6	-1	0.235399	
33.6	-0.5	0.238936	
33.6	0	0.242544	

34.4	-24	0.107703	
34.4	-22	0.116239	
34.4	-20	0.125261	
34.4	-18	0.134793	
34.4	-16	0.144814	
34.4	-14	0.15532	
34.4	-12	0.166366	
34.4	-11	0.172056	
34.4	-10	0.177893	
34.4	-9	0.183837	
34.4	-8	0.189908	
34.4	-7	0.196094	
34.4	-6	0.202423	
34.4	-5	0.208857	
34.4	-4	0.2154	
34.4	-3	0.22206	
34.4	-2	0.228841	
34.4	-1.5	0.232248	
34.4	-1	0.235712	
34.4	-0.5	0.239195	
34.4	0	0.242722	

35.2	-24	0.110041	
35.2	-22	0.118512	
35.2	-20	0.127463	
35.2	-18	0.136888	
35.2	-16	0.14678	
35.2	-14	0.157165	
35.2	-12	0.168024	
35.2	-11	0.173616	
35.2	-10	0.179336	
35.2	-9	0.185183	
35.2	-8	0.191129	
35.2	-7	0.197224	
35.2	-6	0.203422	
35.2	-5	0.20973	
35.2	-4	0.216148	
35.2	-3	0.22267	
35.2	-2	0.229299	
35.2	-1.5	0.232642	
35.2	-1	0.236038	
35.2	-0.5	0.239423	
35.2	0	0.242878	

36	-24	0.112313	
36	-22	0.12072	
36	-20	0.129593	
36	-18	0.138898	
36	-16	0.148677	
36	-14	0.158907	
36	-12	0.169602	
36	-11	0.175128	
36	-10	0.180761	
36	-9	0.186507	
36	-8	0.192363	
36	-7	0.198304	
36	-6	0.204401	
36	-5	0.210566	
36	-4	0.216872	
36	-3	0.223246	
36	-2	0.229745	
36	-1.5	0.233019	
36	-1	0.236338	
36	-0.5	0.239651	
36	0	0.243031	

36.8	-24	0.114512	
36.8	-22	0.122862	
36.8	-20	0.131638	
36.8	-18	0.140848	
36.8	-16	0.150511	
36.8	-14	0.160592	
36.8	-12	0.171137	
36.8	-11	0.17658	
36.8	-10	0.182096	
36.8	-9	0.187757	
36.8	-8	0.193484	
36.8	-7	0.199356	
36.8	-6	0.205319	
36.8	-5	0.211384	
36.8	-4	0.217543	
36.8	-3	0.223815	
36.8	-2	0.230178	
36.8	-1.5	0.233383	
36.8	-1	0.236645	
36.8	-0.5	0.239893	
36.8	0	0.2432	

37.6	-24	0.116655	
37.6	-22	0.124926	
37.6	-20	0.133629	
37.6	-18	0.142739	
37.6	-16	0.15227	
37.6	-14	0.16223	
37.6	-12	0.172612	
37.6	-11	0.177958	
37.6	-10	0.183384	
37.6	-9	0.188929	
37.6	-8	0.194585	
37.6	-7	0.200352	
37.6	-6	0.206191	
37.6	-5	0.212168	
37.6	-4	0.218227	
37.6	-3	0.224366	
37.6	-2	0.230615	
37.6	-1.5	0.233752	
37.6	-1	0.236935	
37.6	-0.5	0.240126	
37.6	0	0.243368	

38.4	-24	0.118749	
38.4	-22	0.126941	
38.4	-20	0.135541	
38.4	-18	0.144558	
38.4	-16	0.153976	
38.4	-14	0.163798	
38.4	-12	0.174009	
38.4	-11	0.179271	
38.4	-10	0.184638	
38.4	-9	0.1901	
38.4	-8	0.195667	
38.4	-7	0.201328	
38.4	-6	0.207074	
38.4	-5	0.212917	
38.4	-4	0.218845	
38.4	-3	0.224877	
38.4	-2	0.230974	
38.4	-1.5	0.234066	
38.4	-1	0.237199	
38.4	-0.5	0.240314	
38.4	0	0.24348	

39.2	-24	0.120776	
39.2	-22	0.128908	
39.2	-20	0.137425	
39.2	-18	0.146321	
39.2	-16	0.155615	
39.2	-14	0.165308	
39.2	-12	0.17538	
39.2	-11	0.180562	
39.2	-10	0.185832	
39.2	-9	0.191199	
39.2	-8	0.196668	
39.2	-7	0.20221	
39.2	-6	0.207871	
39.2	-5	0.213611	
39.2	-4	0.219428	
39.2	-3	0.225351	
39.2	-2	0.231341	
39.2	-1.5	0.23436	
39.2	-1	0.237428	
39.2	-0.5	0.240491	
39.2	0	0.243595	

40	-24	0.122745	
40	-22	0.130806	
40	-20	0.139237	
40	-18	0.148039	
40	-16	0.157217	
40	-14	0.166773	
40	-12	0.17668	
40	-11	0.181781	
40	-10	0.186967	
40	-9	0.19227	
40	-8	0.197627	
40	-7	0.203113	
40	-6	0.208646	
40	-5	0.214289	
40	-4	0.220017	
40	-3	0.225821	
40	-2	0.231697	
40	-1.5	0.234666	
40	-1	0.237675	
40	-0.5	0.240677	
40	0	0.243721	

