0.3	-24	2.88658e-12	
0.3	-22	1.67689e-12	
0.3	-20	1.09329e-12	
0.3	-18	4.47377e-13	
0.3	-16	3.46341e-13	
0.3	-14	1.75095e-13	
0.3	-12	-3.20683e-14	
0.3	-11	1.78309e-12	
0.3	-10	6.11947e-09	
0.3	-9	3.29562e-06	
0.3	-8	0.000135743	
0.3	-7	0.000933889	
0.3	-6	0.00326446	
0.3	-5	0.00841132	
0.3	-4	0.0183606	
0.3	-3	0.0343421	
0.3	-2	0.0567428	
0.3	-1.5	0.070797	
0.3	-1	0.0872912	
0.3	-0.5	0.107353	
0.3	0	0.131698	

0.4	-24	1.44224e-12	
0.4	-22	1.70109e-13	
0.4	-20	4.56086e-13	
0.4	-18	3.37905e-13	
0.4	-16	1.40429e-13	
0.4	-14	7.87439e-14	
0.4	-12	2.25479e-12	
0.4	-11	5.23096e-10	
0.4	-10	7.49519e-08	
0.4	-9	7.82858e-06	
0.4	-8	0.000162086	
0.4	-7	0.000996472	
0.4	-6	0.00334049	
0.4	-5	0.00857597	
0.4	-4	0.0182555	
0.4	-3	0.0334848	
0.4	-2	0.0548999	
0.4	-1.5	0.0683199	
0.4	-1	0.0840366	
0.4	-0.5	0.103056	
0.4	0	0.126676	

0.5	-24	2.4215e-13	
0.5	-22	-2.93207e-16	
0.5	-20	-2.59057e-14	
0.5	-18	1.03345e-13	
0.5	-16	-9.34117e-15	
0.5	-14	-2.62061e-14	
0.5	-12	1.70276e-10	
0.5	-11	7.77963e-09	
0.5	-10	4.43213e-07	
0.5	-9	1.5317e-05	
0.5	-8	0.000198742	
0.5	-7	0.00106398	
0.5	-6	0.00347249	
0.5	-5	0.00871172	
0.5	-4	0.0181951	
0.5	-3	0.0328871	
0.5	-2	0.0533908	
0.5	-1.5	0.0663086	
0.5	-1	0.0813528	
0.5	-0.5	0.0996884	
0.5	0	0.122173	

0.6	-24	1.69592e-13	
0.6	-22	2.30535e-13	
0.6	-20	-1.96017e-15	
0.6	-18	3.65961e-13	
0.6	-16	2.66202e-14	
0.6	-14	2.91107e-12	
0.6	-12	2.09889e-09	
0.6	-11	6.2189e-08	
0.6	-10	1.54557e-06	
0.6	-9	2.65042e-05	
0.6	-8	0.000243805	
0.6	-7	0.00116748	
0.6	-6	0.00363326	
0.6	-5	0.00886773	
0.6	-4	0.0181453	
0.6	-3	0.0323754	
0.6	-2	0.052032	
0.6	-1.5	0.0645728	
0.6	-1	0.0790545	
0.6	-0.5	0.0967167	
0.6	0	0.118925	

0.7	-24	1.2987e-14	
0.7	-22	2.66379e-15	
0.7	-20	1.64401e-14	
0.7	-18	-5.56189e-15	
0.7	-16	-9.21473e-14	
0.7	-14	4.20144e-11	
0.7	-12	1.52515e-08	
0.7	-11	2.63572e-07	
0.7	-10	3.66823e-06	
0.7	-9	4.29395e-05	
0.7	-8	0.000302261	
0.7	-7	0.00128033	
0.7	-6	0.00382677	
0.7	-5	0.00903159	
0.7	-4	0.0181057	
0.7	-3	0.031971	
0.7	-2	0.0511315	
0.7	-1.5	0.0631471	
0.7	-1	0.0775318	
0.7	-0.5	0.0948098	
0.7	0	0.116368	

0.8	-24	1.50714e-15	
0.8	-22	1.6268e-13	
0.8	-20	1.0745e-14	
0.8	-18	1.88618e-13	
0.8	-16	3.22698e-12	
0.8	-14	4.27237e-10	
0.8	-12	6.53074e-08	
0.8	-11	7.71507e-07	
0.8	-10	8.08675e-06	
0.8	-9	6.60993e-05	
0.8	-8	0.00037161	
0.8	-7	0.00141597	
0.8	-6	0.00402529	
0.8	-5	0.00925461	
0.8	-4	0.0182054	
0.8	-3	0.0316981	
0.8	-2	0.050549	
0.8	-1.5	0.0623057	
0.8	-1	0.07627	
0.8	-0.5	0.0936797	
0.8	0	0.114968	

0.9	-24	-1.69511e-15	
0.9	-22	-1.54474e-15	
0.9	-20	1.09036e-13	
0.9	-18	3.73792e-13	
0.9	-16	2.63048e-11	
0.9	-14	2.48758e-09	
0.9	-12	2.18223e-07	
0.9	-11	1.87597e-06	
0.9	-10	1.48907e-05	
0.9	-9	9.52565e-05	
0.9	-8	0.000455187	
0.9	-7	0.00158626	
0.9	-6	0.00424424	
0.9	-5	0.00952024	
0.9	-4	0.0183552	
0.9	-3	0.031542	
0.9	-2	0.0499294	
0.9	-1.5	0.0616233	
0.9	-1	0.0757107	
0.9	-0.5	0.0930728	
0.9	0	0.114338	

1	-24	1.86159e-13	
1	-22	1.90966e-13	
1	-20	1.97325e-13	
1	-18	1.25743e-12	
1	-16	2.13739e-10	
1	-14	1.05698e-08	
1	-12	5.61466e-07	
1	-11	4.02358e-06	
1	-10	2.47798e-05	
1	-9	0.000134147	
1	-8	0.000548751	
1	-7	0.00175171	
1	-6	0.00453548	
1	-5	0.00979382	
1	-4	0.0185398	
1	-3	0.0315697	
1	-2	0.0498237	
1	-1.5	0.0614704	
1	-1	0.075624	
1	-0.5	0.0927717	
1	0	0.114033	

1.2	-24	-6.11923e-15	
1.2	-22	5.24176e-13	
1.2	-20	4.09367e-12	
1.2	-18	1.39688e-10	
1.2	-16	3.55887e-09	
1.2	-14	1.39738e-07	
1.2	-12	2.75262e-06	
1.2	-11	1.32605e-05	
1.2	-10	5.92261e-05	
1.2	-9	0.000236394	
1.2	-8	0.000787866	
1.2	-7	0.00218195	
1.2	-6	0.00515256	
1.2	-5	0.010526	
1.2	-4	0.0192003	
1.2	-3	0.0320462	
1.2	-2	0.0502917	
1.2	-1.5	0.0622766	
1.2	-1	0.0765425	
1.2	-0.5	0.0938626	
1.2	0	0.115386	

1.4	-24	-4.54739e-14	
1.4	-22	9.18472e-12	
1.4	-20	9.80348e-11	
1.4	-18	1.84564e-09	
1.4	-16	3.182e-08	
1.4	-14	5.91417e-07	
1.4	-12	8.809e-06	
1.4	-11	3.33067e-05	
1.4	-10	0.000118109	
1.4	-9	0.000383667	
1.4	-8	0.00109018	
1.4	-7	0.00269478	
1.4	-6	0.00586165	
1.4	-5	0.0114033	
1.4	-4	0.0201803	
1.4	-3	0.0331968	
1.4	-2	0.0518805	
1.4	-1.5	0.0640802	
1.4	-1	0.078735	
1.4	-0.5	0.0965676	
1.4	0	0.118046	

1.6	-24	7.53977e-12	
1.6	-22	6.84605e-11	
1.6	-20	1.16204e-09	
1.6	-18	1.39148e-08	
1.6	-16	1.71397e-07	
1.6	-14	2.09103e-06	
1.6	-12	2.2201e-05	
1.6	-11	7.11084e-05	
1.6	-10	0.000211958	
1.6	-9	0.000583085	
1.6	-8	0.00146423	
1.6	-7	0.00330776	
1.6	-6	0.00673534	
1.6	-5	0.0125267	
1.6	-4	0.0216139	
1.6	-3	0.0349668	
1.6	-2	0.0542848	
1.6	-1.5	0.0669298	
1.6	-1	0.0819232	
1.6	-0.5	0.100175	
1.6	0	0.121746	

1.8	-24	7.50384e-11	
1.8	-22	8.72806e-10	
1.8	-20	7.57324e-09	
1.8	-18	6.99976e-08	
1.8	-16	6.42445e-07	
1.8	-14	5.7295e-06	
1.8	-12	4.77625e-05	
1.8	-11	0.000132787	
1.8	-10	0.000345268	
1.8	-9	0.000851347	
1.8	-8	0.00192751	
1.8	-7	0.00403459	
1.8	-6	0.00777902	
1.8	-5	0.0139142	
1.8	-4	0.0233855	
1.8	-3	0.0372717	
1.8	-2	0.0573326	
1.8	-1.5	0.0703802	
1.8	-1	0.0858054	
1.8	-0.5	0.104192	
1.8	0	0.125865	

2	-24	7.1765e-10	
2	-22	5.02559e-09	
2	-20	3.63392e-08	
2	-18	2.73275e-07	
2	-16	1.93645e-06	
2	-14	1.3783e-05	
2	-12	9.14672e-05	
2	-11	0.000226167	
2	-10	0.000533041	
2	-9	0.00118921	
2	-8	0.00249054	
2	-7	0.0049002	
2	-6	0.00902068	
2	-5	0.015588	
2	-4	0.0255701	
2	-3	0.0401547	
2	-2	0.060939	
2	-1.5	0.0744139	
2	-1	0.0902747	
2	-0.5	0.108794	
2	0	0.130355	

2.2	-24	3.61942e-09	
2.2	-22	2.19193e-08	
2.2	-20	1.35364e-07	
2.2	-18	8.25652e-07	
2.2	-16	4.93085e-06	
2.2	-14	2.89131e-05	
2.2	-12	0.000158798	
2.2	-11	0.000360485	
2.2	-10	0.000777414	
2.2	-9	0.00161871	
2.2	-8	0.00317374	
2.2	-7	0.00591781	
2.2	-6	0.0104531	
2.2	-5	0.0175306	
2.2	-4	0.0281092	
2.2	-3	0.0433956	
2.2	-2	0.065012	
2.2	-1.5	0.0787464	
2.2	-1	0.0947856	
2.2	-0.5	0.113382	
2.2	0	0.134938	

2.4	-24	1.49188e-08	
2.4	-22	7.7909e-08	
2.4	-20	4.06519e-07	
2.4	-18	2.13655e-06	
2.4	-16	1.09052e-05	
2.4	-14	5.50749e-05	
2.4	-12	0.000259259	
2.4	-11	0.000544263	
2.4	-10	0.00109933	
2.4	-9	0.00214413	
2.4	-8	0.00398827	
2.4	-7	0.00711238	
2.4	-6	0.0121077	
2.4	-5	0.0197236	
2.4	-4	0.0309694	
2.4	-3	0.0469827	
2.4	-2	0.0692864	
2.4	-1.5	0.0833027	
2.4	-1	0.0995149	
2.4	-0.5	0.118181	
2.4	0	0.139513	

2.6	-24	5.0771e-08	
2.6	-22	2.33128e-07	
2.6	-20	1.07037e-06	
2.6	-18	4.8842e-06	
2.6	-16	2.19986e-05	
2.6	-14	9.65229e-05	
2.6	-12	0.000401179	
2.6	-11	0.000787237	
2.6	-10	0.00150425	
2.6	-9	0.00278391	
2.6	-8	0.00494777	
2.6	-7	0.00848017	
2.6	-6	0.0139839	
2.6	-5	0.0221958	
2.6	-4	0.0341026	
2.6	-3	0.050798	
2.6	-2	0.0736808	
2.6	-1.5	0.0878015	
2.6	-1	0.104126	
2.6	-0.5	0.12283	
2.6	0	0.143902	

2.8	-24	1.4586e-07	
2.8	-22	5.94113e-07	
2.8	-20	2.47911e-06	
2.8	-18	1.01407e-05	
2.8	-16	4.07739e-05	
2.8	-14	0.00015955	
2.8	-12	0.000592135	
2.8	-11	0.0011054	
2.8	-10	0.0020074	
2.8	-9	0.00354285	
2.8	-8	0.00605517	
2.8	-7	0.0100304	
2.8	-6	0.0160552	
2.8	-5	0.024885	
2.8	-4	0.0374445	
2.8	-3	0.0548024	
2.8	-2	0.0781353	
2.8	-1.5	0.0924759	
2.8	-1	0.108697	
2.8	-0.5	0.127157	
2.8	0	0.1479	

3	-24	3.7151e-07	
3	-22	1.38535e-06	
3	-20	5.2093e-06	
3	-18	1.92324e-05	
3	-16	7.04603e-05	
3	-14	0.000250178	
3	-12	0.000840162	
3	-11	0.00149642	
3	-10	0.002613	
3	-9	0.00443013	
3	-8	0.00732393	
3	-7	0.0117563	
3	-6	0.0183309	
3	-5	0.0277693	
3	-4	0.0409423	
3	-3	0.0588404	
3	-2	0.0825439	
3	-1.5	0.0970568	
3	-1	0.113359	
3	-0.5	0.131616	
3	0	0.152141	

3.2	-24	8.4411e-07	
3.2	-22	2.93512e-06	
3.2	-20	1.00912e-05	
3.2	-18	3.4395e-05	
3.2	-16	0.000115106	
3.2	-14	0.000373675	
3.2	-12	0.00115696	
3.2	-11	0.00198119	
3.2	-10	0.00332788	
3.2	-9	0.00545458	
3.2	-8	0.00874228	
3.2	-7	0.0136497	
3.2	-6	0.0207683	
3.2	-5	0.0308084	
3.2	-4	0.0446038	
3.2	-3	0.0630223	
3.2	-2	0.0870371	
3.2	-1.5	0.101531	
3.2	-1	0.117705	
3.2	-0.5	0.135838	
3.2	0	0.155842	

3.4	-24	1.78131e-06	
3.4	-22	5.72817e-06	
3.4	-20	1.82844e-05	
3.4	-18	5.774e-05	
3.4	-16	0.000179023	
3.4	-14	0.000538598	
3.4	-12	0.00154597	
3.4	-11	0.00255709	
3.4	-10	0.00415968	
3.4	-9	0.00661576	
3.4	-8	0.0103095	
3.4	-7	0.0156935	
3.4	-6	0.0233662	
3.4	-5	0.0339332	
3.4	-4	0.0482421	
3.4	-3	0.0672352	
3.4	-2	0.0915542	
3.4	-1.5	0.105982	
3.4	-1	0.122133	
3.4	-0.5	0.139898	
3.4	0	0.159619	

3.6	-24	3.47583e-06	
3.6	-22	1.04481e-05	
3.6	-20	3.11712e-05	
3.6	-18	9.19894e-05	
3.6	-16	0.000266739	
3.6	-14	0.000749311	
3.6	-12	0.00201536	
3.6	-11	0.00323534	
3.6	-10	0.00510631	
3.6	-9	0.00790961	
3.6	-8	0.0120194	
3.6	-7	0.017878	
3.6	-6	0.0260561	
3.6	-5	0.0371897	
3.6	-4	0.0520046	
3.6	-3	0.0713316	
3.6	-2	0.0957533	
3.6	-1.5	0.110271	
3.6	-1	0.126137	
3.6	-0.5	0.143753	
3.6	0	0.163086	

3.8	-24	6.37217e-06	
3.8	-22	1.80449e-05	
3.8	-20	5.06277e-05	
3.8	-18	0.00014051	
3.8	-16	0.000382912	
3.8	-14	0.0010141	
3.8	-12	0.00257087	
3.8	-11	0.0040145	
3.8	-10	0.00617094	
3.8	-9	0.00933033	
3.8	-8	0.0138568	
3.8	-7	0.0201809	
3.8	-6	0.0288776	
3.8	-5	0.040507	
3.8	-4	0.0557588	
3.8	-3	0.0753622	
3.8	-2	0.0998606	
3.8	-1.5	0.114296	
3.8	-1	0.130006	
3.8	-0.5	0.147377	
3.8	0	0.166298	

4	-24	1.10114e-05	
4	-22	2.9558e-05	
4	-20	7.85682e-05	
4	-18	0.000207022	
4	-16	0.000532725	
4	-14	0.00133583	
4	-12	0.00321471	
4	-11	0.00489882	
4	-10	0.00735211	
4	-9	0.0108709	
4	-8	0.0158233	
4	-7	0.0226057	
4	-6	0.0317947	
4	-5	0.0438589	
4	-4	0.059524	
4	-3	0.0792784	
4	-2	0.103902	
4	-1.5	0.118232	
4	-1	0.133819	
4	-0.5	0.150917	
4	0	0.169444	

4.2	-24	1.81887e-05	
4.2	-22	4.65073e-05	
4.2	-20	0.000117667	
4.2	-18	0.000294114	
4.2	-16	0.000721033	
4.2	-14	0.00172043	
4.2	-12	0.00394855	
4.2	-11	0.00588122	
4.2	-10	0.00864543	
4.2	-9	0.0125278	
4.2	-8	0.0178881	
4.2	-7	0.0251209	
4.2	-6	0.0347313	
4.2	-5	0.0472333	
4.2	-4	0.0632217	
4.2	-3	0.0832404	
4.2	-2	0.107813	
4.2	-1.5	0.121956	
4.2	-1	0.137462	
4.2	-0.5	0.154253	
4.2	0	0.172309	

4.4	-24	2.88011e-05	
4.4	-22	7.03157e-05	
4.4	-20	0.000169985	
4.4	-18	0.000406501	
4.4	-16	0.000950639	
4.4	-14	0.00216965	
4.4	-12	0.00477301	
4.4	-11	0.00696571	
4.4	-10	0.0100395	
4.4	-9	0.0142883	
4.4	-8	0.0200438	
4.4	-7	0.0277115	
4.4	-6	0.0377388	
4.4	-5	0.0506321	
4.4	-4	0.0668863	
4.4	-3	0.0870501	
4.4	-2	0.111537	
4.4	-1.5	0.125454	
4.4	-1	0.140752	
4.4	-0.5	0.157245	
4.4	0	0.174988	

4.6	-24	4.38242e-05	
4.6	-22	0.000102807	
4.6	-20	0.00023841	
4.6	-18	0.000546193	
4.6	-16	0.00122718	
4.6	-14	0.00268815	
4.6	-12	0.00568739	
4.6	-11	0.00814822	
4.6	-10	0.0115355	
4.6	-9	0.0161367	
4.6	-8	0.022282	
4.6	-7	0.0303541	
4.6	-6	0.0407739	
4.6	-5	0.0540186	
4.6	-4	0.0704965	
4.6	-3	0.0907455	
4.6	-2	0.115187	
4.6	-1.5	0.128928	
4.6	-1	0.143959	
4.6	-0.5	0.160111	
4.6	0	0.177486	

4.8	-24	6.46426e-05	
4.8	-22	0.000145781	
4.8	-20	0.000325844	
4.8	-18	0.000718074	
4.8	-16	0.00155291	
4.8	-14	0.00327637	
4.8	-12	0.00668837	
4.8	-11	0.00942114	
4.8	-10	0.0131261	
4.8	-9	0.0180761	
4.8	-8	0.024596	
4.8	-7	0.0330464	
4.8	-6	0.0438139	
4.8	-5	0.0573411	
4.8	-4	0.0740205	
4.8	-3	0.0943096	
4.8	-2	0.118642	
4.8	-1.5	0.132283	
4.8	-1	0.147062	
4.8	-0.5	0.162881	
4.8	0	0.179945	

5	-24	9.26022e-05	
5	-22	0.000201515	
5	-20	0.000434358	
5	-18	0.00092483	
5	-16	0.00193113	
5	-14	0.00393523	
5	-12	0.00777576	
5	-11	0.0107782	
5	-10	0.0147978	
5	-9	0.0200856	
5	-8	0.0269568	
5	-7	0.0357658	
5	-6	0.0468572	
5	-5	0.0606762	
5	-4	0.0775442	
5	-3	0.0978574	
5	-2	0.121904	
5	-1.5	0.135504	
5	-1	0.150083	
5	-0.5	0.165656	
5	0	0.182374	

5.2	-24	0.000128937	
5.2	-22	0.000271608	
5.2	-20	0.00056764	
5.2	-18	0.00116852	
5.2	-16	0.00236277	
5.2	-14	0.00466494	
5.2	-12	0.00894233	
5.2	-11	0.0122164	
5.2	-10	0.0165463	
5.2	-9	0.022164	
5.2	-8	0.0293766	
5.2	-7	0.0385048	
5.2	-6	0.0499103	
5.2	-5	0.0639725	
5.2	-4	0.0809945	
5.2	-3	0.101268	
5.2	-2	0.125181	
5.2	-1.5	0.138545	
5.2	-1	0.152828	
5.2	-0.5	0.16813	
5.2	0	0.18438	

5.4	-24	0.00017544	
5.4	-22	0.00035879	
5.4	-20	0.000727119	
5.4	-18	0.00145253	
5.4	-16	0.00284959	
5.4	-14	0.00546383	
5.4	-12	0.0101841	
5.4	-11	0.0137318	
5.4	-10	0.0183543	
5.4	-9	0.0242978	
5.4	-8	0.0318327	
5.4	-7	0.0412439	
5.4	-6	0.0529313	
5.4	-5	0.0672153	
5.4	-4	0.0843019	
5.4	-3	0.104569	
5.4	-2	0.128226	
5.4	-1.5	0.14137	
5.4	-1	0.15545	
5.4	-0.5	0.170441	
5.4	0	0.18641	

5.6	-24	0.000233613	
5.6	-22	0.000464803	
5.6	-20	0.000915354	
5.6	-18	0.00177757	
5.6	-16	0.00339237	
5.6	-14	0.00633292	
5.6	-12	0.0114983	
5.6	-11	0.0153099	
5.6	-10	0.0202267	
5.6	-9	0.0264696	
5.6	-8	0.0343116	
5.6	-7	0.0440132	
5.6	-6	0.0559481	
5.6	-5	0.0703157	
5.6	-4	0.0875415	
5.6	-3	0.107654	
5.6	-2	0.131208	
5.6	-1.5	0.14415	
5.6	-1	0.158038	
5.6	-0.5	0.172719	
5.6	0	0.188326	

5.8	-24	0.000304998	
5.8	-22	0.000591481	
5.8	-20	0.00113422	
5.8	-18	0.00214638	
5.8	-16	0.00399183	
5.8	-14	0.00726541	
5.8	-12	0.0128817	
5.8	-11	0.0169516	
5.8	-10	0.0221509	
5.8	-9	0.0286824	
5.8	-8	0.0367795	
5.8	-7	0.0467699	
5.8	-6	0.0589284	
5.8	-5	0.073419	
5.8	-4	0.0906778	
5.8	-3	0.110869	
5.8	-2	0.134049	
5.8	-1.5	0.146834	
5.8	-1	0.160464	
5.8	-0.5	0.174805	
5.8	0	0.19008	

6	-24	0.000391594	
6	-22	0.000740643	
6	-20	0.00138615	
6	-18	0.00256001	
6	-16	0.0046475	
6	-14	0.00826311	
6	-12	0.0143242	
6	-11	0.0186519	
6	-10	0.0241312	
6	-9	0.0309224	
6	-8	0.0393097	
6	-7	0.049495	
6	-6	0.0618356	
6	-5	0.0764702	
6	-4	0.0937019	
6	-3	0.113715	
6	-2	0.136709	
6	-1.5	0.149413	
6	-1	0.162773	
6	-0.5	0.176939	
6	0	0.191873	

6.2	-24	0.000494634	
6.2	-22	0.000914421	
6.2	-20	0.00167246	
6.2	-18	0.00301847	
6.2	-16	0.0053581	
6.2	-14	0.00931982	
6.2	-12	0.0158202	
6.2	-11	0.0203957	
6.2	-10	0.0261301	
6.2	-9	0.0331904	
6.2	-8	0.0418112	
6.2	-7	0.0522258	
6.2	-6	0.0646891	
6.2	-5	0.0794606	
6.2	-4	0.0967017	
6.2	-3	0.116616	
6.2	-2	0.139304	
6.2	-1.5	0.15183	
6.2	-1	0.164983	
6.2	-0.5	0.178826	
6.2	0	0.193475	

6.4	-24	0.000615797	
6.4	-22	0.00111416	
6.4	-20	0.00199399	
6.4	-18	0.00352276	
6.4	-16	0.00612227	
6.4	-14	0.0104324	
6.4	-12	0.0173683	
6.4	-11	0.0221892	
6.4	-10	0.0281694	
6.4	-9	0.0354696	
6.4	-8	0.044313	
6.4	-7	0.0549561	
6.4	-6	0.0675198	
6.4	-5	0.0823681	
6.4	-4	0.0995641	
6.4	-3	0.119386	
6.4	-2	0.141867	
6.4	-1.5	0.154144	
6.4	-1	0.167091	
6.4	-0.5	0.180676	
6.4	0	0.195012	

6.6	-24	0.000756704	
6.6	-22	0.00134115	
6.6	-20	0.00235222	
6.6	-18	0.00407193	
6.6	-16	0.00694	
6.6	-14	0.0116019	
6.6	-12	0.0189627	
6.6	-11	0.0240133	
6.6	-10	0.0302255	
6.6	-9	0.0377485	
6.6	-8	0.0468081	
6.6	-7	0.0576145	
6.6	-6	0.0703333	
6.6	-5	0.0851943	
6.6	-4	0.102361	
6.6	-3	0.12206	
6.6	-2	0.144301	
6.6	-1.5	0.156323	
6.6	-1	0.169061	
6.6	-0.5	0.182438	
6.6	0	0.196455	

6.8	-24	0.000918343	
6.8	-22	0.00159672	
6.8	-20	0.00274786	
6.8	-18	0.00466745	
6.8	-16	0.00780858	
6.8	-14	0.0128164	
6.8	-12	0.0205947	
6.8	-11	0.0258628	
6.8	-10	0.0323112	
6.8	-9	0.0400316	
6.8	-8	0.0492976	
6.8	-7	0.0601986	
6.8	-6	0.0730596	
6.8	-5	0.0879905	
6.8	-4	0.105138	
6.8	-3	0.124584	
6.8	-2	0.146525	
6.8	-1.5	0.158424	
6.8	-1	0.170949	
6.8	-0.5	0.184135	
6.8	0	0.197914	

7	-24	0.00110196	
7	-22	0.00188192	
7	-20	0.00318121	
7	-18	0.00530773	
7	-16	0.00872752	
7	-14	0.0140801	
7	-12	0.0222637	
7	-11	0.0277491	
7	-10	0.0343934	
7	-9	0.0423651	
7	-8	0.0517532	
7	-7	0.0628191	
7	-6	0.0757582	
7	-5	0.0906519	
7	-4	0.107743	
7	-3	0.127092	
7	-2	0.148756	
7	-1.5	0.160455	
7	-1	0.172794	
7	-0.5	0.185628	
7	0	0.19915	

7.2	-24	0.00130887	
7.2	-22	0.00219717	
7.2	-20	0.00365202	
7.2	-18	0.00599256	
7.2	-16	0.00968946	
7.2	-14	0.0153879	
7.2	-12	0.0239689	
7.2	-11	0.0296498	
7.2	-10	0.0364996	
7.2	-9	0.0446385	
7.2	-8	0.0542183	
7.2	-7	0.0654087	
7.2	-6	0.0784131	
7.2	-5	0.0933256	
7.2	-4	0.110319	
7.2	-3	0.129458	
7.2	-2	0.150893	
7.2	-1.5	0.162421	
7.2	-1	0.174609	
7.2	-0.5	0.18723	
7.2	0	0.200531	

7.4	-24	0.00153986	
7.4	-22	0.00254381	
7.4	-20	0.00416013	
7.4	-18	0.00671961	
7.4	-16	0.0106984	
7.4	-14	0.0167391	
7.4	-12	0.0256903	
7.4	-11	0.031567	
7.4	-10	0.0386118	
7.4	-9	0.046891	
7.4	-8	0.0566479	
7.4	-7	0.0679621	
7.4	-6	0.0809358	
7.4	-5	0.0959055	
7.4	-4	0.112802	
7.4	-3	0.131833	
7.4	-2	0.15295	
7.4	-1.5	0.164312	
7.4	-1	0.176274	
7.4	-0.5	0.1887	
7.4	0	0.201714	

7.6	-24	0.00179595	
7.6	-22	0.00292131	
7.6	-20	0.00470557	
7.6	-18	0.00748732	
7.6	-16	0.011748	
7.6	-14	0.0181246	
7.6	-12	0.0274464	
7.6	-11	0.0335075	
7.6	-10	0.0407138	
7.6	-9	0.0491628	
7.6	-8	0.0590479	
7.6	-7	0.0704467	
7.6	-6	0.0834947	
7.6	-5	0.0984209	
7.6	-4	0.1152	
7.6	-3	0.134038	
7.6	-2	0.154852	
7.6	-1.5	0.166051	
7.6	-1	0.177741	
7.6	-0.5	0.190032	
7.6	0	0.202821	

7.8	-24	0.0020776	
7.8	-22	0.00333071	
7.8	-20	0.00528788	
7.8	-18	0.00829471	
7.8	-16	0.0128357	
7.8	-14	0.0195372	
7.8	-12	0.0292065	
7.8	-11	0.0354647	
7.8	-10	0.0428057	
7.8	-9	0.051407	
7.8	-8	0.0614156	
7.8	-7	0.0728751	
7.8	-6	0.08603	
7.8	-5	0.100861	
7.8	-4	0.117616	
7.8	-3	0.136262	
7.8	-2	0.156894	
7.8	-1.5	0.167896	
7.8	-1	0.179499	
7.8	-0.5	0.191455	
7.8	0	0.203988	

8	-24	0.00238555	
8	-22	0.00377199	
8	-20	0.00590655	
8	-18	0.00914246	
8	-16	0.0139608	
8	-14	0.020987	
8	-12	0.0309891	
8	-11	0.037402	
8	-10	0.0449001	
8	-9	0.0536343	
8	-8	0.0637769	
8	-7	0.0753128	
8	-6	0.0884516	
8	-5	0.103221	
8	-4	0.119871	
8	-3	0.138327	
8	-2	0.158751	
8	-1.5	0.169598	
8	-1	0.181013	
8	-0.5	0.192781	
8	0	0.205138	

8.2	-24	0.00271968	
8.2	-22	0.0042456	
8.2	-20	0.00655968	
8.2	-18	0.0100256	
8.2	-16	0.015119	
8.2	-14	0.0224581	
8.2	-12	0.0327848	
8.2	-11	0.0393422	
8.2	-10	0.0469894	
8.2	-9	0.0558503	
8.2	-8	0.0660363	
8.2	-7	0.0777128	
8.2	-6	0.0908094	
8.2	-5	0.105583	
8.2	-4	0.122081	
8.2	-3	0.140379	
8.2	-2	0.160401	
8.2	-1.5	0.171123	
8.2	-1	0.182313	
8.2	-0.5	0.193914	
8.2	0	0.206014	

8.4	-24	0.00308095	
8.4	-22	0.00474972	
8.4	-20	0.00724932	
8.4	-18	0.0109466	
8.4	-16	0.0163094	
8.4	-14	0.0239511	
8.4	-12	0.0345903	
8.4	-11	0.0412992	
8.4	-10	0.0490604	
8.4	-9	0.058048	
8.4	-8	0.0683111	
8.4	-7	0.0800126	
8.4	-6	0.0931475	
8.4	-5	0.107896	
8.4	-4	0.124243	
8.4	-3	0.142345	
8.4	-2	0.162173	
8.4	-1.5	0.17275	
8.4	-1	0.183761	
8.4	-0.5	0.195161	
8.4	0	0.20701	

8.6	-24	0.00346886	
8.6	-22	0.00528387	
8.6	-20	0.00797145	
8.6	-18	0.0118984	
8.6	-16	0.0175289	
8.6	-14	0.0254634	
8.6	-12	0.0364037	
8.6	-11	0.0432326	
8.6	-10	0.0511314	
8.6	-9	0.0602194	
8.6	-8	0.0705218	
8.6	-7	0.0822625	
8.6	-6	0.0954057	
8.6	-5	0.110056	
8.6	-4	0.126365	
8.6	-3	0.144227	
8.6	-2	0.163776	
8.6	-1.5	0.174185	
8.6	-1	0.184992	
8.6	-0.5	0.196232	
8.6	0	0.207891	

8.8	-24	0.00388406	
8.8	-22	0.00585055	
8.8	-20	0.00872581	
8.8	-18	0.0128819	
8.8	-16	0.0187777	
8.8	-14	0.0269931	
8.8	-12	0.0382065	
8.8	-11	0.0451653	
8.8	-10	0.0531966	
8.8	-9	0.0623423	
8.8	-8	0.0727329	
8.8	-7	0.0844581	
8.8	-6	0.0976356	
8.8	-5	0.112222	
8.8	-4	0.128377	
8.8	-3	0.14612	
8.8	-2	0.165436	
8.8	-1.5	0.17571	
8.8	-1	0.186357	
8.8	-0.5	0.197348	
8.8	0	0.208822	

9	-24	0.00432547	
9	-22	0.00644524	
9	-20	0.00951212	
9	-18	0.0138943	
9	-16	0.0200475	
9	-14	0.0285391	
9	-12	0.0400175	
9	-11	0.0470873	
9	-10	0.0552162	
9	-9	0.0644335	
9	-8	0.0749017	
9	-7	0.0866459	
9	-6	0.0998159	
9	-5	0.114378	
9	-4	0.130357	
9	-3	0.147862	
9	-2	0.167034	
9	-1.5	0.177189	
9	-1	0.18766	
9	-0.5	0.198548	
9	0	0.209793	

9.2	-24	0.00479343	
9.2	-22	0.00706719	
9.2	-20	0.0103257	
9.2	-18	0.014936	
9.2	-16	0.0213414	
9.2	-14	0.0301005	
9.2	-12	0.0418204	
9.2	-11	0.0490185	
9.2	-10	0.0572275	
9.2	-9	0.0665352	
9.2	-8	0.0770572	
9.2	-7	0.0888032	
9.2	-6	0.101873	
9.2	-5	0.116388	
9.2	-4	0.132277	
9.2	-3	0.149656	
9.2	-2	0.16847	
9.2	-1.5	0.178412	
9.2	-1	0.188822	
9.2	-0.5	0.199504	
9.2	0	0.210624	

9.4	-24	0.00528733	
9.4	-22	0.00771975	
9.4	-20	0.0111709	
9.4	-18	0.0160007	
9.4	-16	0.0226495	
9.4	-14	0.0316584	
9.4	-12	0.0436185	
9.4	-11	0.0509347	
9.4	-10	0.0592327	
9.4	-9	0.0685859	
9.4	-8	0.0791407	
9.4	-7	0.0908822	
9.4	-6	0.103928	
9.4	-5	0.11836	
9.4	-4	0.134124	
9.4	-3	0.1513	
9.4	-2	0.169927	
9.4	-1.5	0.179791	
9.4	-1	0.189981	
9.4	-0.5	0.200501	
9.4	0	0.21137	

9.6	-24	0.0058077	
9.6	-22	0.00839997	
9.6	-20	0.0120417	
9.6	-18	0.0170971	
9.6	-16	0.0239858	
9.6	-14	0.0332493	
9.6	-12	0.045437	
9.6	-11	0.0528439	
9.6	-10	0.0612	
9.6	-9	0.0706371	
9.6	-8	0.081196	
9.6	-7	0.0929388	
9.6	-6	0.105914	
9.6	-5	0.120234	
9.6	-4	0.135955	
9.6	-3	0.153044	
9.6	-2	0.171399	
9.6	-1.5	0.181088	
9.6	-1	0.191098	
9.6	-0.5	0.201457	
9.6	0	0.212138	

9.8	-24	0.0063538	
9.8	-22	0.00910523	
9.8	-20	0.0129377	
9.8	-18	0.0182037	
9.8	-16	0.0253245	
9.8	-14	0.0348197	
9.8	-12	0.0472337	
9.8	-11	0.0547219	
9.8	-10	0.0631476	
9.8	-9	0.0726471	
9.8	-8	0.083204	
9.8	-7	0.0949732	
9.8	-6	0.107892	
9.8	-5	0.122121	
9.8	-4	0.137642	
9.8	-3	0.154482	
9.8	-2	0.172695	
9.8	-1.5	0.182359	
9.8	-1	0.19218	
9.8	-0.5	0.202502	
9.8	0	0.212982	

10	-24	0.0069252	
10	-22	0.00983618	
10	-20	0.0138554	
10	-18	0.0193391	
10	-16	0.0266779	
10	-14	0.0364033	
10	-12	0.0490264	
10	-11	0.0565785	
10	-10	0.0650947	
10	-9	0.0746152	
10	-8	0.085204	
10	-7	0.0969317	
10	-6	0.109868	
10	-5	0.123939	
10	-4	0.13926	
10	-3	0.155997	
10	-2	0.173936	
10	-1.5	0.183368	
10	-1	0.193146	
10	-0.5	0.203296	
10	0	0.213585	

10.2	-24	0.00752042	
10.2	-22	0.0105923	
10.2	-20	0.0147988	
10.2	-18	0.0204894	
10.2	-16	0.028048	
10.2	-14	0.037986	
10.2	-12	0.0507937	
10.2	-11	0.0584153	
10.2	-10	0.0669977	
10.2	-9	0.0765683	
10.2	-8	0.0871426	
10.2	-7	0.0988818	
10.2	-6	0.111716	
10.2	-5	0.125755	
10.2	-4	0.140995	
10.2	-3	0.157438	
10.2	-2	0.175156	
10.2	-1.5	0.184455	
10.2	-1	0.19409	
10.2	-0.5	0.204014	
10.2	0	0.214255	

10.4	-24	0.00813734	
10.4	-22	0.0113717	
10.4	-20	0.0157622	
10.4	-18	0.0216573	
10.4	-16	0.029433	
10.4	-14	0.0395767	
10.4	-12	0.0525402	
10.4	-11	0.060244	
10.4	-10	0.0688874	
10.4	-9	0.0784605	
10.4	-8	0.0890745	
10.4	-7	0.100754	
10.4	-6	0.113537	
10.4	-5	0.127553	
10.4	-4	0.14262	
10.4	-3	0.15892	
10.4	-2	0.1764	
10.4	-1.5	0.185603	
10.4	-1	0.19504	
10.4	-0.5	0.204794	
10.4	0	0.214844	

10.6	-24	0.00877773	
10.6	-22	0.0121729	
10.6	-20	0.0167445	
10.6	-18	0.02284	
10.6	-16	0.0308222	
10.6	-14	0.0411513	
10.6	-12	0.0542963	
10.6	-11	0.0620637	
10.6	-10	0.0707315	
10.6	-9	0.0803345	
10.6	-8	0.0909636	
10.6	-7	0.102577	
10.6	-6	0.115301	
10.6	-5	0.129164	
10.6	-4	0.144193	
10.6	-3	0.1603	
10.6	-2	0.177656	
10.6	-1.5	0.186715	
10.6	-1	0.19607	
10.6	-0.5	0.205679	
10.6	0	0.215615	

10.8	-24	0.00944019	
10.8	-22	0.0129957	
10.8	-20	0.0177468	
10.8	-18	0.0240414	
10.8	-16	0.0322185	
10.8	-14	0.0427369	
10.8	-12	0.056028	
10.8	-11	0.0638786	
10.8	-10	0.0725588	
10.8	-9	0.082187	
10.8	-8	0.0927769	
10.8	-7	0.104405	
10.8	-6	0.11703	
10.8	-5	0.130847	
10.8	-4	0.145727	
10.8	-3	0.161747	
10.8	-2	0.178759	
10.8	-1.5	0.187697	
10.8	-1	0.196913	
10.8	-0.5	0.206349	
10.8	0	0.216091	

11	-24	0.0101228	
11	-22	0.0138394	
11	-20	0.0187669	
11	-18	0.0252493	
11	-16	0.0336201	
11	-14	0.0443062	
11	-12	0.0577494	
11	-11	0.0656483	
11	-10	0.0743909	
11	-9	0.0840122	
11	-8	0.0946199	
11	-7	0.106202	
11	-6	0.118744	
11	-5	0.132361	
11	-4	0.147156	
11	-3	0.162945	
11	-2	0.179886	
11	-1.5	0.188735	
11	-1	0.197825	
11	-0.5	0.207196	
11	0	0.216833	

11.2	-24	0.0108291	
11.2	-22	0.0147008	
11.2	-20	0.0198014	
11.2	-18	0.0264685	
11.2	-16	0.0350227	
11.2	-14	0.0458721	
11.2	-12	0.0594403	
11.2	-11	0.0673957	
11.2	-10	0.0761424	
11.2	-9	0.0858179	
11.2	-8	0.0963807	
11.2	-7	0.107929	
11.2	-6	0.120478	
11.2	-5	0.133922	
11.2	-4	0.148508	
11.2	-3	0.164181	
11.2	-2	0.180867	
11.2	-1.5	0.189623	
11.2	-1	0.198561	
11.2	-0.5	0.207763	
11.2	0	0.217198	

11.4	-24	0.0115518	
11.4	-22	0.0155833	
11.4	-20	0.0208512	
11.4	-18	0.0276975	
11.4	-16	0.0364301	
11.4	-14	0.0474392	
11.4	-12	0.0611197	
11.4	-11	0.0691207	
11.4	-10	0.0779349	
11.4	-9	0.0875873	
11.4	-8	0.0981371	
11.4	-7	0.109657	
11.4	-6	0.122118	
11.4	-5	0.135575	
11.4	-4	0.149906	
11.4	-3	0.165357	
11.4	-2	0.181842	
11.4	-1.5	0.190456	
11.4	-1	0.199335	
11.4	-0.5	0.208413	
11.4	0	0.217725	

11.6	-24	0.012295	
11.6	-22	0.0164796	
11.6	-20	0.0219126	
11.6	-18	0.0289305	
11.6	-16	0.0378434	
11.6	-14	0.049005	
11.6	-12	0.0628131	
11.6	-11	0.0708308	
11.6	-10	0.0796659	
11.6	-9	0.0892906	
11.6	-8	0.0998693	
11.6	-7	0.11133	
11.6	-6	0.123688	
11.6	-5	0.137074	
11.6	-4	0.151414	
11.6	-3	0.166618	
11.6	-2	0.182849	
11.6	-1.5	0.191354	
11.6	-1	0.200086	
11.6	-0.5	0.209041	
11.6	0	0.218207	

11.8	-24	0.0130569	
11.8	-22	0.0173929	
11.8	-20	0.0229945	
11.8	-18	0.0301776	
11.8	-16	0.0392491	
11.8	-14	0.0505531	
11.8	-12	0.064476	
11.8	-11	0.0725113	
11.8	-10	0.0813701	
11.8	-9	0.0910209	
11.8	-8	0.101553	
11.8	-7	0.112956	
11.8	-6	0.125313	
11.8	-5	0.138509	
11.8	-4	0.152779	
11.8	-3	0.167878	
11.8	-2	0.184015	
11.8	-1.5	0.192342	
11.8	-1	0.200898	
11.8	-0.5	0.209721	
11.8	0	0.218793	

12	-24	0.0138331	
12	-22	0.0183214	
12	-20	0.02408	
12	-18	0.0314315	
12	-16	0.04065	
12	-14	0.052091	
12	-12	0.0661049	
12	-11	0.0741786	
12	-10	0.0830354	
12	-9	0.0927219	
12	-8	0.10318	
12	-7	0.114573	
12	-6	0.126787	
12	-5	0.139964	
12	-4	0.153993	
12	-3	0.16904	
12	-2	0.184953	
12	-1.5	0.19317	
12	-1	0.201684	
12	-0.5	0.210408	
12	0	0.219367	

12.4	-24	0.015438	
12.4	-22	0.0202194	
12.4	-20	0.0262862	
12.4	-18	0.0339502	
12.4	-16	0.0434604	
12.4	-14	0.0551584	
12.4	-12	0.0693414	
12.4	-11	0.0774509	
12.4	-10	0.0863351	
12.4	-9	0.0959594	
12.4	-8	0.106409	
12.4	-7	0.117648	
12.4	-6	0.129787	
12.4	-5	0.142718	
12.4	-4	0.156524	
12.4	-3	0.171178	
12.4	-2	0.186714	
12.4	-1.5	0.194837	
12.4	-1	0.203107	
12.4	-0.5	0.21156	
12.4	0	0.220289	

12.8	-24	0.0171012	
12.8	-22	0.0221634	
12.8	-20	0.028523	
12.8	-18	0.0364774	
12.8	-16	0.0462444	
12.8	-14	0.058161	
12.8	-12	0.0724807	
12.8	-11	0.0806526	
12.8	-10	0.0895157	
12.8	-9	0.0990946	
12.8	-8	0.109479	
12.8	-7	0.120648	
12.8	-6	0.132584	
12.8	-5	0.145351	
12.8	-4	0.158946	
12.8	-3	0.173292	
12.8	-2	0.18847	
12.8	-1.5	0.19638	
12.8	-1	0.20445	
12.8	-0.5	0.212763	
12.8	0	0.221236	

13.2	-24	0.0188147	
13.2	-22	0.0241426	
13.2	-20	0.0307865	
13.2	-18	0.0390105	
13.2	-16	0.0490096	
13.2	-14	0.0611199	
13.2	-12	0.0755756	
13.2	-11	0.0837425	
13.2	-10	0.092619	
13.2	-9	0.102141	
13.2	-8	0.112481	
13.2	-7	0.123491	
13.2	-6	0.135277	
13.2	-5	0.14788	
13.2	-4	0.161204	
13.2	-3	0.175286	
13.2	-2	0.190168	
13.2	-1.5	0.197876	
13.2	-1	0.205733	
13.2	-0.5	0.213825	
13.2	0	0.222089	

13.6	-24	0.0205738	
13.6	-22	0.0261619	
13.6	-20	0.0330632	
13.6	-18	0.0415345	
13.6	-16	0.0517563	
13.6	-14	0.064025	
13.6	-12	0.0785891	
13.6	-11	0.0867651	
13.6	-10	0.0956096	
13.6	-9	0.105129	
13.6	-8	0.115347	
13.6	-7	0.12627	
13.6	-6	0.137895	
13.6	-5	0.150239	
13.6	-4	0.163353	
13.6	-3	0.177118	
13.6	-2	0.191745	
13.6	-1.5	0.19924	
13.6	-1	0.206941	
13.6	-0.5	0.21485	
13.6	0	0.222926	

14	-24	0.0223734	
14	-22	0.0282146	
14	-20	0.0353482	
14	-18	0.0440501	
14	-16	0.0544714	
14	-14	0.0668987	
14	-12	0.0815252	
14	-11	0.0897087	
14	-10	0.0985271	
14	-9	0.107971	
14	-8	0.118091	
14	-7	0.128908	
14	-6	0.140342	
14	-5	0.152546	
14	-4	0.165402	
14	-3	0.178921	
14	-2	0.193208	
14	-1.5	0.200536	
14	-1	0.208044	
14	-0.5	0.21574	
14	0	0.223569	

14.4	-24	0.0242041	
14.4	-22	0.0302795	
14.4	-20	0.0376414	
14.4	-18	0.0465484	
14.4	-16	0.0571598	
14.4	-14	0.069696	
14.4	-12	0.084385	
14.4	-11	0.0925865	
14.4	-10	0.101352	
14.4	-9	0.110747	
14.4	-8	0.120754	
14.4	-7	0.13142	
14.4	-6	0.142743	
14.4	-5	0.15476	
14.4	-4	0.167319	
14.4	-3	0.180629	
14.4	-2	0.194585	
14.4	-1.5	0.201767	
14.4	-1	0.209099	
14.4	-0.5	0.216623	
14.4	0	0.224274	

14.8	-24	0.0260676	
14.8	-22	0.0323627	
14.8	-20	0.0399442	
14.8	-18	0.0490342	
14.8	-16	0.0598099	
14.8	-14	0.0724367	
14.8	-12	0.0871313	
14.8	-11	0.0953197	
14.8	-10	0.104097	
14.8	-9	0.113416	
14.8	-8	0.123363	
14.8	-7	0.133901	
14.8	-6	0.145037	
14.8	-5	0.156829	
14.8	-4	0.169249	
14.8	-3	0.182279	
14.8	-2	0.195898	
14.8	-1.5	0.202932	
14.8	-1	0.210172	
14.8	-0.5	0.217479	
14.8	0	0.224987	

15.2	-24	0.0279506	
15.2	-22	0.0344555	
15.2	-20	0.0422428	
15.2	-18	0.0514924	
15.2	-16	0.062405	
15.2	-14	0.0751288	
15.2	-12	0.0898415	
15.2	-11	0.0979822	
15.2	-10	0.106698	
15.2	-9	0.116014	
15.2	-8	0.125837	
15.2	-7	0.136252	
15.2	-6	0.147293	
15.2	-5	0.158875	
15.2	-4	0.171061	
15.2	-3	0.1838	
15.2	-2	0.197188	
15.2	-1.5	0.204064	
15.2	-1	0.211108	
15.2	-0.5	0.218278	
15.2	0	0.225576	

15.6	-24	0.0298548	
15.6	-22	0.0365525	
15.6	-20	0.0445252	
15.6	-18	0.053941	
15.6	-16	0.0649632	
15.6	-14	0.0777581	
15.6	-12	0.0924764	
15.6	-11	0.100612	
15.6	-10	0.109264	
15.6	-9	0.118488	
15.6	-8	0.128244	
15.6	-7	0.13854	
15.6	-6	0.149356	
15.6	-5	0.160831	
15.6	-4	0.172808	
15.6	-3	0.185396	
15.6	-2	0.198486	
15.6	-1.5	0.20523	
15.6	-1	0.212122	
15.6	-0.5	0.219143	
15.6	0	0.226262	

16	-24	0.0317662	
16	-22	0.0386501	
16	-20	0.0467973	
16	-18	0.0563374	
16	-16	0.0674898	
16	-14	0.0803457	
16	-12	0.0950322	
16	-11	0.103146	
16	-10	0.111757	
16	-9	0.120881	
16	-8	0.130562	
16	-7	0.140705	
16	-6	0.151454	
16	-5	0.162724	
16	-4	0.174462	
16	-3	0.186782	
16	-2	0.19964	
16	-1.5	0.206228	
16	-1	0.212995	
16	-0.5	0.219841	
16	0	0.226847	

16.8	-24	0.0356294	
16.8	-22	0.042851	
16.8	-20	0.0512925	
16.8	-18	0.0610921	
16.8	-16	0.0724047	
16.8	-14	0.0853343	
16.8	-12	0.099997	
16.8	-11	0.108001	
16.8	-10	0.11649	
16.8	-9	0.125461	
16.8	-8	0.134888	
16.8	-7	0.144827	
16.8	-6	0.155248	
16.8	-5	0.166191	
16.8	-4	0.177626	
16.8	-3	0.18956	
16.8	-2	0.201837	
16.8	-1.5	0.208215	
16.8	-1	0.214653	
16.8	-0.5	0.221246	
16.8	0	0.227927	

17.6	-24	0.0395078	
17.6	-22	0.0470191	
17.6	-20	0.0557116	
17.6	-18	0.0657306	
17.6	-16	0.0771201	
17.6	-14	0.0900943	
17.6	-12	0.104657	
17.6	-11	0.11258	
17.6	-10	0.120957	
17.6	-9	0.129747	
17.6	-8	0.138968	
17.6	-7	0.148691	
17.6	-6	0.158811	
17.6	-5	0.169413	
17.6	-4	0.180457	
17.6	-3	0.191895	
17.6	-2	0.203802	
17.6	-1.5	0.209921	
17.6	-1	0.216161	
17.6	-0.5	0.222459	
17.6	0	0.228898	

18.4	-24	0.0433662	
18.4	-22	0.0511395	
18.4	-20	0.0600525	
18.4	-18	0.0701942	
18.4	-16	0.0816877	
18.4	-14	0.0946168	
18.4	-12	0.109097	
18.4	-11	0.116894	
18.4	-10	0.125137	
18.4	-9	0.13377	
18.4	-8	0.142818	
18.4	-7	0.152285	
18.4	-6	0.162126	
18.4	-5	0.172403	
18.4	-4	0.183072	
18.4	-3	0.194165	
18.4	-2	0.205635	
18.4	-1.5	0.211547	
18.4	-1	0.217502	
18.4	-0.5	0.223598	
18.4	0	0.229766	

19.2	-24	0.0471999	
19.2	-22	0.0551894	
19.2	-20	0.0642628	
19.2	-18	0.0745175	
19.2	-16	0.0860848	
19.2	-14	0.098989	
19.2	-12	0.113276	
19.2	-11	0.120981	
19.2	-10	0.129075	
19.2	-9	0.137554	
19.2	-8	0.146411	
19.2	-7	0.155597	
19.2	-6	0.165211	
19.2	-5	0.175209	
19.2	-4	0.185534	
19.2	-3	0.196251	
19.2	-2	0.207342	
19.2	-1.5	0.213075	
19.2	-1	0.218847	
19.2	-0.5	0.224715	
19.2	0	0.230655	

20	-24	0.051	
20	-22	0.0591611	
20	-20	0.0683611	
20	-18	0.078728	
20	-16	0.0902442	
20	-14	0.103121	
20	-12	0.117277	
20	-11	0.124848	
20	-10	0.132794	
20	-9	0.141053	
20	-8	0.149701	
20	-7	0.158713	
20	-6	0.168101	
20	-5	0.177806	
20	-4	0.187826	
20	-3	0.198244	
20	-2	0.208955	
20	-1.5	0.214432	
20	-1	0.22001	
20	-0.5	0.225623	
20	0	0.231381	

20.8	-24	0.0547372	
20.8	-22	0.0630458	
20.8	-20	0.0723815	
20.8	-18	0.0827783	
20.8	-16	0.0943313	
20.8	-14	0.107021	
20.8	-12	0.12105	
20.8	-11	0.128561	
20.8	-10	0.136301	
20.8	-9	0.144478	
20.8	-8	0.152906	
20.8	-7	0.161633	
20.8	-6	0.170781	
20.8	-5	0.180197	
20.8	-4	0.189897	
20.8	-3	0.199989	
20.8	-2	0.210324	
20.8	-1.5	0.215652	
20.8	-1	0.221013	
20.8	-0.5	0.226477	
20.8	0	0.231983	

21.6	-24	0.0584121	
21.6	-22	0.0668302	
21.6	-20	0.0762303	
21.6	-18	0.0866756	
21.6	-16	0.0981919	
21.6	-14	0.110848	
21.6	-12	0.124607	
21.6	-11	0.131987	
21.6	-10	0.139657	
21.6	-9	0.147637	
21.6	-8	0.155908	
21.6	-7	0.164492	
21.6	-6	0.173329	
21.6	-5	0.182496	
21.6	-4	0.191973	
21.6	-3	0.201752	
21.6	-2	0.211791	
21.6	-1.5	0.216857	
21.6	-1	0.222119	
21.6	-0.5	0.227375	
21.6	0	0.232711	

22.4	-24	0.0620263	
22.4	-22	0.070538	
22.4	-20	0.0799835	
22.4	-18	0.0904138	
22.4	-16	0.10189	
22.4	-14	0.114431	
22.4	-12	0.128058	
22.4	-11	0.135283	
22.4	-10	0.142765	
22.4	-9	0.150563	
22.4	-8	0.158649	
22.4	-7	0.167045	
22.4	-6	0.175684	
22.4	-5	0.184619	
22.4	-4	0.193842	
22.4	-3	0.203332	
22.4	-2	0.213077	
22.4	-1.5	0.21804	
22.4	-1	0.223086	
22.4	-0.5	0.228176	
22.4	0	0.23336	

23.2	-24	0.0655569	
23.2	-22	0.0741508	
23.2	-20	0.0836267	
23.2	-18	0.0940448	
23.2	-16	0.105457	
23.2	-14	0.117845	
23.2	-12	0.131292	
23.2	-11	0.138418	
23.2	-10	0.145794	
23.2	-9	0.153431	
23.2	-8	0.161335	
23.2	-7	0.169499	
23.2	-6	0.177906	
23.2	-5	0.186598	
23.2	-4	0.195545	
23.2	-3	0.20476	
23.2	-2	0.214212	
23.2	-1.5	0.219018	
23.2	-1	0.223906	
23.2	-0.5	0.228825	
23.2	0	0.233826	

24	-24	0.068991	
24	-22	0.0776635	
24	-20	0.0871447	
24	-18	0.0975385	
24	-16	0.108855	
24	-14	0.121141	
24	-12	0.134378	
24	-11	0.141363	
24	-10	0.148604	
24	-9	0.156112	
24	-8	0.163838	
24	-7	0.171838	
24	-6	0.180071	
24	-5	0.188535	
24	-4	0.197257	
24	-3	0.206213	
24	-2	0.215397	
24	-1.5	0.220035	
24	-1	0.224754	
24	-0.5	0.229573	
24	0	0.23443	

24.8	-24	0.072345	
24.8	-22	0.081071	
24.8	-20	0.0905706	
24.8	-18	0.10091	
24.8	-16	0.112125	
24.8	-14	0.124269	
24.8	-12	0.137312	
24.8	-11	0.144197	
24.8	-10	0.151305	
24.8	-9	0.158653	
24.8	-8	0.166209	
24.8	-7	0.174	
24.8	-6	0.182044	
24.8	-5	0.190317	
24.8	-4	0.19881	
24.8	-3	0.207506	
24.8	-2	0.216455	
24.8	-1.5	0.220977	
24.8	-1	0.225604	
24.8	-0.5	0.23023	
24.8	0	0.23495	

25.6	-24	0.0756272	
25.6	-22	0.0843408	
25.6	-20	0.0938532	
25.6	-18	0.104148	
25.6	-16	0.115284	
25.6	-14	0.127275	
25.6	-12	0.140123	
25.6	-11	0.146873	
25.6	-10	0.153855	
25.6	-9	0.161039	
25.6	-8	0.16845	
25.6	-7	0.176075	
25.6	-6	0.183938	
25.6	-5	0.192017	
25.6	-4	0.20029	
25.6	-3	0.208787	
25.6	-2	0.217468	
25.6	-1.5	0.22188	
25.6	-1	0.226361	
25.6	-0.5	0.230864	
25.6	0	0.235431	

26.4	-24	0.0788145	
26.4	-22	0.0875432	
26.4	-20	0.0970144	
26.4	-18	0.10728	
26.4	-16	0.1183	
26.4	-14	0.130126	
26.4	-12	0.142809	
26.4	-11	0.149447	
26.4	-10	0.156267	
26.4	-9	0.163304	
26.4	-8	0.170597	
26.4	-7	0.178061	
26.4	-6	0.18573	
26.4	-5	0.193595	
26.4	-4	0.201671	
26.4	-3	0.209958	
26.4	-2	0.218382	
26.4	-1.5	0.22268	
26.4	-1	0.22703	
26.4	-0.5	0.231415	
26.4	0	0.235831	

27.2	-24	0.0819277	
27.2	-22	0.0906628	
27.2	-20	0.100086	
27.2	-18	0.110251	
27.2	-16	0.121201	
27.2	-14	0.132894	
27.2	-12	0.145362	
27.2	-11	0.151858	
27.2	-10	0.158591	
27.2	-9	0.165528	
27.2	-8	0.172648	
27.2	-7	0.179934	
27.2	-6	0.187434	
27.2	-5	0.195116	
27.2	-4	0.202949	
27.2	-3	0.210985	
27.2	-2	0.219222	
27.2	-1.5	0.223372	
27.2	-1	0.227623	
27.2	-0.5	0.231872	
27.2	0	0.236198	

28	-24	0.0849453	
28	-22	0.0936764	
28	-20	0.103069	
28	-18	0.113153	
28	-16	0.123937	
28	-14	0.135521	
28	-12	0.147804	
28	-11	0.154211	
28	-10	0.160817	
28	-9	0.167581	
28	-8	0.174541	
28	-7	0.181675	
28	-6	0.189019	
28	-5	0.196516	
28	-4	0.204208	
28	-3	0.212072	
28	-2	0.220075	
28	-1.5	0.224158	
28	-1	0.228278	
28	-0.5	0.232428	
28	0	0.236653	

28.8	-24	0.0878934	
28.8	-22	0.0965912	
28.8	-20	0.105954	
28.8	-18	0.115955	
28.8	-16	0.126633	
28.8	-14	0.138019	
28.8	-12	0.150109	
28.8	-11	0.156413	
28.8	-10	0.162924	
28.8	-9	0.169535	
28.8	-8	0.176402	
28.8	-7	0.183391	
28.8	-6	0.190537	
28.8	-5	0.197897	
28.8	-4	0.205368	
28.8	-3	0.213056	
28.8	-2	0.220894	
28.8	-1.5	0.224842	
28.8	-1	0.228862	
28.8	-0.5	0.232911	
28.8	0	0.237007	

29.6	-24	0.0907515	
29.6	-22	0.0994384	
29.6	-20	0.108725	
29.6	-18	0.118668	
29.6	-16	0.129231	
29.6	-14	0.140458	
29.6	-12	0.152342	
29.6	-11	0.158544	
29.6	-10	0.164898	
29.6	-9	0.171415	
29.6	-8	0.178106	
29.6	-7	0.184942	
29.6	-6	0.192009	
29.6	-5	0.199172	
29.6	-4	0.206536	
29.6	-3	0.213979	
29.6	-2	0.221661	
29.6	-1.5	0.22553	
29.6	-1	0.229426	
29.6	-0.5	0.233381	
29.6	0	0.237386	

30.4	-24	0.0935069	
30.4	-22	0.102165	
30.4	-20	0.111413	
30.4	-18	0.121246	
30.4	-16	0.131709	
30.4	-14	0.142779	
30.4	-12	0.154498	
30.4	-11	0.160584	
30.4	-10	0.166843	
30.4	-9	0.17324	
30.4	-8	0.179804	
30.4	-7	0.186501	
30.4	-6	0.19337	
30.4	-5	0.200401	
30.4	-4	0.207553	
30.4	-3	0.214873	
30.4	-2	0.22232	
30.4	-1.5	0.226086	
30.4	-1	0.229927	
30.4	-0.5	0.23375	
30.4	0	0.237664	

31.2	-24	0.0962175	
31.2	-22	0.104814	
31.2	-20	0.113999	
31.2	-18	0.123745	
31.2	-16	0.134089	
31.2	-14	0.145054	
31.2	-12	0.156581	
31.2	-11	0.162573	
31.2	-10	0.16867	
31.2	-9	0.174961	
31.2	-8	0.181392	
31.2	-7	0.187986	
31.2	-6	0.19471	
31.2	-5	0.201573	
31.2	-4	0.208585	
31.2	-3	0.215735	
31.2	-2	0.223038	
31.2	-1.5	0.226731	
31.2	-1	0.23044	
31.2	-0.5	0.23421	
31.2	0	0.237998	

32	-24	0.0988502	
32	-22	0.107405	
32	-20	0.116501	
32	-18	0.126166	
32	-16	0.136383	
32	-14	0.147166	
32	-12	0.158537	
32	-11	0.164424	
32	-10	0.170478	
32	-9	0.176638	
32	-8	0.182948	
32	-7	0.189397	
32	-6	0.195991	
32	-5	0.202719	
32	-4	0.209586	
32	-3	0.216543	
32	-2	0.223698	
32	-1.5	0.227297	
32	-1	0.230921	
32	-0.5	0.234604	
32	0	0.238311	

32.4	0	0.238475	

32.8	-24	0.101384	
32.8	-22	0.109903	
32.8	-20	0.11893	
32.8	-18	0.128472	
32.8	-16	0.138578	
32.8	-14	0.149221	
32.8	-12	0.16041	
32.8	-11	0.166233	
32.8	-10	0.172155	
32.8	-9	0.17819	
32.8	-8	0.184412	
32.8	-7	0.19075	
32.8	-6	0.19722	
32.8	-5	0.203799	
32.8	-4	0.210491	
32.8	-3	0.217371	
32.8	-2	0.224315	
32.8	-1.5	0.227877	
32.8	-1	0.231431	
32.8	-0.5	0.235022	

33.6	-24	0.103855	
33.6	-22	0.112325	
33.6	-20	0.12129	
33.6	-18	0.130752	
33.6	-16	0.140702	
33.6	-14	0.151216	
33.6	-12	0.162243	
33.6	-11	0.167945	
33.6	-10	0.173761	
33.6	-9	0.179724	
33.6	-8	0.185776	
33.6	-7	0.192019	
33.6	-6	0.198349	
33.6	-5	0.204795	
33.6	-4	0.211405	
33.6	-3	0.218107	
33.6	-2	0.224935	
33.6	-1.5	0.228356	
33.6	-1	0.231847	
33.6	-0.5	0.235338	
33.6	0	0.238891	

34.4	-24	0.106244	
34.4	-22	0.114633	
34.4	-20	0.123533	
34.4	-18	0.132899	
34.4	-16	0.142778	
34.4	-14	0.153114	
34.4	-12	0.163975	
34.4	-11	0.16955	
34.4	-10	0.175314	
34.4	-9	0.181154	
34.4	-8	0.187154	
34.4	-7	0.193233	
34.4	-6	0.199467	
34.4	-5	0.205748	
34.4	-4	0.212237	
34.4	-3	0.218744	
34.4	-2	0.225463	
34.4	-1.5	0.228817	
34.4	-1	0.232195	
34.4	-0.5	0.235654	
34.4	0	0.239126	

35.2	-24	0.108593	
35.2	-22	0.116927	
35.2	-20	0.125721	
35.2	-18	0.13501	
35.2	-16	0.144761	
35.2	-14	0.154979	
35.2	-12	0.165654	
35.2	-11	0.17118	
35.2	-10	0.176828	
35.2	-9	0.182558	
35.2	-8	0.188412	
35.2	-7	0.194404	
35.2	-6	0.200498	
35.2	-5	0.20672	
35.2	-4	0.213014	
35.2	-3	0.219459	
35.2	-2	0.225977	
35.2	-1.5	0.229258	
35.2	-1	0.232612	
35.2	-0.5	0.235944	
35.2	0	0.239322	

36	-24	0.110863	
36	-22	0.119139	
36	-20	0.127856	
36	-18	0.137022	
36	-16	0.14663	
36	-14	0.1567	
36	-12	0.167226	
36	-11	0.172672	
36	-10	0.178218	
36	-9	0.183874	
36	-8	0.189639	
36	-7	0.195547	
36	-6	0.201485	
36	-5	0.207617	
36	-4	0.213766	
36	-3	0.220108	
36	-2	0.226521	
36	-1.5	0.229734	
36	-1	0.233016	
36	-0.5	0.236284	
36	0	0.239613	

36.8	-24	0.113091	
36.8	-22	0.121289	
36.8	-20	0.129921	
36.8	-18	0.138969	
36.8	-16	0.148492	
36.8	-14	0.158418	
36.8	-12	0.168813	
36.8	-11	0.174161	
36.8	-10	0.17962	
36.8	-9	0.185165	
36.8	-8	0.190849	
36.8	-7	0.196609	
36.8	-6	0.202501	
36.8	-5	0.208434	
36.8	-4	0.21454	
36.8	-3	0.220678	
36.8	-2	0.22699	
36.8	-1.5	0.230127	
36.8	-1	0.233325	
36.8	-0.5	0.236529	
36.8	0	0.239803	

37.6	-24	0.115239	
37.6	-22	0.12338	
37.6	-20	0.131923	
37.6	-18	0.140866	
37.6	-16	0.150245	
37.6	-14	0.160069	
37.6	-12	0.170294	
37.6	-11	0.175566	
37.6	-10	0.180922	
37.6	-9	0.186389	
37.6	-8	0.19197	
37.6	-7	0.197637	
37.6	-6	0.203404	
37.6	-5	0.209267	
37.6	-4	0.215253	
37.6	-3	0.221298	
37.6	-2	0.227472	
37.6	-1.5	0.230545	
37.6	-1	0.233724	
37.6	-0.5	0.236832	
37.6	0	0.240033	

38.4	-24	0.117331	
38.4	-22	0.125422	
38.4	-20	0.133884	
38.4	-18	0.142762	
38.4	-16	0.151981	
38.4	-14	0.161649	
38.4	-12	0.171724	
38.4	-11	0.176928	
38.4	-10	0.182173	
38.4	-9	0.187572	
38.4	-8	0.193016	
38.4	-7	0.198621	
38.4	-6	0.204317	
38.4	-5	0.210067	
38.4	-4	0.2159	
38.4	-3	0.221858	
38.4	-2	0.22789	
38.4	-1.5	0.230896	
38.4	-1	0.234012	
38.4	-0.5	0.237061	
38.4	0	0.240206	

39.2	-24	0.119358	
39.2	-22	0.127367	
39.2	-20	0.135765	
39.2	-18	0.144534	
39.2	-16	0.15369	
39.2	-14	0.163242	
39.2	-12	0.173149	
39.2	-11	0.178255	
39.2	-10	0.183406	
39.2	-9	0.188755	
39.2	-8	0.194096	
39.2	-7	0.199611	
39.2	-6	0.205138	
39.2	-5	0.210791	
39.2	-4	0.216558	
39.2	-3	0.22237	
39.2	-2	0.228298	
39.2	-1.5	0.231268	
39.2	-1	0.234316	
39.2	-0.5	0.237308	
39.2	0	0.240414	

40	-24	0.121341	
40	-22	0.129286	
40	-20	0.137603	
40	-18	0.146277	
40	-16	0.15532	
40	-14	0.164732	
40	-12	0.174509	
40	-11	0.179543	
40	-10	0.184681	
40	-9	0.189884	
40	-8	0.195177	
40	-7	0.20055	
40	-6	0.20602	
40	-5	0.211564	
40	-4	0.217218	
40	-3	0.22294	
40	-2	0.22872	
40	-1.5	0.231634	
40	-1	0.234639	
40	-0.5	0.237567	
40	0	0.240614	

40.8	0	0.240798	

41.6	0	0.240996	

42.4	0	0.241149	

43.2	0	0.241314	

44	0	0.241465	

44.8	0	0.241625	

45.6	0	0.241785	

46.4	0	0.241882	

47.2	0	0.242057	

48	0	0.242204	

48.8	0	0.242305	

49.6	0	0.242441	

50.4	0	0.242543	

51.2	0	0.242653	

52	0	0.242771	

52.8	0	0.242869	

53.6	0	0.242968	

54.4	0	0.243098	

55.2	0	0.243202	

56	0	0.2433	

56.8	0	0.243394	

57.6	0	0.243484	

58.4	0	0.243559	

59.2	0	0.243642	

60	0	0.24372	

60.8	0	0.243777	

61.6	0	0.243859	

62.4	0	0.243935	

63.2	0	0.244027	

64	0	0.244119	

64.8	0	0.244156	

65.6	0	0.244232	

66.4	0	0.244305	

67.2	0	0.244379	

68	0	0.244466	

68.8	0	0.244539	

69.6	0	0.244591	

70.4	0	0.244669	

71.2	0	0.244722	

72	0	0.244756	

72.8	0	0.24485	

73.6	0	0.244903	

74.4	0	0.244959	

75.2	0	0.245032	

76	0	0.245072	

76.8	0	0.24513	

77.6	0	0.245169	

78.4	0	0.24521	

79.2	0	0.245243	

80	0	0.24528	

