0.3	-24	2.39868e-12	
0.3	-22	1.9917e-12	
0.3	-20	1.22923e-12	
0.3	-18	6.78145e-13	
0.3	-16	7.65237e-13	
0.3	-14	4.0781e-13	
0.3	-12	1.05448e-12	
0.3	-11	5.05573e-09	
0.3	-10	2.70186e-06	
0.3	-9	0.000102628	
0.3	-8	0.000685543	
0.3	-7	0.00231281	
0.3	-6	0.00578821	
0.3	-5	0.0120515	
0.3	-4	0.0214415	
0.3	-3	0.0335998	
0.3	-2	0.0480398	
0.3	-1.5	0.0563297	
0.3	-1	0.0660723	
0.3	-0.5	0.0784597	
0.3	0	0.090643	

0.35	-24	1.92218e-12	
0.35	-22	8.00353e-13	
0.35	-20	5.70981e-13	
0.35	-18	3.58353e-13	
0.35	-16	1.06837e-13	
0.35	-14	2.29259e-14	
0.35	-12	5.59282e-11	
0.35	-11	2.0273e-08	
0.35	-10	4.03923e-06	
0.35	-9	0.000110066	
0.35	-8	0.000701026	
0.35	-7	0.00234944	
0.35	-6	0.00580544	
0.35	-5	0.0119932	
0.35	-4	0.0211926	
0.35	-3	0.0331191	
0.35	-2	0.0468508	
0.35	-1.5	0.0548186	
0.35	-1	0.0639224	
0.35	-0.5	0.0738243	
0.35	0	0.0873345	

0.4	-24	8.2623e-13	
0.4	-22	4.05893e-13	
0.4	-20	5.81373e-14	
0.4	-18	9.94996e-14	
0.4	-16	4.43672e-15	
0.4	-14	1.98898e-14	
0.4	-12	3.22578e-10	
0.4	-11	6.01824e-08	
0.4	-10	6.24925e-06	
0.4	-9	0.000123706	
0.4	-8	0.000722267	
0.4	-7	0.00238126	
0.4	-6	0.00586501	
0.4	-5	0.0119809	
0.4	-4	0.0209992	
0.4	-3	0.0324181	
0.4	-2	0.0458106	
0.4	-1.5	0.0531012	
0.4	-1	0.0615364	
0.4	-0.5	0.0713737	
0.4	0	0.0847859	

0.5	-24	1.0822e-13	
0.5	-22	3.30771e-14	
0.5	-20	4.21116e-14	
0.5	-18	5.22874e-14	
0.5	-16	-1.69407e-14	
0.5	-14	3.1448e-13	
0.5	-12	5.23893e-09	
0.5	-11	3.82341e-07	
0.5	-10	1.17806e-05	
0.5	-9	0.000148234	
0.5	-8	0.000772076	
0.5	-7	0.00245858	
0.5	-6	0.00592253	
0.5	-5	0.0118549	
0.5	-4	0.0204981	
0.5	-3	0.031456	
0.5	-2	0.0440047	
0.5	-1.5	0.0510252	
0.5	-1	0.0591897	
0.5	-0.5	0.0686467	
0.5	0	0.0809187	

0.6	-24	1.3888e-13	
0.6	-22	-1.71158e-14	
0.6	-20	2.7007e-13	
0.6	-18	1.90145e-14	
0.6	-16	1.60398e-13	
0.6	-14	7.06656e-11	
0.6	-12	4.43879e-08	
0.6	-11	1.09468e-06	
0.6	-10	2.05007e-05	
0.6	-9	0.000183886	
0.6	-8	0.000842457	
0.6	-7	0.00255606	
0.6	-6	0.00600177	
0.6	-5	0.0118022	
0.6	-4	0.0201463	
0.6	-3	0.0305204	
0.6	-2	0.0425984	
0.6	-1.5	0.0495986	
0.6	-1	0.057213	
0.6	-0.5	0.0666652	
0.6	0	0.0787638	

0.7	-24	-3.94834e-15	
0.7	-22	1.65689e-14	
0.7	-20	8.06249e-13	
0.7	-18	2.35262e-14	
0.7	-16	4.47848e-12	
0.7	-14	6.20241e-10	
0.7	-12	1.80952e-07	
0.7	-11	2.95191e-06	
0.7	-10	3.19407e-05	
0.7	-9	0.000223574	
0.7	-8	0.000917653	
0.7	-7	0.00265772	
0.7	-6	0.00610054	
0.7	-5	0.0117472	
0.7	-4	0.0198216	
0.7	-3	0.0298642	
0.7	-2	0.0415042	
0.7	-1.5	0.0481447	
0.7	-1	0.0559309	
0.7	-0.5	0.0651409	
0.7	0	0.0770537	

0.8	-24	1.30986e-14	
0.8	-22	1.56136e-13	
0.8	-20	3.88968e-13	
0.8	-18	3.44739e-13	
0.8	-16	2.86842e-11	
0.8	-14	4.12484e-09	
0.8	-12	5.58926e-07	
0.8	-11	5.83978e-06	
0.8	-10	4.88213e-05	
0.8	-9	0.000271434	
0.8	-8	0.0010072	
0.8	-7	0.00279927	
0.8	-6	0.00620738	
0.8	-5	0.0116993	
0.8	-4	0.0195422	
0.8	-3	0.0292824	
0.8	-2	0.0407875	
0.8	-1.5	0.0474029	
0.8	-1	0.0549167	
0.8	-0.5	0.0641529	
0.8	0	0.0767164	

0.9	-24	3.76915e-14	
0.9	-22	5.01088e-14	
0.9	-20	1.68506e-13	
0.9	-18	2.45709e-12	
0.9	-16	2.41904e-10	
0.9	-14	1.82118e-08	
0.9	-12	1.38266e-06	
0.9	-11	1.12278e-05	
0.9	-10	7.06134e-05	
0.9	-9	0.000326383	
0.9	-8	0.00111871	
0.9	-7	0.00293187	
0.9	-6	0.00632566	
0.9	-5	0.0117274	
0.9	-4	0.019325	
0.9	-3	0.0288543	
0.9	-2	0.0402553	
0.9	-1.5	0.0469345	
0.9	-1	0.0545872	
0.9	-0.5	0.0641571	
0.9	0	0.0765695	

1	-24	1.39828e-13	
1	-22	2.42838e-13	
1	-20	2.18425e-13	
1	-18	1.50783e-11	
1	-16	9.84157e-10	
1	-14	5.59827e-08	
1	-12	3.00769e-06	
1	-11	1.85921e-05	
1	-10	9.79368e-05	
1	-9	0.000391324	
1	-8	0.00123184	
1	-7	0.00308369	
1	-6	0.00649052	
1	-5	0.0118193	
1	-4	0.0192413	
1	-3	0.0285617	
1	-2	0.0399987	
1	-1.5	0.0466885	
1	-1	0.0548935	
1	-0.5	0.0645825	
1	0	0.0772466	

1.2	-24	-9.25078e-15	
1.2	-22	7.39144e-13	
1.2	-20	1.22699e-11	
1.2	-18	4.98271e-10	
1.2	-16	1.40922e-08	
1.2	-14	3.92765e-07	
1.2	-12	9.76907e-06	
1.2	-11	4.2878e-05	
1.2	-10	0.000171107	
1.2	-9	0.000555617	
1.2	-8	0.00150667	
1.2	-7	0.003463	
1.2	-6	0.0068553	
1.2	-5	0.0120446	
1.2	-4	0.0192602	
1.2	-3	0.0284238	
1.2	-2	0.0400563	
1.2	-1.5	0.0474061	
1.2	-1	0.0559209	
1.2	-0.5	0.0667459	
1.2	0	0.0800694	

1.4	-24	1.53476e-12	
1.4	-22	1.61636e-11	
1.4	-20	3.78461e-10	
1.4	-18	1.66957e-08	
1.4	-16	9.45985e-08	
1.4	-14	1.56673e-06	
1.4	-12	2.38664e-05	
1.4	-11	8.49553e-05	
1.4	-10	0.000273882	
1.4	-9	0.000756683	
1.4	-8	0.0018309	
1.4	-7	0.0038921	
1.4	-6	0.00731905	
1.4	-5	0.0124784	
1.4	-4	0.0195435	
1.4	-3	0.0288712	
1.4	-2	0.0411474	
1.4	-1.5	0.0488315	
1.4	-1	0.0581889	
1.4	-0.5	0.0696489	
1.4	0	0.0837486	

1.6	-24	1.87285e-11	
1.6	-22	2.1269e-10	
1.6	-20	2.72729e-09	
1.6	-18	3.33496e-08	
1.6	-16	4.43536e-07	
1.6	-14	4.89536e-06	
1.6	-12	4.97937e-05	
1.6	-11	0.000148904	
1.6	-10	0.00041151	
1.6	-9	0.000996027	
1.6	-8	0.00220826	
1.6	-7	0.00439916	
1.6	-6	0.00789775	
1.6	-5	0.0130933	
1.6	-4	0.0203037	
1.6	-3	0.0299667	
1.6	-2	0.042909	
1.6	-1.5	0.0513043	
1.6	-1	0.061415	
1.6	-0.5	0.0735007	
1.6	0	0.0884089	

1.8	-24	2.00664e-10	
1.8	-22	1.7016e-09	
1.8	-20	1.68666e-08	
1.8	-18	1.50607e-07	
1.8	-16	1.39143e-06	
1.8	-14	1.17041e-05	
1.8	-12	9.14781e-05	
1.8	-11	0.000238346	
1.8	-10	0.00058085	
1.8	-9	0.00128624	
1.8	-8	0.00264261	
1.8	-7	0.0049764	
1.8	-6	0.00861499	
1.8	-5	0.0139737	
1.8	-4	0.0214058	
1.8	-3	0.0315885	
1.8	-2	0.0454993	
1.8	-1.5	0.0544024	
1.8	-1	0.0651467	
1.8	-0.5	0.0779113	
1.8	0	0.0932329	

2	-24	1.1961e-09	
2	-22	9.4123e-09	
2	-20	7.3057e-08	
2	-18	5.50258e-07	
2	-16	3.68073e-06	
2	-14	2.46862e-05	
2	-12	0.000153184	
2	-11	0.000360322	
2	-10	0.000793591	
2	-9	0.00163947	
2	-8	0.00316413	
2	-7	0.00567206	
2	-6	0.00951584	
2	-5	0.0151024	
2	-4	0.0229378	
2	-3	0.0337629	
2	-2	0.0485843	
2	-1.5	0.0580252	
2	-1	0.0692382	
2	-0.5	0.082627	
2	0	0.0982649	

2.2	-24	6.0853e-09	
2.2	-22	3.78993e-08	
2.2	-20	2.34901e-07	
2.2	-18	1.40374e-06	
2.2	-16	8.17193e-06	
2.2	-14	4.67298e-05	
2.2	-12	0.000242133	
2.2	-11	0.000518763	
2.2	-10	0.00105946	
2.2	-9	0.00205885	
2.2	-8	0.00376035	
2.2	-7	0.00648533	
2.2	-6	0.0106135	
2.2	-5	0.0165546	
2.2	-4	0.0249008	
2.2	-3	0.0363953	
2.2	-2	0.0522393	
2.2	-1.5	0.0621866	
2.2	-1	0.073866	
2.2	-0.5	0.0879056	
2.2	0	0.10382	

2.4	-24	2.30649e-08	
2.4	-22	1.20734e-07	
2.4	-20	6.3297e-07	
2.4	-18	3.29058e-06	
2.4	-16	1.67218e-05	
2.4	-14	8.09644e-05	
2.4	-12	0.000361544	
2.4	-11	0.000725321	
2.4	-10	0.00139407	
2.4	-9	0.00255161	
2.4	-8	0.00446336	
2.4	-7	0.00746891	
2.4	-6	0.0119038	
2.4	-5	0.0182772	
2.4	-4	0.0271633	
2.4	-3	0.0394077	
2.4	-2	0.0560384	
2.4	-1.5	0.0664855	
2.4	-1	0.0786528	
2.4	-0.5	0.0928115	
2.4	0	0.10895	

2.6	-24	7.33469e-08	
2.6	-22	3.36309e-07	
2.6	-20	1.54905e-06	
2.6	-18	7.04549e-06	
2.6	-16	3.09537e-05	
2.6	-14	0.000132274	
2.6	-12	0.000516488	
2.6	-11	0.000980577	
2.6	-10	0.00179043	
2.6	-9	0.00313728	
2.6	-8	0.00530023	
2.6	-7	0.00859496	
2.6	-6	0.0134099	
2.6	-5	0.020262	
2.6	-4	0.02973	
2.6	-3	0.0426622	
2.6	-2	0.0601678	
2.6	-1.5	0.0710059	
2.6	-1	0.0836023	
2.6	-0.5	0.0978696	
2.6	0	0.114267	

2.8	-24	2.00485e-07	
2.8	-22	8.15577e-07	
2.8	-20	3.35744e-06	
2.8	-18	1.36395e-05	
2.8	-16	5.41006e-05	
2.8	-14	0.000205421	
2.8	-12	0.000720051	
2.8	-11	0.00129467	
2.8	-10	0.00226675	
2.8	-9	0.00383032	
2.8	-8	0.00626268	
2.8	-7	0.00988783	
2.8	-6	0.0151158	
2.8	-5	0.0224679	
2.8	-4	0.0325518	
2.8	-3	0.0461718	
2.8	-2	0.0643797	
2.8	-1.5	0.0754368	
2.8	-1	0.0882286	
2.8	-0.5	0.102693	
2.8	0	0.11913	

3	-24	4.84863e-07	
3	-22	1.81174e-06	
3	-20	6.66943e-06	
3	-18	2.47431e-05	
3	-16	8.83068e-05	
3	-14	0.000305108	
3	-12	0.000972886	
3	-11	0.00168438	
3	-10	0.00283399	
3	-9	0.00463342	
3	-8	0.00735789	
3	-7	0.0113488	
3	-6	0.0170251	
3	-5	0.0249065	
3	-4	0.035566	
3	-3	0.0499194	
3	-2	0.0686866	
3	-1.5	0.0801303	
3	-1	0.0931558	
3	-0.5	0.107773	
3	0	0.12418	

3.2	-24	1.05488e-06	
3.2	-22	3.65615e-06	
3.2	-20	1.24222e-05	
3.2	-18	4.19344e-05	
3.2	-16	0.000138139	
3.2	-14	0.000436983	
3.2	-12	0.00129029	
3.2	-11	0.00214911	
3.2	-10	0.00349893	
3.2	-9	0.00555617	
3.2	-8	0.00860704	
3.2	-7	0.0129817	
3.2	-6	0.0191144	
3.2	-5	0.0275025	
3.2	-4	0.0387942	
3.2	-3	0.0536911	
3.2	-2	0.0730086	
3.2	-1.5	0.0846265	
3.2	-1	0.0977941	
3.2	-0.5	0.112522	
3.2	0	0.128966	

3.4	-24	2.12965e-06	
3.4	-22	6.85971e-06	
3.4	-20	2.16949e-05	
3.4	-18	6.79961e-05	
3.4	-16	0.000206589	
3.4	-14	0.000605191	
3.4	-12	0.00167168	
3.4	-11	0.00269728	
3.4	-10	0.00426375	
3.4	-9	0.00660086	
3.4	-8	0.00998583	
3.4	-7	0.014764	
3.4	-6	0.0213541	
3.4	-5	0.0302924	
3.4	-4	0.0421126	
3.4	-3	0.0575591	
3.4	-2	0.0773196	
3.4	-1.5	0.0892629	
3.4	-1	0.102386	
3.4	-0.5	0.117063	
3.4	0	0.133363	

3.6	-24	4.045e-06	
3.6	-22	1.21508e-05	
3.6	-20	3.59943e-05	
3.6	-18	0.000104925	
3.6	-16	0.000298874	
3.6	-14	0.000818678	
3.6	-12	0.00212452	
3.6	-11	0.00333197	
3.6	-10	0.00513815	
3.6	-9	0.00776535	
3.6	-8	0.0114989	
3.6	-7	0.0166899	
3.6	-6	0.0237371	
3.6	-5	0.0331848	
3.6	-4	0.0455576	
3.6	-3	0.0613469	
3.6	-2	0.0815281	
3.6	-1.5	0.0935277	
3.6	-1	0.106821	
3.6	-0.5	0.1215	
3.6	0	0.13758	

3.8	-24	7.25251e-06	
3.8	-22	2.04273e-05	
3.8	-20	5.68769e-05	
3.8	-18	0.000156392	
3.8	-16	0.000419515	
3.8	-14	0.00108168	
3.8	-12	0.00265418	
3.8	-11	0.00406284	
3.8	-10	0.00611723	
3.8	-9	0.00904817	
3.8	-8	0.013146	
3.8	-7	0.018747	
3.8	-6	0.0262431	
3.8	-5	0.0361753	
3.8	-4	0.0489396	
3.8	-3	0.0652597	
3.8	-2	0.0857177	
3.8	-1.5	0.0977217	
3.8	-1	0.110876	
3.8	-0.5	0.125489	
3.8	0	0.14154	

4	-24	1.22921e-05	
4	-22	3.27288e-05	
4	-20	8.66409e-05	
4	-18	0.000225198	
4	-16	0.000571073	
4	-14	0.00139648	
4	-12	0.00326486	
4	-11	0.00488653	
4	-10	0.00720109	
4	-9	0.0104462	
4	-8	0.0149063	
4	-7	0.020908	
4	-6	0.0288727	
4	-5	0.0392481	
4	-4	0.0524403	
4	-3	0.0691717	
4	-2	0.089794	
4	-1.5	0.101759	
4	-1	0.115046	
4	-0.5	0.129525	
4	0	0.145201	

4.2	-24	1.98975e-05	
4.2	-22	5.05989e-05	
4.2	-20	0.000127266	
4.2	-18	0.000314731	
4.2	-16	0.000759814	
4.2	-14	0.00177168	
4.2	-12	0.00395754	
4.2	-11	0.00580298	
4.2	-10	0.00839028	
4.2	-9	0.0119504	
4.2	-8	0.0167751	
4.2	-7	0.0231888	
4.2	-6	0.0315462	
4.2	-5	0.0423233	
4.2	-4	0.0559053	
4.2	-3	0.0729525	
4.2	-2	0.0937186	
4.2	-1.5	0.105669	
4.2	-1	0.1189	
4.2	-0.5	0.133341	
4.2	0	0.148917	

4.4	-24	3.10611e-05	
4.4	-22	7.52589e-05	
4.4	-20	0.000181318	
4.4	-18	0.000428293	
4.4	-16	0.000987627	
4.4	-14	0.0022071	
4.4	-12	0.00473504	
4.4	-11	0.00681466	
4.4	-10	0.00967735	
4.4	-9	0.0135585	
4.4	-8	0.0187434	
4.4	-7	0.0255263	
4.4	-6	0.0342974	
4.4	-5	0.0455188	
4.4	-4	0.0594364	
4.4	-3	0.0766563	
4.4	-2	0.0976206	
4.4	-1.5	0.109618	
4.4	-1	0.122619	
4.4	-0.5	0.13672	
4.4	0	0.152131	

4.6	-24	4.67625e-05	
4.6	-22	0.000109001	
4.6	-20	0.000250895	
4.6	-18	0.000568902	
4.6	-16	0.00126028	
4.6	-14	0.00270667	
4.6	-12	0.0055956	
4.6	-11	0.00791495	
4.6	-10	0.0110596	
4.6	-9	0.0152579	
4.6	-8	0.0207819	
4.6	-7	0.0279511	
4.6	-6	0.0371	
4.6	-5	0.0486247	
4.6	-4	0.0629896	
4.6	-3	0.0803944	
4.6	-2	0.101337	
4.6	-1.5	0.11341	
4.6	-1	0.126296	
4.6	-0.5	0.140396	
4.6	0	0.155464	

4.8	-24	6.81497e-05	
4.8	-22	0.000153058	
4.8	-20	0.000339514	
4.8	-18	0.000740744	
4.8	-16	0.00157872	
4.8	-14	0.00327171	
4.8	-12	0.00653925	
4.8	-11	0.00909955	
4.8	-10	0.0125315	
4.8	-9	0.0170443	
4.8	-8	0.0229156	
4.8	-7	0.0304092	
4.8	-6	0.0399414	
4.8	-5	0.0517582	
4.8	-4	0.0663472	
4.8	-3	0.083937	
4.8	-2	0.104987	
4.8	-1.5	0.116898	
4.8	-1	0.129654	
4.8	-0.5	0.143692	
4.8	0	0.15851	

5	-24	9.66341e-05	
5	-22	0.000209594	
5	-20	0.000448631	
5	-18	0.000945316	
5	-16	0.00194762	
5	-14	0.00390323	
5	-12	0.00756175	
5	-11	0.0103716	
5	-10	0.0140767	
5	-9	0.0188988	
5	-8	0.0250979	
5	-7	0.0329631	
5	-6	0.0427879	
5	-5	0.0548827	
5	-4	0.0697228	
5	-3	0.0873508	
5	-2	0.10848	
5	-1.5	0.12025	
5	-1	0.133085	
5	-0.5	0.146769	
5	0	0.161414	

5.2	-24	0.000133641	
5.2	-22	0.000280553	
5.2	-20	0.000581067	
5.2	-18	0.00118571	
5.2	-16	0.00236654	
5.2	-14	0.00460043	
5.2	-12	0.00865958	
5.2	-11	0.0117164	
5.2	-10	0.0157059	
5.2	-9	0.0208172	
5.2	-8	0.0273376	
5.2	-7	0.035505	
5.2	-6	0.0456343	
5.2	-5	0.0580103	
5.2	-4	0.0729581	
5.2	-3	0.0908156	
5.2	-2	0.111674	
5.2	-1.5	0.123462	
5.2	-1	0.136147	
5.2	-0.5	0.149715	
5.2	0	0.164063	

5.4	-24	0.000180831	
5.4	-22	0.000367716	
5.4	-20	0.000739436	
5.4	-18	0.00146436	
5.4	-16	0.00283791	
5.4	-14	0.00536083	
5.4	-12	0.00982808	
5.4	-11	0.0131367	
5.4	-10	0.017397	
5.4	-9	0.0227955	
5.4	-8	0.0296287	
5.4	-7	0.0380771	
5.4	-6	0.0484925	
5.4	-5	0.0611453	
5.4	-4	0.0761886	
5.4	-3	0.0940945	
5.4	-2	0.115048	
5.4	-1.5	0.126639	
5.4	-1	0.139192	
5.4	-0.5	0.152457	
5.4	0	0.16667	

5.6	-24	0.00023945	
5.6	-22	0.000473535	
5.6	-20	0.000925665	
5.6	-18	0.00178224	
5.6	-16	0.00336226	
5.6	-14	0.00618861	
5.6	-12	0.0110624	
5.6	-11	0.0146243	
5.6	-10	0.0191462	
5.6	-9	0.0248345	
5.6	-8	0.0319557	
5.6	-7	0.040685	
5.6	-6	0.051305	
5.6	-5	0.0641807	
5.6	-4	0.0793518	
5.6	-3	0.097242	
5.6	-2	0.118056	
5.6	-1.5	0.129693	
5.6	-1	0.141996	
5.6	-0.5	0.15511	
5.6	0	0.169047	

5.8	-24	0.000311262	
5.8	-22	0.000599693	
5.8	-20	0.00114222	
5.8	-18	0.00214226	
5.8	-16	0.00393956	
5.8	-14	0.00707897	
5.8	-12	0.0123699	
5.8	-11	0.0161686	
5.8	-10	0.0209546	
5.8	-9	0.026912	
5.8	-8	0.0342923	
5.8	-7	0.0432814	
5.8	-6	0.0541343	
5.8	-5	0.0671413	
5.8	-4	0.082468	
5.8	-3	0.100403	
5.8	-2	0.121111	
5.8	-1.5	0.13253	
5.8	-1	0.144731	
5.8	-0.5	0.157643	
5.8	0	0.171393	

6	-24	0.000397677	
6	-22	0.000747902	
6	-20	0.00138998	
6	-18	0.00254508	
6	-16	0.00457062	
6	-14	0.00802691	
6	-12	0.0137268	
6	-11	0.017763	
6	-10	0.0227981	
6	-9	0.0290198	
6	-8	0.0366369	
6	-7	0.0458696	
6	-6	0.0569319	
6	-5	0.0700838	
6	-4	0.0855148	
6	-3	0.103408	
6	-2	0.124028	
6	-1.5	0.135273	
6	-1	0.147293	
6	-0.5	0.160003	
6	0	0.173535	

6.2	-24	0.00050041	
6.2	-22	0.000919902	
6.2	-20	0.001671	
6.2	-18	0.00299103	
6.2	-16	0.00525448	
6.2	-14	0.00903566	
6.2	-12	0.0151519	
6.2	-11	0.0194064	
6.2	-10	0.0246925	
6.2	-9	0.0311619	
6.2	-8	0.0389872	
6.2	-7	0.0484761	
6.2	-6	0.0597351	
6.2	-5	0.0729741	
6.2	-4	0.0884503	
6.2	-3	0.106351	
6.2	-2	0.12675	
6.2	-1.5	0.137842	
6.2	-1	0.149803	
6.2	-0.5	0.162381	
6.2	0	0.175686	

6.4	-24	0.000620851	
6.4	-22	0.00111684	
6.4	-20	0.00198602	
6.4	-18	0.00347983	
6.4	-16	0.00599105	
6.4	-14	0.0100976	
6.4	-12	0.0166157	
6.4	-11	0.0210994	
6.4	-10	0.0265983	
6.4	-9	0.0333196	
6.4	-8	0.0413675	
6.4	-7	0.0510362	
6.4	-6	0.0624718	
6.4	-5	0.0758245	
6.4	-4	0.091324	
6.4	-3	0.109151	
6.4	-2	0.129423	
6.4	-1.5	0.140408	
6.4	-1	0.152172	
6.4	-0.5	0.164599	
6.4	0	0.177697	

6.6	-24	0.000760326	
6.6	-22	0.0013405	
6.6	-20	0.0023361	
6.6	-18	0.0040134	
6.6	-16	0.00677783	
6.6	-14	0.0112092	
6.6	-12	0.0181275	
6.6	-11	0.022825	
6.6	-10	0.0285453	
6.6	-9	0.0354701	
6.6	-8	0.0437646	
6.6	-7	0.0536123	
6.6	-6	0.0651266	
6.6	-5	0.0786501	
6.6	-4	0.0941889	
6.6	-3	0.111826	
6.6	-2	0.13199	
6.6	-1.5	0.143034	
6.6	-1	0.154594	
6.6	-0.5	0.166791	
6.6	0	0.179618	

6.8	-24	0.00092028	
6.8	-22	0.0015919	
6.8	-20	0.002722	
6.8	-18	0.00458978	
6.8	-16	0.00760962	
6.8	-14	0.0123756	
6.8	-12	0.0196771	
6.8	-11	0.024583	
6.8	-10	0.0305201	
6.8	-9	0.0376517	
6.8	-8	0.0461217	
6.8	-7	0.0561376	
6.8	-6	0.0677996	
6.8	-5	0.081421	
6.8	-4	0.096816	
6.8	-3	0.114618	
6.8	-2	0.134518	
6.8	-1.5	0.145247	
6.8	-1	0.156756	
6.8	-0.5	0.168703	
6.8	0	0.181324	

7	-24	0.00110174	
7	-22	0.00187173	
7	-20	0.00314421	
7	-18	0.00521036	
7	-16	0.00848932	
7	-14	0.0135867	
7	-12	0.021275	
7	-11	0.0263715	
7	-10	0.0325067	
7	-9	0.0398373	
7	-8	0.0484741	
7	-7	0.0586296	
7	-6	0.0704841	
7	-5	0.0840674	
7	-4	0.0996363	
7	-3	0.117205	
7	-2	0.136957	
7	-1.5	0.14766	
7	-1	0.158877	
7	-0.5	0.170707	
7	0	0.183073	

7.2	-24	0.00130588	
7.2	-22	0.00218106	
7.2	-20	0.00360325	
7.2	-18	0.00587151	
7.2	-16	0.00941751	
7.2	-14	0.0148352	
7.2	-12	0.0228846	
7.2	-11	0.0281832	
7.2	-10	0.0345057	
7.2	-9	0.0420173	
7.2	-8	0.0508564	
7.2	-7	0.0611073	
7.2	-6	0.0730292	
7.2	-5	0.0866171	
7.2	-4	0.102208	
7.2	-3	0.119679	
7.2	-2	0.139205	
7.2	-1.5	0.149715	
7.2	-1	0.160892	
7.2	-0.5	0.172514	
7.2	0	0.184678	

7.4	-24	0.0015336	
7.4	-22	0.00251989	
7.4	-20	0.00409858	
7.4	-18	0.00657564	
7.4	-16	0.010388	
7.4	-14	0.0161217	
7.4	-12	0.0245389	
7.4	-11	0.030028	
7.4	-10	0.0365289	
7.4	-9	0.0441792	
7.4	-8	0.053168	
7.4	-7	0.0635614	
7.4	-6	0.0755641	
7.4	-5	0.0892631	
7.4	-4	0.104685	
7.4	-3	0.122108	
7.4	-2	0.141423	
7.4	-1.5	0.151886	
7.4	-1	0.162814	
7.4	-0.5	0.174238	
7.4	0	0.186161	

7.6	-24	0.0017856	
7.6	-22	0.0028897	
7.6	-20	0.0046288	
7.6	-18	0.00731936	
7.6	-16	0.0113936	
7.6	-14	0.017449	
7.6	-12	0.0262156	
7.6	-11	0.0318778	
7.6	-10	0.0385685	
7.6	-9	0.0463572	
7.6	-8	0.0554817	
7.6	-7	0.0659837	
7.6	-6	0.0780127	
7.6	-5	0.0916829	
7.6	-4	0.107177	
7.6	-3	0.124441	
7.6	-2	0.143637	
7.6	-1.5	0.153951	
7.6	-1	0.164795	
7.6	-0.5	0.176014	
7.6	0	0.187771	

7.8	-24	0.00206239	
7.8	-22	0.00329023	
7.8	-20	0.00519604	
7.8	-18	0.00809937	
7.8	-16	0.0124395	
7.8	-14	0.0188017	
7.8	-12	0.0278963	
7.8	-11	0.0337249	
7.8	-10	0.0405648	
7.8	-9	0.0485333	
7.8	-8	0.0577719	
7.8	-7	0.0683407	
7.8	-6	0.0804329	
7.8	-5	0.0941669	
7.8	-4	0.109542	
7.8	-3	0.126713	
7.8	-2	0.145638	
7.8	-1.5	0.155945	
7.8	-1	0.166464	
7.8	-0.5	0.177595	
7.8	0	0.189201	

8	-24	0.00236459	
8	-22	0.00372198	
8	-20	0.00579648	
8	-18	0.00891701	
8	-16	0.0135225	
8	-14	0.0201943	
8	-12	0.0296186	
8	-11	0.0355873	
8	-10	0.0425877	
8	-9	0.0506565	
8	-8	0.0600124	
8	-7	0.0706631	
8	-6	0.082828	
8	-5	0.0964803	
8	-4	0.111837	
8	-3	0.128873	
8	-2	0.147782	
8	-1.5	0.157784	
8	-1	0.168351	
8	-0.5	0.179253	
8	0	0.19069	

8.2	-24	0.00269282	
8.2	-22	0.00418252	
8.2	-20	0.00643237	
8.2	-18	0.00977048	
8.2	-16	0.0146396	
8.2	-14	0.0216031	
8.2	-12	0.0313363	
8.2	-11	0.037467	
8.2	-10	0.044584	
8.2	-9	0.0528185	
8.2	-8	0.0622365	
8.2	-7	0.0730252	
8.2	-6	0.0851294	
8.2	-5	0.0988416	
8.2	-4	0.114056	
8.2	-3	0.130986	
8.2	-2	0.149561	
8.2	-1.5	0.159442	
8.2	-1	0.169913	
8.2	-0.5	0.18067	
8.2	0	0.191893	

8.4	-24	0.00304624	
8.4	-22	0.00467417	
8.4	-20	0.00710051	
8.4	-18	0.0106564	
8.4	-16	0.0157872	
8.4	-14	0.023036	
8.4	-12	0.0330595	
8.4	-11	0.0393371	
8.4	-10	0.0465828	
8.4	-9	0.0549362	
8.4	-8	0.0644598	
8.4	-7	0.0752961	
8.4	-6	0.0874643	
8.4	-5	0.101088	
8.4	-4	0.11631	
8.4	-3	0.133049	
8.4	-2	0.151352	
8.4	-1.5	0.161211	
8.4	-1	0.171453	
8.4	-0.5	0.182157	
8.4	0	0.19321	

8.6	-24	0.00342602	
8.6	-22	0.00519635	
8.6	-20	0.00780125	
8.6	-18	0.0115762	
8.6	-16	0.0169655	
8.6	-14	0.0244889	
8.6	-12	0.0347964	
8.6	-11	0.0411863	
8.6	-10	0.048567	
8.6	-9	0.0570399	
8.6	-8	0.0666266	
8.6	-7	0.0774874	
8.6	-6	0.0896835	
8.6	-5	0.10333	
8.6	-4	0.1184	
8.6	-3	0.13507	
8.6	-2	0.153195	
8.6	-1.5	0.162918	
8.6	-1	0.173023	
8.6	-0.5	0.18349	
8.6	0	0.194333	

8.8	-24	0.00383207	
8.8	-22	0.00574597	
8.8	-20	0.00853396	
8.8	-18	0.0125278	
8.8	-16	0.0181632	
8.8	-14	0.0259608	
8.8	-12	0.0365391	
8.8	-11	0.0430615	
8.8	-10	0.0505796	
8.8	-9	0.0591194	
8.8	-8	0.068773	
8.8	-7	0.0796713	
8.8	-6	0.0918968	
8.8	-5	0.105444	
8.8	-4	0.12047	
8.8	-3	0.137026	
8.8	-2	0.154987	
8.8	-1.5	0.164549	
8.8	-1	0.174451	
8.8	-0.5	0.184765	
8.8	0	0.19546	

9	-24	0.00426372	
9	-22	0.00632697	
9	-20	0.00929749	
9	-18	0.0135047	
9	-16	0.0193888	
9	-14	0.0274544	
9	-12	0.0383119	
9	-11	0.0449396	
9	-10	0.0525527	
9	-9	0.0611779	
9	-8	0.0709107	
9	-7	0.0818204	
9	-6	0.094058	
9	-5	0.107577	
9	-4	0.122436	
9	-3	0.138846	
9	-2	0.156733	
9	-1.5	0.166148	
9	-1	0.175988	
9	-0.5	0.186176	
9	0	0.196748	

9.2	-24	0.00472171	
9.2	-22	0.00693459	
9.2	-20	0.0100871	
9.2	-18	0.0145112	
9.2	-16	0.020633	
9.2	-14	0.0289522	
9.2	-12	0.0400547	
9.2	-11	0.0468055	
9.2	-10	0.0544962	
9.2	-9	0.0631721	
9.2	-8	0.0729939	
9.2	-7	0.0839486	
9.2	-6	0.0961893	
9.2	-5	0.109673	
9.2	-4	0.124425	
9.2	-3	0.140614	
9.2	-2	0.158272	
9.2	-1.5	0.167605	
9.2	-1	0.177261	
9.2	-0.5	0.18736	
9.2	0	0.197759	

9.4	-24	0.00520625	
9.4	-22	0.00757097	
9.4	-20	0.0109075	
9.4	-18	0.0155422	
9.4	-16	0.0218999	
9.4	-14	0.0304618	
9.4	-12	0.0417913	
9.4	-11	0.0486596	
9.4	-10	0.0564161	
9.4	-9	0.0651872	
9.4	-8	0.0750492	
9.4	-7	0.0859915	
9.4	-6	0.0981485	
9.4	-5	0.111591	
9.4	-4	0.126356	
9.4	-3	0.142412	
9.4	-2	0.159804	
9.4	-1.5	0.168978	
9.4	-1	0.178554	
9.4	-0.5	0.18844	
9.4	0	0.198731	

9.6	-24	0.00571348	
9.6	-22	0.00823267	
9.6	-20	0.0117523	
9.6	-18	0.0165968	
9.6	-16	0.0231808	
9.6	-14	0.031977	
9.6	-12	0.0435215	
9.6	-11	0.0505175	
9.6	-10	0.0583597	
9.6	-9	0.0671845	
9.6	-8	0.0770883	
9.6	-7	0.088064	
9.6	-6	0.10014	
9.6	-5	0.113597	
9.6	-4	0.128166	
9.6	-3	0.14415	
9.6	-2	0.161327	
9.6	-1.5	0.1705	
9.6	-1	0.179888	
9.6	-0.5	0.189624	
9.6	0	0.199771	

9.8	-24	0.00624884	
9.8	-22	0.00892159	
9.8	-20	0.0126204	
9.8	-18	0.0176755	
9.8	-16	0.0244813	
9.8	-14	0.0335088	
9.8	-12	0.0452497	
9.8	-11	0.0523267	
9.8	-10	0.0602761	
9.8	-9	0.069179	
9.8	-8	0.0790433	
9.8	-7	0.0900504	
9.8	-6	0.102193	
9.8	-5	0.115515	
9.8	-4	0.130008	
9.8	-3	0.145824	
9.8	-2	0.162808	
9.8	-1.5	0.171806	
9.8	-1	0.181141	
9.8	-0.5	0.190756	
9.8	0	0.200683	

10	-24	0.00680501	
10	-22	0.00963334	
10	-20	0.0135164	
10	-18	0.0187719	
10	-16	0.0257936	
10	-14	0.0350269	
10	-12	0.0469737	
10	-11	0.0541572	
10	-10	0.0621609	
10	-9	0.0711153	
10	-8	0.080996	
10	-7	0.0920267	
10	-6	0.10413	
10	-5	0.117393	
10	-4	0.131776	
10	-3	0.147405	
10	-2	0.164262	
10	-1.5	0.173124	
10	-1	0.182293	
10	-0.5	0.191792	
10	0	0.201621	

10.2	-24	0.00738724	
10.2	-22	0.0103713	
10.2	-20	0.0144324	
10.2	-18	0.0198885	
10.2	-16	0.0271289	
10.2	-14	0.0365675	
10.2	-12	0.0486959	
10.2	-11	0.0559386	
10.2	-10	0.0639984	
10.2	-9	0.0730203	
10.2	-8	0.0829588	
10.2	-7	0.0939493	
10.2	-6	0.105984	
10.2	-5	0.119153	
10.2	-4	0.133477	
10.2	-3	0.14902	
10.2	-2	0.165556	
10.2	-1.5	0.174351	
10.2	-1	0.183452	
10.2	-0.5	0.192763	
10.2	0	0.202415	

10.4	-24	0.00798949	
10.4	-22	0.0111308	
10.4	-20	0.0153686	
10.4	-18	0.0210162	
10.4	-16	0.0284596	
10.4	-14	0.0381039	
10.4	-12	0.0504245	
10.4	-11	0.057725	
10.4	-10	0.0658823	
10.4	-9	0.0748935	
10.4	-8	0.0848823	
10.4	-7	0.0958163	
10.4	-6	0.107883	
10.4	-5	0.120946	
10.4	-4	0.135164	
10.4	-3	0.150546	
10.4	-2	0.167067	
10.4	-1.5	0.175713	
10.4	-1	0.184671	
10.4	-0.5	0.193837	
10.4	0	0.203347	

10.6	-24	0.00861444	
10.6	-22	0.0119116	
10.6	-20	0.0163238	
10.6	-18	0.0221618	
10.6	-16	0.0298068	
10.6	-14	0.0396333	
10.6	-12	0.0520975	
10.6	-11	0.0594749	
10.6	-10	0.0677046	
10.6	-9	0.076728	
10.6	-8	0.0867584	
10.6	-7	0.0976754	
10.6	-6	0.109616	
10.6	-5	0.12271	
10.6	-4	0.136765	
10.6	-3	0.152082	
10.6	-2	0.16837	
10.6	-1.5	0.176979	
10.6	-1	0.185792	
10.6	-0.5	0.194894	
10.6	0	0.204266	

10.8	-24	0.00926149	
10.8	-22	0.0127117	
10.8	-20	0.0173001	
10.8	-18	0.0233272	
10.8	-16	0.031158	
10.8	-14	0.0411614	
10.8	-12	0.053805	
10.8	-11	0.0612352	
10.8	-10	0.0694994	
10.8	-9	0.0785819	
10.8	-8	0.0885558	
10.8	-7	0.0995071	
10.8	-6	0.111427	
10.8	-5	0.12441	
10.8	-4	0.138377	
10.8	-3	0.153422	
10.8	-2	0.169574	
10.8	-1.5	0.17806	
10.8	-1	0.186833	
10.8	-0.5	0.195791	
10.8	0	0.205056	

11	-24	0.00992895	
11	-22	0.0135328	
11	-20	0.0182913	
11	-18	0.0245001	
11	-16	0.0325218	
11	-14	0.0427073	
11	-12	0.0554718	
11	-11	0.0629596	
11	-10	0.0712494	
11	-9	0.0804093	
11	-8	0.0903723	
11	-7	0.101313	
11	-6	0.113164	
11	-5	0.126033	
11	-4	0.13995	
11	-3	0.154866	
11	-2	0.170767	
11	-1.5	0.179087	
11	-1	0.18771	
11	-0.5	0.196575	
11	0	0.205707	

11.2	-24	0.0106183	
11.2	-22	0.0143743	
11.2	-20	0.0192987	
11.2	-18	0.0256867	
11.2	-16	0.0338848	
11.2	-14	0.0442341	
11.2	-12	0.0571534	
11.2	-11	0.0646672	
11.2	-10	0.0730128	
11.2	-9	0.0821734	
11.2	-8	0.0922083	
11.2	-7	0.103088	
11.2	-6	0.11489	
11.2	-5	0.127658	
11.2	-4	0.141443	
11.2	-3	0.156224	
11.2	-2	0.172005	
11.2	-1.5	0.180272	
11.2	-1	0.188758	
11.2	-0.5	0.197505	
11.2	0	0.206489	

11.4	-24	0.0113244	
11.4	-22	0.015236	
11.4	-20	0.0203256	
11.4	-18	0.0268832	
11.4	-16	0.0352541	
11.4	-14	0.0457597	
11.4	-12	0.058781	
11.4	-11	0.0663675	
11.4	-10	0.0747215	
11.4	-9	0.0838865	
11.4	-8	0.093925	
11.4	-7	0.104752	
11.4	-6	0.11656	
11.4	-5	0.129269	
11.4	-4	0.142891	
11.4	-3	0.15753	
11.4	-2	0.173109	
11.4	-1.5	0.181331	
11.4	-1	0.189679	
11.4	-0.5	0.19835	
11.4	0	0.20719	

11.6	-24	0.01205	
11.6	-22	0.0161114	
11.6	-20	0.0213618	
11.6	-18	0.0280873	
11.6	-16	0.0366072	
11.6	-14	0.0472794	
11.6	-12	0.0604266	
11.6	-11	0.0680495	
11.6	-10	0.0763984	
11.6	-9	0.0856232	
11.6	-8	0.0955946	
11.6	-7	0.106449	
11.6	-6	0.11815	
11.6	-5	0.130817	
11.6	-4	0.144377	
11.6	-3	0.158873	
11.6	-2	0.174312	
11.6	-1.5	0.182311	
11.6	-1	0.190629	
11.6	-0.5	0.199093	
11.6	0	0.207864	

11.8	-24	0.0127968	
11.8	-22	0.0170041	
11.8	-20	0.0224131	
11.8	-18	0.0293055	
11.8	-16	0.0379734	
11.8	-14	0.0487858	
11.8	-12	0.0620418	
11.8	-11	0.0697014	
11.8	-10	0.078096	
11.8	-9	0.087266	
11.8	-8	0.0972801	
11.8	-7	0.108106	
11.8	-6	0.119756	
11.8	-5	0.132321	
11.8	-4	0.145792	
11.8	-3	0.160137	
11.8	-2	0.175433	
11.8	-1.5	0.183394	
11.8	-1	0.191611	
11.8	-0.5	0.200047	
11.8	0	0.208691	

12	-24	0.0135562	
12	-22	0.0179055	
12	-20	0.023474	
12	-18	0.0305199	
12	-16	0.0393534	
12	-14	0.0502888	
12	-12	0.0636309	
12	-11	0.0713432	
12	-10	0.0797673	
12	-9	0.0889167	
12	-8	0.0989612	
12	-7	0.109737	
12	-6	0.121306	
12	-5	0.133774	
12	-4	0.147158	
12	-3	0.161402	
12	-2	0.176573	
12	-1.5	0.184408	
12	-1	0.192519	
12	-0.5	0.200841	
12	0	0.209376	

12.4	-24	0.0151207	
12.4	-22	0.0197503	
12.4	-20	0.0256212	
12.4	-18	0.0329673	
12.4	-16	0.0420739	
12.4	-14	0.0532445	
12.4	-12	0.0667855	
12.4	-11	0.0745508	
12.4	-10	0.0829997	
12.4	-9	0.0921895	
12.4	-8	0.102073	
12.4	-7	0.112842	
12.4	-6	0.124438	
12.4	-5	0.136711	
12.4	-4	0.149811	
12.4	-3	0.163827	
12.4	-2	0.178564	
12.4	-1.5	0.186253	
12.4	-1	0.194132	
12.4	-0.5	0.202301	
12.4	0	0.21061	

12.8	-24	0.0167477	
12.8	-22	0.0216508	
12.8	-20	0.0278017	
12.8	-18	0.0354272	
12.8	-16	0.044819	
12.8	-14	0.0561937	
12.8	-12	0.0699038	
12.8	-11	0.0777062	
12.8	-10	0.0861737	
12.8	-9	0.0953122	
12.8	-8	0.105186	
12.8	-7	0.11583	
12.8	-6	0.127198	
12.8	-5	0.139369	
12.8	-4	0.152347	
12.8	-3	0.16604	
12.8	-2	0.180584	
12.8	-1.5	0.188092	
12.8	-1	0.195781	
12.8	-0.5	0.203715	
12.8	0	0.211821	

13.2	-24	0.0184223	
13.2	-22	0.0235839	
13.2	-20	0.0300024	
13.2	-18	0.037901	
13.2	-16	0.0475335	
13.2	-14	0.0591211	
13.2	-12	0.0729529	
13.2	-11	0.0807872	
13.2	-10	0.0892029	
13.2	-9	0.0983816	
13.2	-8	0.108169	
13.2	-7	0.118697	
13.2	-6	0.129929	
13.2	-5	0.141927	
13.2	-4	0.154676	
13.2	-3	0.168143	
13.2	-2	0.182394	
13.2	-1.5	0.189815	
13.2	-1	0.197322	
13.2	-0.5	0.205096	
13.2	0	0.212965	

13.6	-24	0.0201421	
13.6	-22	0.025557	
13.6	-20	0.0322262	
13.6	-18	0.0403749	
13.6	-16	0.0502199	
13.6	-14	0.0619782	
13.6	-12	0.0759087	
13.6	-11	0.0837382	
13.6	-10	0.0921957	
13.6	-9	0.101318	
13.6	-8	0.111048	
13.6	-7	0.121503	
13.6	-6	0.132639	
13.6	-5	0.144434	
13.6	-4	0.156888	
13.6	-3	0.170095	
13.6	-2	0.184057	
13.6	-1.5	0.191244	
13.6	-1	0.198649	
13.6	-0.5	0.206201	
13.6	0	0.213933	

14	-24	0.0219013	
14	-22	0.0275578	
14	-20	0.034468	
14	-18	0.0428426	
14	-16	0.0528692	
14	-14	0.0647714	
14	-12	0.0787845	
14	-11	0.0866497	
14	-10	0.0950687	
14	-9	0.104127	
14	-8	0.113848	
14	-7	0.124167	
14	-6	0.135171	
14	-5	0.146787	
14	-4	0.15913	
14	-3	0.172142	
14	-2	0.185736	
14	-1.5	0.192781	
14	-1	0.200058	
14	-0.5	0.20738	
14	0	0.214973	

14.4	-24	0.0236981	
14.4	-22	0.0295772	
14.4	-20	0.0367129	
14.4	-18	0.0452783	
14.4	-16	0.0554874	
14.4	-14	0.067508	
14.4	-12	0.0815981	
14.4	-11	0.0894424	
14.4	-10	0.0979018	
14.4	-9	0.106868	
14.4	-8	0.116468	
14.4	-7	0.126701	
14.4	-6	0.137611	
14.4	-5	0.149052	
14.4	-4	0.161272	
14.4	-3	0.173948	
14.4	-2	0.187313	
14.4	-1.5	0.194224	
14.4	-1	0.201282	
14.4	-0.5	0.208457	
14.4	0	0.215842	

14.8	-24	0.0255191	
14.8	-22	0.0316182	
14.8	-20	0.0389556	
14.8	-18	0.047735	
14.8	-16	0.05808	
14.8	-14	0.0702578	
14.8	-12	0.0843548	
14.8	-11	0.0921847	
14.8	-10	0.100564	
14.8	-9	0.10957	
14.8	-8	0.119117	
14.8	-7	0.129165	
14.8	-6	0.139841	
14.8	-5	0.151181	
14.8	-4	0.163132	
14.8	-3	0.175644	
14.8	-2	0.188803	
14.8	-1.5	0.195575	
14.8	-1	0.202491	
14.8	-0.5	0.209578	
14.8	0	0.216766	

15.2	-24	0.0273632	
15.2	-22	0.0336703	
15.2	-20	0.0412075	
15.2	-18	0.0501435	
15.2	-16	0.0606309	
15.2	-14	0.0729204	
15.2	-12	0.0870627	
15.2	-11	0.0948908	
15.2	-10	0.103244	
15.2	-9	0.112139	
15.2	-8	0.121619	
15.2	-7	0.131623	
15.2	-6	0.14216	
15.2	-5	0.153245	
15.2	-4	0.164954	
15.2	-3	0.177224	
15.2	-2	0.190151	
15.2	-1.5	0.196803	
15.2	-1	0.203579	
15.2	-0.5	0.210492	
15.2	0	0.217503	

15.6	-24	0.0292247	
15.6	-22	0.0357179	
15.6	-20	0.0434474	
15.6	-18	0.0525434	
15.6	-16	0.06318	
15.6	-14	0.0754977	
15.6	-12	0.0896549	
15.6	-11	0.0974918	
15.6	-10	0.105803	
15.6	-9	0.114641	
15.6	-8	0.124028	
15.6	-7	0.133916	
15.6	-6	0.144381	
15.6	-5	0.155399	
15.6	-4	0.166913	
15.6	-3	0.178929	
15.6	-2	0.191475	
15.6	-1.5	0.197969	
15.6	-1	0.204614	
15.6	-0.5	0.211388	
15.6	0	0.21825	

16	-24	0.0311055	
16	-22	0.0377848	
16	-20	0.045677	
16	-18	0.054921	
16	-16	0.0656562	
16	-14	0.0780358	
16	-12	0.0922373	
16	-11	0.099984	
16	-10	0.108291	
16	-9	0.117065	
16	-8	0.126347	
16	-7	0.136104	
16	-6	0.146467	
16	-5	0.157253	
16	-4	0.168688	
16	-3	0.180559	
16	-2	0.192924	
16	-1.5	0.199303	
16	-1	0.205816	
16	-0.5	0.212436	
16	0	0.21921	

16.8	-24	0.0348984	
16.8	-22	0.041907	
16.8	-20	0.0500916	
16.8	-18	0.0595951	
16.8	-16	0.0705154	
16.8	-14	0.0829831	
16.8	-12	0.0971201	
16.8	-11	0.104846	
16.8	-10	0.113069	
16.8	-9	0.12165	
16.8	-8	0.130802	
16.8	-7	0.140375	
16.8	-6	0.150423	
16.8	-5	0.160964	
16.8	-4	0.171963	
16.8	-3	0.183475	
16.8	-2	0.195343	
16.8	-1.5	0.201534	
16.8	-1	0.207733	
16.8	-0.5	0.214139	
16.8	0	0.220579	

17.6	-24	0.0387056	
17.6	-22	0.0460007	
17.6	-20	0.0544507	
17.6	-18	0.0641469	
17.6	-16	0.0751848	
17.6	-14	0.0876987	
17.6	-12	0.101763	
17.6	-11	0.109435	
17.6	-10	0.1175	
17.6	-9	0.125985	
17.6	-8	0.134928	
17.6	-7	0.144281	
17.6	-6	0.154111	
17.6	-5	0.164337	
17.6	-4	0.175028	
17.6	-3	0.186113	
17.6	-2	0.197653	
17.6	-1.5	0.203524	
17.6	-1	0.209557	
17.6	-0.5	0.215689	
17.6	0	0.221947	

18.4	-24	0.0425067	
18.4	-22	0.0500562	
18.4	-20	0.0587029	
18.4	-18	0.0685377	
18.4	-16	0.0797183	
18.4	-14	0.0922177	
18.4	-12	0.106205	
18.4	-11	0.113757	
18.4	-10	0.121738	
18.4	-9	0.130051	
18.4	-8	0.138821	
18.4	-7	0.147993	
18.4	-6	0.157513	
18.4	-5	0.167477	
18.4	-4	0.177848	
18.4	-3	0.188604	
18.4	-2	0.199707	
18.4	-1.5	0.20535	
18.4	-1	0.21121	
18.4	-0.5	0.217043	
18.4	0	0.223028	

19.2	-24	0.0462727	
19.2	-22	0.0540431	
19.2	-20	0.0628519	
19.2	-18	0.0728383	
19.2	-16	0.0840379	
19.2	-14	0.0965736	
19.2	-12	0.110429	
19.2	-11	0.117891	
19.2	-10	0.125683	
19.2	-9	0.133909	
19.2	-8	0.142458	
19.2	-7	0.151418	
19.2	-6	0.160713	
19.2	-5	0.170337	
19.2	-4	0.180426	
19.2	-3	0.19083	
19.2	-2	0.201582	
19.2	-1.5	0.207109	
19.2	-1	0.212704	
19.2	-0.5	0.218402	
19.2	0	0.22417	

20	-24	0.0499986	
20	-22	0.057962	
20	-20	0.066912	
20	-18	0.0769828	
20	-16	0.0881937	
20	-14	0.10066	
20	-12	0.114453	
20	-11	0.121778	
20	-10	0.129494	
20	-9	0.13754	
20	-8	0.145925	
20	-7	0.154639	
20	-6	0.163687	
20	-5	0.17309	
20	-4	0.182836	
20	-3	0.192964	
20	-2	0.203381	
20	-1.5	0.208716	
20	-1	0.214124	
20	-0.5	0.219594	
20	0	0.22516	

20.8	-24	0.0536946	
20.8	-22	0.0617978	
20.8	-20	0.0708599	
20.8	-18	0.0809626	
20.8	-16	0.0921962	
20.8	-14	0.104597	
20.8	-12	0.118198	
20.8	-11	0.125456	
20.8	-10	0.133062	
20.8	-9	0.140979	
20.8	-8	0.149158	
20.8	-7	0.157683	
20.8	-6	0.166538	
20.8	-5	0.175703	
20.8	-4	0.185218	
20.8	-3	0.195	
20.8	-2	0.205083	
20.8	-1.5	0.210248	
20.8	-1	0.215517	
20.8	-0.5	0.220801	
20.8	0	0.226158	

21.6	-24	0.0573015	
21.6	-22	0.0655341	
21.6	-20	0.0746932	
21.6	-18	0.0848392	
21.6	-16	0.0960475	
21.6	-14	0.108353	
21.6	-12	0.121764	
21.6	-11	0.128954	
21.6	-10	0.136427	
21.6	-9	0.144181	
21.6	-8	0.152181	
21.6	-7	0.160559	
21.6	-6	0.169213	
21.6	-5	0.17812	
21.6	-4	0.187384	
21.6	-3	0.196852	
21.6	-2	0.206646	
21.6	-1.5	0.211611	
21.6	-1	0.216713	
21.6	-0.5	0.22182	
21.6	0	0.22705	

22.4	-24	0.0608617	
22.4	-22	0.069193	
22.4	-20	0.0784223	
22.4	-18	0.0885851	
22.4	-16	0.0997569	
22.4	-14	0.111946	
22.4	-12	0.125246	
22.4	-11	0.132285	
22.4	-10	0.139609	
22.4	-9	0.147171	
22.4	-8	0.155057	
22.4	-7	0.163236	
22.4	-6	0.171711	
22.4	-5	0.180395	
22.4	-4	0.189377	
22.4	-3	0.198573	
22.4	-2	0.208082	
22.4	-1.5	0.212916	
22.4	-1	0.217799	
22.4	-0.5	0.222837	
22.4	0	0.227862	

23.2	-24	0.0643801	
23.2	-22	0.0727582	
23.2	-20	0.0820162	
23.2	-18	0.0922037	
23.2	-16	0.103303	
23.2	-14	0.115389	
23.2	-12	0.128481	
23.2	-11	0.135406	
23.2	-10	0.142616	
23.2	-9	0.150058	
23.2	-8	0.157761	
23.2	-7	0.165738	
23.2	-6	0.173941	
23.2	-5	0.182463	
23.2	-4	0.191177	
23.2	-3	0.200148	
23.2	-2	0.209379	
23.2	-1.5	0.214085	
23.2	-1	0.218829	
23.2	-0.5	0.223683	
23.2	0	0.228561	

24	-24	0.0677884	
24	-22	0.0762354	
24	-20	0.0854932	
24	-18	0.0956485	
24	-16	0.106712	
24	-14	0.118663	
24	-12	0.131607	
24	-11	0.138429	
24	-10	0.14548	
24	-9	0.152777	
24	-8	0.160309	
24	-7	0.168144	
24	-6	0.176188	
24	-5	0.18444	
24	-4	0.192943	
24	-3	0.201683	
24	-2	0.21066	
24	-1.5	0.215255	
24	-1	0.219869	
24	-0.5	0.224566	
24	0	0.229283	

24.8	-24	0.0711015	
24.8	-22	0.0796191	
24.8	-20	0.0888936	
24.8	-18	0.0989967	
24.8	-16	0.109942	
24.8	-14	0.121833	
24.8	-12	0.134551	
24.8	-11	0.141291	
24.8	-10	0.148205	
24.8	-9	0.15539	
24.8	-8	0.162802	
24.8	-7	0.17042	
24.8	-6	0.178258	
24.8	-5	0.186326	
24.8	-4	0.194603	
24.8	-3	0.203137	
24.8	-2	0.211845	
24.8	-1.5	0.216292	
24.8	-1	0.220791	
24.8	-0.5	0.225338	
24.8	0	0.229937	

25.6	-24	0.0743495	
25.6	-22	0.0828836	
25.6	-20	0.0921865	
25.6	-18	0.10222	
25.6	-16	0.113081	
25.6	-14	0.1248	
25.6	-12	0.137379	
25.6	-11	0.143998	
25.6	-10	0.150795	
25.6	-9	0.15785	
25.6	-8	0.165081	
25.6	-7	0.172538	
25.6	-6	0.180211	
25.6	-5	0.188077	
25.6	-4	0.196147	
25.6	-3	0.204441	
25.6	-2	0.212982	
25.6	-1.5	0.217327	
25.6	-1	0.221686	
25.6	-0.5	0.226135	
25.6	0	0.230585	

26.4	-24	0.0775252	
26.4	-22	0.0860347	
26.4	-20	0.0953467	
26.4	-18	0.105351	
26.4	-16	0.116132	
26.4	-14	0.12769	
26.4	-12	0.140026	
26.4	-11	0.146558	
26.4	-10	0.153246	
26.4	-9	0.160174	
26.4	-8	0.167251	
26.4	-7	0.174563	
26.4	-6	0.182073	
26.4	-5	0.189757	
26.4	-4	0.19764	
26.4	-3	0.20573	
26.4	-2	0.214038	
26.4	-1.5	0.218217	
26.4	-1	0.222493	
26.4	-0.5	0.226818	
26.4	0	0.231135	

27.2	-24	0.0806082	
27.2	-22	0.0891639	
27.2	-20	0.0983603	
27.2	-18	0.108358	
27.2	-16	0.119056	
27.2	-14	0.130493	
27.2	-12	0.142651	
27.2	-11	0.149044	
27.2	-10	0.155619	
27.2	-9	0.162355	
27.2	-8	0.169285	
27.2	-7	0.176469	
27.2	-6	0.183818	
27.2	-5	0.191337	
27.2	-4	0.19906	
27.2	-3	0.206974	
27.2	-2	0.215071	
27.2	-1.5	0.219175	
27.2	-1	0.223302	
27.2	-0.5	0.227517	
27.2	0	0.231695	

28	-24	0.0836147	
28	-22	0.0921553	
28	-20	0.101348	
28	-18	0.111208	
28	-16	0.121819	
28	-14	0.133129	
28	-12	0.145132	
28	-11	0.151423	
28	-10	0.157871	
28	-9	0.164492	
28	-8	0.171291	
28	-7	0.178293	
28	-6	0.185506	
28	-5	0.192849	
28	-4	0.200384	
28	-3	0.208056	
28	-2	0.215928	
28	-1.5	0.219943	
28	-1	0.223987	
28	-0.5	0.228051	
28	0	0.23215	

28.8	-24	0.0865315	
28.8	-22	0.0950756	
28.8	-20	0.104215	
28.8	-18	0.114035	
28.8	-16	0.124464	
28.8	-14	0.135638	
28.8	-12	0.147514	
28.8	-11	0.153693	
28.8	-10	0.160051	
28.8	-9	0.166579	
28.8	-8	0.173235	
28.8	-7	0.180075	
28.8	-6	0.18712	
28.8	-5	0.194294	
28.8	-4	0.201672	
28.8	-3	0.209172	
28.8	-2	0.216849	
28.8	-1.5	0.220745	
28.8	-1	0.224682	
28.8	-0.5	0.228676	
28.8	0	0.232682	

29.6	-24	0.0893632	
29.6	-22	0.0978654	
29.6	-20	0.106996	
29.6	-18	0.116721	
29.6	-16	0.127095	
29.6	-14	0.138062	
29.6	-12	0.14972	
29.6	-11	0.155821	
29.6	-10	0.162051	
29.6	-9	0.168462	
29.6	-8	0.175036	
29.6	-7	0.181771	
29.6	-6	0.188648	
29.6	-5	0.195667	
29.6	-4	0.2029	
29.6	-3	0.210235	
29.6	-2	0.217752	
29.6	-1.5	0.221563	
29.6	-1	0.225403	
29.6	-0.5	0.229286	
29.6	0	0.233163	

30.4	-24	0.0921182	
30.4	-22	0.100604	
30.4	-20	0.109659	
30.4	-18	0.119323	
30.4	-16	0.129588	
30.4	-14	0.140452	
30.4	-12	0.15192	
30.4	-11	0.157878	
30.4	-10	0.163987	
30.4	-9	0.170274	
30.4	-8	0.176707	
30.4	-7	0.183298	
30.4	-6	0.190069	
30.4	-5	0.196957	
30.4	-4	0.204014	
30.4	-3	0.211173	
30.4	-2	0.218467	
30.4	-1.5	0.222168	
30.4	-1	0.225934	
30.4	-0.5	0.229744	
30.4	0	0.233559	

31.2	-24	0.0948031	
31.2	-22	0.10325	
31.2	-20	0.112265	
31.2	-18	0.121816	
31.2	-16	0.131962	
31.2	-14	0.14269	
31.2	-12	0.154015	
31.2	-11	0.159899	
31.2	-10	0.165924	
31.2	-9	0.172095	
31.2	-8	0.178412	
31.2	-7	0.184839	
31.2	-6	0.191447	
31.2	-5	0.198203	
31.2	-4	0.205067	
31.2	-3	0.212061	
31.2	-2	0.219213	
31.2	-1.5	0.22285	
31.2	-1	0.226514	
31.2	-0.5	0.230205	
31.2	0	0.233929	

32	-24	0.0974194	
32	-22	0.105832	
32	-20	0.114761	
32	-18	0.124259	
32	-16	0.13427	
32	-14	0.144858	
32	-12	0.156017	
32	-11	0.161777	
32	-10	0.167698	
32	-9	0.173795	
32	-8	0.179991	
32	-7	0.186286	
32	-6	0.192801	
32	-5	0.199388	
32	-4	0.206167	
32	-3	0.212988	
32	-2	0.220016	
32	-1.5	0.22357	
32	-1	0.227096	
32	-0.5	0.230768	
32	0	0.234408	

32.8	-24	0.0999756	
32.8	-22	0.108319	
32.8	-20	0.117185	
32.8	-18	0.126575	
32.8	-16	0.136488	
32.8	-14	0.146956	
32.8	-12	0.157919	
32.8	-11	0.163607	
32.8	-10	0.169431	
32.8	-9	0.175391	
32.8	-8	0.181491	
32.8	-7	0.187715	
32.8	-6	0.194075	
32.8	-5	0.200553	
32.8	-4	0.207136	
32.8	-3	0.213868	
32.8	-2	0.220719	
32.8	-1.5	0.224198	
32.8	-1	0.227698	
32.8	-0.5	0.23123	
32.8	0	0.234802	

33.6	-24	0.102422	
33.6	-22	0.110761	
33.6	-20	0.119529	
33.6	-18	0.128832	
33.6	-16	0.138656	
33.6	-14	0.14896	
33.6	-12	0.159776	
33.6	-11	0.165391	
33.6	-10	0.171106	
33.6	-9	0.17697	
33.6	-8	0.18293	
33.6	-7	0.189017	
33.6	-6	0.195259	
33.6	-5	0.201611	
33.6	-4	0.208028	
33.6	-3	0.214667	
33.6	-2	0.221348	
33.6	-1.5	0.224791	
33.6	-1	0.228213	
33.6	-0.5	0.231682	
33.6	0	0.235154	

34.4	-24	0.104847	
34.4	-22	0.113076	
34.4	-20	0.121817	
34.4	-18	0.13103	
34.4	-16	0.140686	
34.4	-14	0.150881	
34.4	-12	0.161561	
34.4	-11	0.167063	
34.4	-10	0.172706	
34.4	-9	0.178447	
34.4	-8	0.184318	
34.4	-7	0.190294	
34.4	-6	0.196424	
34.4	-5	0.202663	
34.4	-4	0.20901	
34.4	-3	0.215467	
34.4	-2	0.222042	
34.4	-1.5	0.225371	
34.4	-1	0.228711	
34.4	-0.5	0.232113	
34.4	0	0.235508	

35.2	-24	0.107185	
35.2	-22	0.11537	
35.2	-20	0.124018	
35.2	-18	0.133117	
35.2	-16	0.142724	
35.2	-14	0.152757	
35.2	-12	0.16322	
35.2	-11	0.16869	
35.2	-10	0.174244	
35.2	-9	0.179904	
35.2	-8	0.185681	
35.2	-7	0.191548	
35.2	-6	0.197547	
35.2	-5	0.203678	
35.2	-4	0.209916	
35.2	-3	0.216232	
35.2	-2	0.222633	
35.2	-1.5	0.225921	
35.2	-1	0.229203	
35.2	-0.5	0.232507	
35.2	0	0.23582	

36	-24	0.109422	
36	-22	0.117577	
36	-20	0.12617	
36	-18	0.135189	
36	-16	0.144629	
36	-14	0.154558	
36	-12	0.164934	
36	-11	0.170253	
36	-10	0.175699	
36	-9	0.181252	
36	-8	0.186905	
36	-7	0.192694	
36	-6	0.198583	
36	-5	0.204551	
36	-4	0.210697	
36	-3	0.216907	
36	-2	0.22322	
36	-1.5	0.226416	
36	-1	0.229597	
36	-0.5	0.232875	
36	0	0.236124	

36.8	-24	0.111618	
36.8	-22	0.119714	
36.8	-20	0.128239	
36.8	-18	0.137159	
36.8	-16	0.146508	
36.8	-14	0.156285	
36.8	-12	0.166488	
36.8	-11	0.17175	
36.8	-10	0.177122	
36.8	-9	0.182596	
36.8	-8	0.188176	
36.8	-7	0.193871	
36.8	-6	0.199654	
36.8	-5	0.205537	
36.8	-4	0.211532	
36.8	-3	0.2176	
36.8	-2	0.223801	
36.8	-1.5	0.226922	
36.8	-1	0.230042	
36.8	-0.5	0.233242	
36.8	0	0.23642	

37.6	-24	0.113785	
37.6	-22	0.121781	
37.6	-20	0.130197	
37.6	-18	0.139062	
37.6	-16	0.148288	
37.6	-14	0.157968	
37.6	-12	0.168036	
37.6	-11	0.17323	
37.6	-10	0.178505	
37.6	-9	0.183882	
37.6	-8	0.189379	
37.6	-7	0.194921	
37.6	-6	0.200587	
37.6	-5	0.206389	
37.6	-4	0.212252	
37.6	-3	0.218239	
37.6	-2	0.224305	
37.6	-1.5	0.227366	
37.6	-1	0.230449	
37.6	-0.5	0.233567	
37.6	0	0.236701	

38.4	-24	0.115874	
38.4	-22	0.123829	
38.4	-20	0.132172	
38.4	-18	0.140892	
38.4	-16	0.150033	
38.4	-14	0.159598	
38.4	-12	0.169512	
38.4	-11	0.174605	
38.4	-10	0.179825	
38.4	-9	0.185112	
38.4	-8	0.190512	
38.4	-7	0.196008	
38.4	-6	0.201589	
38.4	-5	0.207278	
38.4	-4	0.213024	
38.4	-3	0.218881	
38.4	-2	0.224826	
38.4	-1.5	0.227838	
38.4	-1	0.230889	
38.4	-0.5	0.233917	
38.4	0	0.23699	

39.2	-24	0.117921	
39.2	-22	0.125812	
39.2	-20	0.134062	
39.2	-18	0.142703	
39.2	-16	0.151712	
39.2	-14	0.161094	
39.2	-12	0.170895	
39.2	-11	0.175943	
39.2	-10	0.181074	
39.2	-9	0.186319	
39.2	-8	0.191615	
39.2	-7	0.197009	
39.2	-6	0.202518	
39.2	-5	0.208057	
39.2	-4	0.213758	
39.2	-3	0.219487	
39.2	-2	0.225344	
39.2	-1.5	0.228283	
39.2	-1	0.231246	
39.2	-0.5	0.234237	
39.2	0	0.237251	

40	-24	0.119893	
40	-22	0.127731	
40	-20	0.135898	
40	-18	0.144455	
40	-16	0.153382	
40	-14	0.162652	
40	-12	0.172295	
40	-11	0.177248	
40	-10	0.182281	
40	-9	0.187431	
40	-8	0.192646	
40	-7	0.197968	
40	-6	0.203355	
40	-5	0.208829	
40	-4	0.214387	
40	-3	0.220058	
40	-2	0.225769	
40	-1.5	0.228675	
40	-1	0.231599	
40	-0.5	0.234529	
40	0	0.2375	

