0.15	-24	-0.02573416	
0.15	-22	-0.02227804	
0.15	-20	-0.01886772	
0.15	-18	-0.0155598	
0.15	-16	-0.01241484	
0.15	-14	-0.00950064	
0.15	-12	-0.00688124	
0.15	-11	-0.00571056	
0.15	-10	-0.00463084	
0.15	-9	-0.003681556	
0.15	-8	-0.01471544	
0.15	-7	-0.18856	
0.15	-6	-0.483376	
0.15	-5	-0.811436	
0.15	-4	-1.126932	
0.15	-3	-1.371352	
0.15	-2	-1.459436	
0.15	-1.5	-1.437316	
0.15	-1	-1.375232	
0.15	-0.5	-1.274656	
0.15	0	-1.137192	

0.2	-24	-0.0656304	
0.2	-22	-0.05866	
0.2	-20	-0.0513096	
0.2	-18	-0.0437436	
0.2	-16	-0.03599688	
0.2	-14	-0.02837308	
0.2	-12	-0.02111468	
0.2	-11	-0.01772652	
0.2	-10	-0.01453912	
0.2	-9	-0.0117608	
0.2	-8	-0.02721408	
0.2	-7	-0.1985556	
0.2	-6	-0.487892	
0.2	-5	-0.814284	
0.2	-4	-1.1278	
0.2	-3	-1.367572	
0.2	-2	-1.45164	
0.2	-1.5	-1.427972	
0.2	-1	-1.36628	
0.2	-0.5	-1.264288	
0.2	0	-1.128044	

0.25	-24	-0.00667164	
0.25	-22	-0.00563012	
0.25	-20	-0.00465352	
0.25	-18	-0.003751084	
0.25	-16	-0.00292964	
0.25	-14	-0.002197268	
0.25	-12	-0.00156394	
0.25	-11	-0.001284476	
0.25	-10	-0.001045904	
0.25	-9	-0.001357648	
0.25	-8	-0.02548996	
0.25	-7	-0.1962456	
0.25	-6	-0.485236	
0.25	-5	-0.811912	
0.25	-4	-1.12354	
0.25	-3	-1.358472	
0.25	-2	-1.437516	
0.25	-1.5	-1.41538	
0.25	-1	-1.350828	
0.25	-0.5	-1.251728	
0.25	0	-1.114284	

0.3	-24	-0.003998456	
0.3	-22	-0.003356656	
0.3	-20	-0.002760288	
0.3	-18	-0.002214008	
0.3	-16	-0.001721388	
0.3	-14	-0.001286784	
0.3	-12	-0.00091298	
0.3	-11	-0.000752332	
0.3	-10	-0.00064104	
0.3	-9	-0.00189446	
0.3	-8	-0.03208996	
0.3	-7	-0.2024232	
0.3	-6	-0.487888	
0.3	-5	-0.812152	
0.3	-4	-1.121084	
0.3	-3	-1.35	
0.3	-2	-1.426028	
0.3	-1.5	-1.400876	
0.3	-1	-1.337948	
0.3	-0.5	-1.236808	
0.3	0	-1.099384	

0.4	-24	-0.01224496	
0.4	-22	-0.01042932	
0.4	-20	-0.00869588	
0.4	-18	-0.00706504	
0.4	-16	-0.0055658	
0.4	-14	-0.00421756	
0.4	-12	-0.003037908	
0.4	-11	-0.002530276	
0.4	-10	-0.002448596	
0.4	-9	-0.00666936	
0.4	-8	-0.0505132	
0.4	-7	-0.2187464	
0.4	-6	-0.494604	
0.4	-5	-0.814284	
0.4	-4	-1.115428	
0.4	-3	-1.329248	
0.4	-2	-1.395256	
0.4	-1.5	-1.368028	
0.4	-1	-1.302608	
0.4	-0.5	-1.201728	
0.4	0	-1.065824	

0.5	-24	-0.000911856	
0.5	-22	-0.000759396	
0.5	-20	-0.000617308	
0.5	-18	-0.00049398	
0.5	-16	-0.0003819824	
0.5	-14	-0.0002821908	
0.5	-12	-0.0002274204	
0.5	-11	-0.0003669884	
0.5	-10	-0.001736156	
0.5	-9	-0.01192812	
0.5	-8	-0.0681916	
0.5	-7	-0.2354804	
0.5	-6	-0.505456	
0.5	-5	-0.815524	
0.5	-4	-1.104656	
0.5	-3	-1.304488	
0.5	-2	-1.360244	
0.5	-1.5	-1.33042	
0.5	-1	-1.263604	
0.5	-0.5	-1.161608	
0.5	0	-1.028356	

0.6	-24	-0.003993332	
0.6	-22	-0.003351436	
0.6	-20	-0.00275862	
0.6	-18	-0.00221196	
0.6	-16	-0.001721308	
0.6	-14	-0.001290504	
0.6	-12	-0.001052132	
0.6	-11	-0.001508196	
0.6	-10	-0.00479788	
0.6	-9	-0.021822	
0.6	-8	-0.0890824	
0.6	-7	-0.2563928	
0.6	-6	-0.517488	
0.6	-5	-0.817	
0.6	-4	-1.09152	
0.6	-3	-1.276228	
0.6	-2	-1.32206	
0.6	-1.5	-1.28896	
0.6	-1	-1.221892	
0.6	-0.5	-1.121328	
0.6	0	-0.988388	

0.7	-24	-0.000336286	
0.7	-22	-0.0002792044	
0.7	-20	-0.000227402	
0.7	-18	-0.0001809764	
0.7	-16	-0.0001402976	
0.7	-14	-0.000128092	
0.7	-12	-0.000555544	
0.7	-11	-0.002097824	
0.7	-10	-0.00856628	
0.7	-9	-0.03266356	
0.7	-8	-0.1091708	
0.7	-7	-0.2777012	
0.7	-6	-0.529168	
0.7	-5	-0.816316	
0.7	-4	-1.07512	
0.7	-3	-1.245168	
0.7	-2	-1.281036	
0.7	-1.5	-1.246604	
0.7	-1	-1.17882	
0.7	-0.5	-1.078292	
0.7	0	-0.94838	

0.8	-24	-0.001749348	
0.8	-22	-0.001460784	
0.8	-20	-0.001195436	
0.8	-18	-0.000955004	
0.8	-16	-0.000748012	
0.8	-14	-0.000659516	
0.8	-12	-0.001576856	
0.8	-11	-0.00449864	
0.8	-10	-0.01464892	
0.8	-9	-0.0468804	
0.8	-8	-0.1318476	
0.8	-7	-0.298654	
0.8	-6	-0.543588	
0.8	-5	-0.815328	
0.8	-4	-1.057704	
0.8	-3	-1.211836	
0.8	-2	-1.239104	
0.8	-1.5	-1.20238	
0.8	-1	-1.1342	
0.8	-0.5	-1.035132	
0.8	0	-0.907424	

0.9	-24	-0.0001597192	
0.9	-22	-0.0001326436	
0.9	-20	-0.0001082028	
0.9	-18	-8.89156e-05	
0.9	-16	-9.60388e-05	
0.9	-14	-0.0003324432	
0.9	-12	-0.002498648	
0.9	-11	-0.00764348	
0.9	-10	-0.02215108	
0.9	-9	-0.0619156	
0.9	-8	-0.1536884	
0.9	-7	-0.3216844	
0.9	-6	-0.554068	
0.9	-5	-0.81138	
0.9	-4	-1.037712	
0.9	-3	-1.176532	
0.9	-2	-1.196472	
0.9	-1.5	-1.158208	
0.9	-1	-1.090368	
0.9	-0.5	-0.9923	
0.9	0	-0.86428	

1	-24	-0.000913268	
1	-22	-0.000760816	
1	-20	-0.00062298	
1	-18	-0.000507772	
1	-16	-0.000468068	
1	-14	-0.000907848	
1	-12	-0.00482204	
1	-11	-0.01221052	
1	-10	-0.03192784	
1	-9	-0.0786756	
1	-8	-0.1755936	
1	-7	-0.3423088	
1	-6	-0.565284	
1	-5	-0.807992	
1	-4	-1.015172	
1	-3	-1.140516	
1	-2	-1.15272	
1	-1.5	-1.113424	
1	-1	-1.045436	
1	-0.5	-0.94854	
1	0	-0.823316	

1.2	-24	-0.000533244	
1.2	-22	-0.000446396	
1.2	-20	-0.0003766684	
1.2	-18	-0.0003674924	
1.2	-16	-0.000631784	
1.2	-14	-0.002268172	
1.2	-12	-0.01120032	
1.2	-11	-0.02490564	
1.2	-10	-0.0539644	
1.2	-9	-0.1129296	
1.2	-8	-0.2193152	
1.2	-7	-0.3802492	
1.2	-6	-0.58158	
1.2	-5	-0.793632	
1.2	-4	-0.968936	
1.2	-3	-1.068304	
1.2	-2	-1.066484	
1.2	-1.5	-1.025068	
1.2	-1	-0.956876	
1.2	-0.5	-0.861856	
1.2	0	-0.739348	

1.4	-24	-0.000342692	
1.4	-22	-0.0002994228	
1.4	-20	-0.0003066256	
1.4	-18	-0.000493032	
1.4	-16	-0.00139472	
1.4	-14	-0.00532056	
1.4	-12	-0.02110436	
1.4	-11	-0.0418804	
1.4	-10	-0.0810108	
1.4	-9	-0.1489872	
1.4	-8	-0.2590164	
1.4	-7	-0.411584	
1.4	-6	-0.592568	
1.4	-5	-0.774308	
1.4	-4	-0.920028	
1.4	-3	-0.99616	
1.4	-2	-0.981116	
1.4	-1.5	-0.937404	
1.4	-1	-0.869104	
1.4	-0.5	-0.774884	
1.4	0	-0.655072	

1.6	-24	-0.00024501	
1.6	-22	-0.000256674	
1.6	-20	-0.0003928812	
1.6	-18	-0.00096472	
1.6	-16	-0.003037268	
1.6	-14	-0.01030788	
1.6	-12	-0.03441864	
1.6	-11	-0.0616588	
1.6	-10	-0.1086956	
1.6	-9	-0.1838792	
1.6	-8	-0.2938168	
1.6	-7	-0.434388	
1.6	-6	-0.5956	
1.6	-5	-0.750728	
1.6	-4	-0.869156	
1.6	-3	-0.924836	
1.6	-2	-0.899372	
1.6	-1.5	-0.852316	
1.6	-1	-0.78316	
1.6	-0.5	-0.690508	
1.6	0	-0.572856	

1.8	-24	-0.0002254836	
1.8	-22	-0.0003368692	
1.8	-20	-0.000734968	
1.8	-18	-0.002014012	
1.8	-16	-0.00585904	
1.8	-14	-0.01737716	
1.8	-12	-0.0503316	
1.8	-11	-0.0838468	
1.8	-10	-0.1370144	
1.8	-9	-0.2150736	
1.8	-8	-0.320976	
1.8	-7	-0.451588	
1.8	-6	-0.592588	
1.8	-5	-0.724312	
1.8	-4	-0.81894	
1.8	-3	-0.85548	
1.8	-2	-0.81934	
1.8	-1.5	-0.770568	
1.8	-1	-0.700692	
1.8	-0.5	-0.60924	
1.8	0	-0.494604	

2	-24	-0.000301608	
2	-22	-0.000603152	
2	-20	-0.001427432	
2	-18	-0.003742216	
2	-16	-0.00992968	
2	-14	-0.02632	
2	-12	-0.0675156	
2	-11	-0.106992	
2	-10	-0.1635684	
2	-9	-0.2430884	
2	-8	-0.343944	
2	-7	-0.46194	
2	-6	-0.585516	
2	-5	-0.694692	
2	-4	-0.768876	
2	-3	-0.789372	
2	-2	-0.743436	
2	-1.5	-0.69322	
2	-1	-0.622024	
2	-0.5	-0.531988	
2	0	-0.419872	

2.2	-24	-0.001096884	
2.2	-22	-0.001600836	
2.2	-20	-0.00299568	
2.2	-18	-0.00660124	
2.2	-16	-0.01547304	
2.2	-14	-0.037122	
2.2	-12	-0.0860604	
2.2	-11	-0.1285308	
2.2	-10	-0.1877316	
2.2	-9	-0.2658396	
2.2	-8	-0.360802	
2.2	-7	-0.467668	
2.2	-6	-0.57232	
2.2	-5	-0.663028	
2.2	-4	-0.718708	
2.2	-3	-0.725352	
2.2	-2	-0.670952	
2.2	-1.5	-0.618716	
2.2	-1	-0.54792	
2.2	-0.5	-0.457844	
2.2	0	-0.3493856	

2.4	-24	-0.001351812	
2.4	-22	-0.002290476	
2.4	-20	-0.0046392	
2.4	-18	-0.00992408	
2.4	-16	-0.02200656	
2.4	-14	-0.0487952	
2.4	-12	-0.1042168	
2.4	-11	-0.1497524	
2.4	-10	-0.2091884	
2.4	-9	-0.283964	
2.4	-8	-0.3722236	
2.4	-7	-0.467232	
2.4	-6	-0.557356	
2.4	-5	-0.630544	
2.4	-4	-0.670624	
2.4	-3	-0.664632	
2.4	-2	-0.60232	
2.4	-1.5	-0.5482	
2.4	-1	-0.476772	
2.4	-0.5	-0.3885584	
2.4	0	-0.2825764	

2.6	-24	-0.001838012	
2.6	-22	-0.00337936	
2.6	-20	-0.00681168	
2.6	-18	-0.01414812	
2.6	-16	-0.02959816	
2.6	-14	-0.0610656	
2.6	-12	-0.12229	
2.6	-11	-0.1686072	
2.6	-10	-0.2282932	
2.6	-9	-0.2986792	
2.6	-8	-0.379478	
2.6	-7	-0.462708	
2.6	-6	-0.539196	
2.6	-5	-0.597008	
2.6	-4	-0.623232	
2.6	-3	-0.607284	
2.6	-2	-0.53822	
2.6	-1.5	-0.48242	
2.6	-1	-0.410472	
2.6	-0.5	-0.3236948	
2.6	0	-0.2203108	

2.8	-24	-0.002627016	
2.8	-22	-0.00491992	
2.8	-20	-0.00959616	
2.8	-18	-0.01912404	
2.8	-16	-0.03791044	
2.8	-14	-0.0740656	
2.8	-12	-0.1385432	
2.8	-11	-0.1852324	
2.8	-10	-0.2431972	
2.8	-9	-0.3102804	
2.8	-8	-0.3828624	
2.8	-7	-0.45462	
2.8	-6	-0.518876	
2.8	-5	-0.563068	
2.8	-4	-0.57778	
2.8	-3	-0.551504	
2.8	-2	-0.47742	
2.8	-1.5	-0.420104	
2.8	-1	-0.3491696	
2.8	-0.5	-0.2634116	
2.8	0	-0.1633044	

3	-24	-0.003720308	
3	-22	-0.006893	
3	-20	-0.01306588	
3	-18	-0.024862	
3	-16	-0.0467752	
3	-14	-0.0865992	
3	-12	-0.1538284	
3	-11	-0.1997608	
3	-10	-0.2552216	
3	-9	-0.317016	
3	-8	-0.3822788	
3	-7	-0.444132	
3	-6	-0.496732	
3	-5	-0.529128	
3	-4	-0.532952	
3	-3	-0.4991	
3	-2	-0.420048	
3	-1.5	-0.3624988	
3	-1	-0.2914808	
3	-0.5	-0.2073396	
3	0	-0.1099044	

3.2	-24	-0.00515368	
3.2	-22	-0.00934384	
3.2	-20	-0.01703076	
3.2	-18	-0.03114708	
3.2	-16	-0.0561172	
3.2	-14	-0.0990216	
3.2	-12	-0.16714	
3.2	-11	-0.2126952	
3.2	-10	-0.2640536	
3.2	-9	-0.3207472	
3.2	-8	-0.3791568	
3.2	-7	-0.431472	
3.2	-6	-0.473788	
3.2	-5	-0.495464	
3.2	-4	-0.4896	
3.2	-3	-0.448528	
3.2	-2	-0.3662508	
3.2	-1.5	-0.3074432	
3.2	-1	-0.2373764	
3.2	-0.5	-0.1548256	
3.2	0	-0.0600236	

3.4	-24	-0.00689732	
3.4	-22	-0.01222172	
3.4	-20	-0.0215282	
3.4	-18	-0.03789132	
3.4	-16	-0.0655696	
3.4	-14	-0.1104132	
3.4	-12	-0.1787228	
3.4	-11	-0.2227708	
3.4	-10	-0.270492	
3.4	-9	-0.3222152	
3.4	-8	-0.3732524	
3.4	-7	-0.416776	
3.4	-6	-0.449444	
3.4	-5	-0.46218	
3.4	-4	-0.448184	
3.4	-3	-0.401104	
3.4	-2	-0.3156288	
3.4	-1.5	-0.2564908	
3.4	-1	-0.18681	
3.4	-0.5	-0.1060116	
3.4	0	-0.0140008	

3.6	-24	-0.0090104	
3.6	-22	-0.01547552	
3.6	-20	-0.02645296	
3.6	-18	-0.0447684	
3.6	-16	-0.074734	
3.6	-14	-0.121538	
3.6	-12	-0.1885904	
3.6	-11	-0.2301448	
3.6	-10	-0.274858	
3.6	-9	-0.321438	
3.6	-8	-0.36509	
3.6	-7	-0.401048	
3.6	-6	-0.424792	
3.6	-5	-0.429476	
3.6	-4	-0.408276	
3.6	-3	-0.3557232	
3.6	-2	-0.2673792	
3.6	-1.5	-0.2089636	
3.6	-1	-0.1398012	
3.6	-0.5	-0.0606492	
3.6	0	0.02864824	

3.8	-24	-0.01147944	
3.8	-22	-0.01906896	
3.8	-20	-0.03179256	
3.8	-18	-0.0518672	
3.8	-16	-0.0838752	
3.8	-14	-0.1312692	
3.8	-12	-0.1968572	
3.8	-11	-0.2356664	
3.8	-10	-0.2768724	
3.8	-9	-0.3179508	
3.8	-8	-0.3551452	
3.8	-7	-0.3838228	
3.8	-6	-0.3998968	
3.8	-5	-0.3971344	
3.8	-4	-0.3697656	
3.8	-3	-0.31286	
3.8	-2	-0.2226164	
3.8	-1.5	-0.163814	
3.8	-1	-0.0958172	
3.8	-0.5	-0.01803428	
3.8	0	0.0688068	

4	-24	-0.01421236	
4	-22	-0.02296756	
4	-20	-0.03723296	
4	-18	-0.0591956	
4	-16	-0.0922156	
4	-14	-0.1398796	
4	-12	-0.2036168	
4	-11	-0.2395572	
4	-10	-0.2767356	
4	-9	-0.312586	
4	-8	-0.3439904	
4	-7	-0.3655152	
4	-6	-0.3750024	
4	-5	-0.3653524	
4	-4	-0.3323252	
4	-3	-0.2723056	
4	-2	-0.1802836	
4	-1.5	-0.1219436	
4	-1	-0.0546588	
4	-0.5	0.02127316	
4	0	0.1057856	

4.2	-24	-0.01717292	
4.2	-22	-0.02711332	
4.2	-20	-0.042664	
4.2	-18	-0.0662216	
4.2	-16	-0.1005336	
4.2	-14	-0.1479828	
4.2	-12	-0.208516	
4.2	-11	-0.2411848	
4.2	-10	-0.274742	
4.2	-9	-0.3058312	
4.2	-8	-0.331154	
4.2	-7	-0.3468168	
4.2	-6	-0.3499324	
4.2	-5	-0.3346264	
4.2	-4	-0.2971612	
4.2	-3	-0.2334536	
4.2	-2	-0.1404904	
4.2	-1.5	-0.0820724	
4.2	-1	-0.0163434	
4.2	-0.5	0.0581452	
4.2	0	0.1405896	

4.4	-24	-0.02036932	
4.4	-22	-0.03149508	
4.4	-20	-0.0482168	
4.4	-18	-0.0729084	
4.4	-16	-0.1077732	
4.4	-14	-0.1547248	
4.4	-12	-0.2116068	
4.4	-11	-0.2415704	
4.4	-10	-0.2711932	
4.4	-9	-0.29758	
4.4	-8	-0.3173956	
4.4	-7	-0.327768	
4.4	-6	-0.324786	
4.4	-5	-0.3047784	
4.4	-4	-0.2631608	
4.4	-3	-0.1965372	
4.4	-2	-0.102942	
4.4	-1.5	-0.045272	
4.4	-1	0.0198532	
4.4	-0.5	0.0924536	
4.4	0	0.1725936	

4.6	-24	-0.02378708	
4.6	-22	-0.03602384	
4.6	-20	-0.0537368	
4.6	-18	-0.0793228	
4.6	-16	-0.1145076	
4.6	-14	-0.1599116	
4.6	-12	-0.2132628	
4.6	-11	-0.2404488	
4.6	-10	-0.2662132	
4.6	-9	-0.2880308	
4.6	-8	-0.3029368	
4.6	-7	-0.3083156	
4.6	-6	-0.30004	
4.6	-5	-0.2752824	
4.6	-4	-0.230174	
4.6	-3	-0.161648	
4.6	-2	-0.0675468	
4.6	-1.5	-0.01015676	
4.6	-1	0.053916	
4.6	-0.5	0.1248384	
4.6	0	0.2030428	

4.8	-24	-0.0273364	
4.8	-22	-0.0405696	
4.8	-20	-0.0592868	
4.8	-18	-0.0856068	
4.8	-16	-0.120768	
4.8	-14	-0.16422	
4.8	-12	-0.2136676	
4.8	-11	-0.2379808	
4.8	-10	-0.2599592	
4.8	-9	-0.2776508	
4.8	-8	-0.2879828	
4.8	-7	-0.2884192	
4.8	-6	-0.2756892	
4.8	-5	-0.246714	
4.8	-4	-0.1986624	
4.8	-3	-0.1285492	
4.8	-2	-0.03413568	
4.8	-1.5	0.02253008	
4.8	-1	0.0857024	
4.8	-0.5	0.15498	
4.8	0	0.231082	

5	-24	-0.03095032	
5	-22	-0.0451264	
5	-20	-0.064674	
5	-18	-0.0911476	
5	-16	-0.1259556	
5	-14	-0.1675156	
5	-12	-0.213012	
5	-11	-0.234098	
5	-10	-0.252858	
5	-9	-0.2663796	
5	-8	-0.2724376	
5	-7	-0.2686864	
5	-6	-0.2519212	
5	-5	-0.219158	
5	-4	-0.168544	
5	-3	-0.096894	
5	-2	-0.00263698	
5	-1.5	0.0532456	
5	-1	0.1152056	
5	-0.5	0.1834988	
5	0	0.2574632	

5.2	-24	-0.03465404	
5.2	-22	-0.0494684	
5.2	-20	-0.0698064	
5.2	-18	-0.0964316	
5.2	-16	-0.130346	
5.2	-14	-0.1699124	
5.2	-12	-0.2109852	
5.2	-11	-0.2295252	
5.2	-10	-0.244626	
5.2	-9	-0.2544904	
5.2	-8	-0.2566848	
5.2	-7	-0.2488148	
5.2	-6	-0.2283072	
5.2	-5	-0.1926024	
5.2	-4	-0.1394428	
5.2	-3	-0.0665684	
5.2	-2	0.02768408	
5.2	-1.5	0.0829476	
5.2	-1	0.1440488	
5.2	-0.5	0.210536	
5.2	0	0.2826568	

5.4	-24	-0.03846816	
5.4	-22	-0.05386	
5.4	-20	-0.0745848	
5.4	-18	-0.1013396	
5.4	-16	-0.1341052	
5.4	-14	-0.1712896	
5.4	-12	-0.2080976	
5.4	-11	-0.2237912	
5.4	-10	-0.2358088	
5.4	-9	-0.2420356	
5.4	-8	-0.2405216	
5.4	-7	-0.2292752	
5.4	-6	-0.2053132	
5.4	-5	-0.1666436	
5.4	-4	-0.1115336	
5.4	-3	-0.0379848	
5.4	-2	0.0560288	
5.4	-1.5	0.1104276	
5.4	-1	0.1704996	
5.4	-0.5	0.2357264	
5.4	0	0.3060564	

5.6	-24	-0.0422528	
5.6	-22	-0.0580984	
5.6	-20	-0.0790748	
5.6	-18	-0.1054908	
5.6	-16	-0.1371568	
5.6	-14	-0.1717964	
5.6	-12	-0.2040836	
5.6	-11	-0.2172864	
5.6	-10	-0.2261572	
5.6	-9	-0.2290384	
5.6	-8	-0.2242832	
5.6	-7	-0.2096264	
5.6	-6	-0.1827016	
5.6	-5	-0.1417108	
5.6	-4	-0.0849388	
5.6	-3	-0.01047812	
5.6	-2	0.0824356	
5.6	-1.5	0.1364484	
5.6	-1	0.1954668	
5.6	-0.5	0.2591628	
5.6	0	0.3276188	

5.8	-24	-0.0459816	
5.8	-22	-0.0622628	
5.8	-20	-0.0833736	
5.8	-18	-0.109176	
5.8	-16	-0.1394432	
5.8	-14	-0.1714492	
5.8	-12	-0.1996536	
5.8	-11	-0.209976	
5.8	-10	-0.2159524	
5.8	-9	-0.2157984	
5.8	-8	-0.2079028	
5.8	-7	-0.1901812	
5.8	-6	-0.160806	
5.8	-5	-0.1177364	
5.8	-4	-0.059204	
5.8	-3	0.0156522	
5.8	-2	0.108342	
5.8	-1.5	0.1613384	
5.8	-1	0.2188776	
5.8	-0.5	0.2812524	
5.8	0	0.3481488	

6	-24	-0.0494336	
6	-22	-0.0660884	
6	-20	-0.0870324	
6	-18	-0.1124356	
6	-16	-0.1410316	
6	-14	-0.1700828	
6	-12	-0.1942088	
6	-11	-0.2020724	
6	-10	-0.2052944	
6	-9	-0.2023276	
6	-8	-0.1913744	
6	-7	-0.1711488	
6	-6	-0.1393136	
6	-5	-0.0942292	
6	-4	-0.03462796	
6	-3	0.040678	
6	-2	0.1326012	
6	-1.5	0.1851868	
6	-1	0.2420028	
6	-0.5	0.3030916	
6	0	0.3684108	

6.2	-24	-0.0527924	
6.2	-22	-0.0697504	
6.2	-20	-0.090274	
6.2	-18	-0.1151556	
6.2	-16	-0.1419956	
6.2	-14	-0.1681212	
6.2	-12	-0.1882216	
6.2	-11	-0.1937276	
6.2	-10	-0.1942944	
6.2	-9	-0.1885636	
6.2	-8	-0.1752048	
6.2	-7	-0.1523512	
6.2	-6	-0.1183968	
6.2	-5	-0.0717036	
6.2	-4	-0.0114006	
6.2	-3	0.064342	
6.2	-2	0.155562	
6.2	-1.5	0.2072608	
6.2	-1	0.2627888	
6.2	-0.5	0.3225464	
6.2	0	0.386538	

6.4	-24	-0.0560064	
6.4	-22	-0.0731576	
6.4	-20	-0.0934232	
6.4	-18	-0.1170372	
6.4	-16	-0.1421232	
6.4	-14	-0.165624	
6.4	-12	-0.181628	
6.4	-11	-0.184742	
6.4	-10	-0.18289	
6.4	-9	-0.1748336	
6.4	-8	-0.1589336	
6.4	-7	-0.1338052	
6.4	-6	-0.0977756	
6.4	-5	-0.0499356	
6.4	-4	0.011284	
6.4	-3	0.0867824	
6.4	-2	0.1774264	
6.4	-1.5	0.2287288	
6.4	-1	0.2833772	
6.4	-0.5	0.3419504	
6.4	0	0.404152	

6.6	-24	-0.059266	
6.6	-22	-0.0761344	
6.6	-20	-0.0960728	
6.6	-18	-0.1184964	
6.6	-16	-0.1416188	
6.6	-14	-0.16232	
6.6	-12	-0.1744888	
6.6	-11	-0.1754612	
6.6	-10	-0.171282	
6.6	-9	-0.16078	
6.6	-8	-0.1427108	
6.6	-7	-0.115522	
6.6	-6	-0.0779944	
6.6	-5	-0.02873852	
6.6	-4	0.03306212	
6.6	-3	0.1082496	
6.6	-2	0.1980624	
6.6	-1.5	0.24853	
6.6	-1	0.302634	
6.6	-0.5	0.3601316	
6.6	0	0.420796	

6.8	-24	-0.0622152	
6.8	-22	-0.0789044	
6.8	-20	-0.0983196	
6.8	-18	-0.1195996	
6.8	-16	-0.1407632	
6.8	-14	-0.1584532	
6.8	-12	-0.1669572	
6.8	-11	-0.1658056	
6.8	-10	-0.1595604	
6.8	-9	-0.146826	
6.8	-8	-0.1265344	
6.8	-7	-0.0976184	
6.8	-6	-0.058474	
6.8	-5	-0.00840112	
6.8	-4	0.0540436	
6.8	-3	0.1293816	
6.8	-2	0.2178044	
6.8	-1.5	0.2671536	
6.8	-1	0.3202468	
6.8	-0.5	0.3763392	
6.8	0	0.436036	

7	-24	-0.064924	
7	-22	-0.0815128	
7	-20	-0.1000912	
7	-18	-0.1200844	
7	-16	-0.1392712	
7	-14	-0.1541404	
7	-12	-0.1590156	
7	-11	-0.1558652	
7	-10	-0.1476056	
7	-9	-0.132822	
7	-8	-0.1108928	
7	-7	-0.080264	
7	-6	-0.03990484	
7	-5	0.01126188	
7	-4	0.0741068	
7	-3	0.149178	
7	-2	0.23706	
7	-1.5	0.285706	
7	-1	0.3376028	
7	-0.5	0.3927616	
7	0	0.451088	

7.2	-24	-0.067588	
7.2	-22	-0.0835744	
7.2	-20	-0.1015152	
7.2	-18	-0.120118	
7.2	-16	-0.1372556	
7.2	-14	-0.1492896	
7.2	-12	-0.1506156	
7.2	-11	-0.1457612	
7.2	-10	-0.1355468	
7.2	-9	-0.1189304	
7.2	-8	-0.0952404	
7.2	-7	-0.0631072	
7.2	-6	-0.02155368	
7.2	-5	0.03049372	
7.2	-4	0.0931936	
7.2	-3	0.1681632	
7.2	-2	0.255238	
7.2	-1.5	0.3030132	
7.2	-1	0.3540136	
7.2	-0.5	0.407964	
7.2	0	0.464984	

7.4	-24	-0.0697992	
7.4	-22	-0.0853552	
7.4	-20	-0.1025328	
7.4	-18	-0.1197444	
7.4	-16	-0.1348016	
7.4	-14	-0.1439532	
7.4	-12	-0.1420824	
7.4	-11	-0.1352708	
7.4	-10	-0.1233428	
7.4	-9	-0.10521	
7.4	-8	-0.0798168	
7.4	-7	-0.046324	
7.4	-6	-0.003638184	
7.4	-5	0.048822	
7.4	-4	0.1119676	
7.4	-3	0.18603	
7.4	-2	0.2721356	
7.4	-1.5	0.31948	
7.4	-1	0.3696324	
7.4	-0.5	0.42268	
7.4	0	0.47848	

7.6	-24	-0.0718784	
7.6	-22	-0.0869856	
7.6	-20	-0.1031744	
7.6	-18	-0.1189148	
7.6	-16	-0.1318204	
7.6	-14	-0.1383224	
7.6	-12	-0.1333236	
7.6	-11	-0.1249184	
7.6	-10	-0.1112892	
7.6	-9	-0.0913636	
7.6	-8	-0.0647252	
7.6	-7	-0.0298762	
7.6	-6	0.01361728	
7.6	-5	0.0666024	
7.6	-4	0.1301212	
7.6	-3	0.203762	
7.6	-2	0.2882372	
7.6	-1.5	0.334844	
7.6	-1	0.3842948	
7.6	-0.5	0.436388	
7.6	0	0.490976	

7.8	-24	-0.0737936	
7.8	-22	-0.0883116	
7.8	-20	-0.1034256	
7.8	-18	-0.11763	
7.8	-16	-0.12847	
7.8	-14	-0.1322748	
7.8	-12	-0.124388	
7.8	-11	-0.114258	
7.8	-10	-0.0990932	
7.8	-9	-0.077762	
7.8	-8	-0.0496552	
7.8	-7	-0.01386756	
7.8	-6	0.03045848	
7.8	-5	0.0840592	
7.8	-4	0.147314	
7.8	-3	0.2208472	
7.8	-2	0.3046916	
7.8	-1.5	0.350184	
7.8	-1	0.3985348	
7.8	-0.5	0.449496	
7.8	0	0.503072	

8	-24	-0.0753004	
8	-22	-0.089166	
8	-20	-0.1032884	
8	-18	-0.115858	
8	-16	-0.1246756	
8	-14	-0.126034	
8	-12	-0.1152148	
8	-11	-0.1036328	
8	-10	-0.086882	
8	-9	-0.0644264	
8	-8	-0.0350892	
8	-7	0.001668388	
8	-6	0.0470204	
8	-5	0.1007332	
8	-4	0.1639272	
8	-3	0.2368136	
8	-2	0.3199228	
8	-1.5	0.3651064	
8	-1	0.412576	
8	-0.5	0.462724	
8	0	0.515212	

8.2	-24	-0.0767272	
8.2	-22	-0.0898364	
8.2	-20	-0.1028628	
8.2	-18	-0.1138228	
8.2	-16	-0.1205008	
8.2	-14	-0.11945	
8.2	-12	-0.1058	
8.2	-11	-0.0928424	
8.2	-10	-0.0749272	
8.2	-9	-0.0510788	
8.2	-8	-0.02062004	
8.2	-7	0.01712196	
8.2	-6	0.0627772	
8.2	-5	0.116876	
8.2	-4	0.1800756	
8.2	-3	0.2525508	
8.2	-2	0.3342404	
8.2	-1.5	0.3787448	
8.2	-1	0.425556	
8.2	-0.5	0.474824	
8.2	0	0.526128	

8.4	-24	-0.0777932	
8.4	-22	-0.0900572	
8.4	-20	-0.1019852	
8.4	-18	-0.1114592	
8.4	-16	-0.1160368	
8.4	-14	-0.1126088	
8.4	-12	-0.0963844	
8.4	-11	-0.0821308	
8.4	-10	-0.0629172	
8.4	-9	-0.03781656	
8.4	-8	-0.00641168	
8.4	-7	0.03214064	
8.4	-6	0.0781412	
8.4	-5	0.1326596	
8.4	-4	0.1955292	
8.4	-3	0.2675396	
8.4	-2	0.3484096	
8.4	-1.5	0.3923916	
8.4	-1	0.438356	
8.4	-0.5	0.4866	
8.4	0	0.537092	

8.6	-24	-0.0785292	
8.6	-22	-0.0901464	
8.6	-20	-0.1007756	
8.6	-18	-0.108732	
8.6	-16	-0.111318	
8.6	-14	-0.1055408	
8.6	-12	-0.0868472	
8.6	-11	-0.0713672	
8.6	-10	-0.0508724	
8.6	-9	-0.02471932	
8.6	-8	0.00743196	
8.6	-7	0.046628	
8.6	-6	0.0932228	
8.6	-5	0.147742	
8.6	-4	0.2106704	
8.6	-3	0.281816	
8.6	-2	0.3616696	
8.6	-1.5	0.404828	
8.6	-1	0.450204	
8.6	-0.5	0.497576	
8.6	0	0.547092	

8.8	-24	-0.0790712	
8.8	-22	-0.0898952	
8.8	-20	-0.0992988	
8.8	-18	-0.1056676	
8.8	-16	-0.1063292	
8.8	-14	-0.0983248	
8.8	-12	-0.0772456	
8.8	-11	-0.0607272	
8.8	-10	-0.03907376	
8.8	-9	-0.0120222	
8.8	-8	0.02109032	
8.8	-7	0.0609096	
8.8	-6	0.1078372	
8.8	-5	0.1624288	
8.8	-4	0.2249184	
8.8	-3	0.2958212	
8.8	-2	0.3746428	
8.8	-1.5	0.417308	
8.8	-1	0.461832	
8.8	-0.5	0.508472	
8.8	0	0.556996	

9	-24	-0.079376	
9	-22	-0.0893908	
9	-20	-0.0975244	
9	-18	-0.102336	
9	-16	-0.101132	
9	-14	-0.0909448	
9	-12	-0.0676524	
9	-11	-0.0499948	
9	-10	-0.02741624	
9	-9	0.000677388	
9	-8	0.03443496	
9	-7	0.074778	
9	-6	0.1220604	
9	-5	0.1767472	
9	-4	0.2388348	
9	-3	0.3089296	
9	-2	0.3870692	
9	-1.5	0.429164	
9	-1	0.473148	
9	-0.5	0.518968	
9	0	0.56646	

9.2	-24	-0.0795696	
9.2	-22	-0.0886248	
9.2	-20	-0.0955368	
9.2	-18	-0.0986608	
9.2	-16	-0.0957212	
9.2	-14	-0.0834516	
9.2	-12	-0.058086	
9.2	-11	-0.03939848	
9.2	-10	-0.01580948	
9.2	-9	0.01298676	
9.2	-8	0.04768	
9.2	-7	0.0883404	
9.2	-6	0.1358312	
9.2	-5	0.1904696	
9.2	-4	0.2524656	
9.2	-3	0.3218504	
9.2	-2	0.3988516	
9.2	-1.5	0.440304	
9.2	-1	0.483328	
9.2	-0.5	0.528284	
9.2	0	0.575136	

9.4	-24	-0.07947	
9.4	-22	-0.0875708	
9.4	-20	-0.0933068	
9.4	-18	-0.09483	
9.4	-16	-0.0900868	
9.4	-14	-0.0758292	
9.4	-12	-0.0483756	
9.4	-11	-0.02871912	
9.4	-10	-0.00440052	
9.4	-9	0.02512364	
9.4	-8	0.0605076	
9.4	-7	0.1015332	
9.4	-6	0.1493252	
9.4	-5	0.2038576	
9.4	-4	0.2653512	
9.4	-3	0.334206	
9.4	-2	0.410192	
9.4	-1.5	0.451032	
9.4	-1	0.493632	
9.4	-0.5	0.537924	
9.4	0	0.583884	

9.6	-24	-0.0790748	
9.6	-22	-0.0863568	
9.6	-20	-0.0907744	
9.6	-18	-0.0907556	
9.6	-16	-0.0842328	
9.6	-14	-0.0681452	
9.6	-12	-0.0388336	
9.6	-11	-0.01822524	
9.6	-10	0.00681032	
9.6	-9	0.03716832	
9.6	-8	0.0730184	
9.6	-7	0.1146772	
9.6	-6	0.1624848	
9.6	-5	0.2167772	
9.6	-4	0.2780696	
9.6	-3	0.3462452	
9.6	-2	0.42132	
9.6	-1.5	0.461464	
9.6	-1	0.503308	
9.6	-0.5	0.546884	
9.6	0	0.592056	

9.8	-24	-0.0784932	
9.8	-22	-0.0847216	
9.8	-20	-0.0880244	
9.8	-18	-0.0864932	
9.8	-16	-0.0782648	
9.8	-14	-0.0603156	
9.8	-12	-0.0292486	
9.8	-11	-0.00786804	
9.8	-10	0.01797468	
9.8	-9	0.0490284	
9.8	-8	0.0852676	
9.8	-7	0.1272888	
9.8	-6	0.1752284	
9.8	-5	0.2295244	
9.8	-4	0.2902856	
9.8	-3	0.3577544	
9.8	-2	0.431904	
9.8	-1.5	0.4716	
9.8	-1	0.512816	
9.8	-0.5	0.555456	
9.8	0	0.599924	

10	-24	-0.07772	
10	-22	-0.0829076	
10	-20	-0.0849516	
10	-18	-0.0820088	
10	-16	-0.072074	
10	-14	-0.0524124	
10	-12	-0.01967632	
10	-11	0.002502216	
10	-10	0.02909224	
10	-9	0.0606176	
10	-8	0.0971812	
10	-7	0.139364	
10	-6	0.1876492	
10	-5	0.2417636	
10	-4	0.3022716	
10	-3	0.3689096	
10	-2	0.442284	
10	-1.5	0.481312	
10	-1	0.52194	
10	-0.5	0.564028	
10	0	0.607668	

10.2	-24	-0.076676	
10.2	-22	-0.0809256	
10.2	-20	-0.0816668	
10.2	-18	-0.0773552	
10.2	-16	-0.0657868	
10.2	-14	-0.0444948	
10.2	-12	-0.01023008	
10.2	-11	0.01278236	
10.2	-10	0.03997736	
10.2	-9	0.0718808	
10.2	-8	0.1090604	
10.2	-7	0.1515988	
10.2	-6	0.1997596	
10.2	-5	0.2536496	
10.2	-4	0.3137404	
10.2	-3	0.3800008	
10.2	-2	0.452276	
10.2	-1.5	0.490676	
10.2	-1	0.530676	
10.2	-0.5	0.572024	
10.2	0	0.61504	

10.4	-24	-0.0754404	
10.4	-22	-0.078706	
10.4	-20	-0.0782616	
10.4	-18	-0.0725332	
10.4	-16	-0.059396	
10.4	-14	-0.0365578	
10.4	-12	-0.000725564	
10.4	-11	0.02286036	
10.4	-10	0.050694	
10.4	-9	0.083132	
10.4	-8	0.1205468	
10.4	-7	0.1632868	
10.4	-6	0.2114196	
10.4	-5	0.26522	
10.4	-4	0.32475	
10.4	-3	0.3904476	
10.4	-2	0.462024	
10.4	-1.5	0.499956	
10.4	-1	0.539368	
10.4	-0.5	0.58024	
10.4	0	0.622432	

10.6	-24	-0.0740384	
10.6	-22	-0.0762956	
10.6	-20	-0.0746792	
10.6	-18	-0.0675432	
10.6	-16	-0.0528972	
10.6	-14	-0.02854512	
10.6	-12	0.00866604	
10.6	-11	0.03289968	
10.6	-10	0.0612168	
10.6	-9	0.094158	
10.6	-8	0.1318144	
10.6	-7	0.1746772	
10.6	-6	0.2227944	
10.6	-5	0.2763856	
10.6	-4	0.3356652	
10.6	-3	0.400556	
10.6	-2	0.471268	
10.6	-1.5	0.508672	
10.6	-1	0.54754	
10.6	-0.5	0.587656	
10.6	0	0.6293	

10.8	-24	-0.0724432	
10.8	-22	-0.0737076	
10.8	-20	-0.070884	
10.8	-18	-0.0624928	
10.8	-16	-0.0464408	
10.8	-14	-0.02060828	
10.8	-12	0.01794316	
10.8	-11	0.0428452	
10.8	-10	0.07162	
10.8	-9	0.10491	
10.8	-8	0.1428568	
10.8	-7	0.1858	
10.8	-6	0.2337412	
10.8	-5	0.2873288	
10.8	-4	0.3460496	
10.8	-3	0.41054	
10.8	-2	0.48038	
10.8	-1.5	0.517092	
10.8	-1	0.55552	
10.8	-0.5	0.595032	
10.8	0	0.636032	

11	-24	-0.0706656	
11	-22	-0.0709104	
11	-20	-0.0669552	
11	-18	-0.0572124	
11	-16	-0.03983732	
11	-14	-0.01251016	
11	-12	0.02726936	
11	-11	0.0525752	
11	-10	0.0818828	
11	-9	0.1155724	
11	-8	0.1537176	
11	-7	0.1966728	
11	-6	0.2446324	
11	-5	0.2977464	
11	-4	0.3563868	
11	-3	0.419912	
11	-2	0.488912	
11	-1.5	0.525308	
11	-1	0.563212	
11	-0.5	0.60206	
11	0	0.6425	

11.2	-24	-0.0687256	
11.2	-22	-0.0679356	
11.2	-20	-0.0628564	
11.2	-18	-0.051856	
11.2	-16	-0.03315244	
11.2	-14	-0.00445972	
11.2	-12	0.03645068	
11.2	-11	0.0621804	
11.2	-10	0.0920644	
11.2	-9	0.1259232	
11.2	-8	0.16429	
11.2	-7	0.2073548	
11.2	-6	0.255226	
11.2	-5	0.3081956	
11.2	-4	0.3660056	
11.2	-3	0.429384	
11.2	-2	0.497624	
11.2	-1.5	0.533432	
11.2	-1	0.57064	
11.2	-0.5	0.60896	
11.2	0	0.6487	

11.4	-24	-0.0666256	
11.4	-22	-0.0648636	
11.4	-20	-0.0586608	
11.4	-18	-0.0464216	
11.4	-16	-0.02644464	
11.4	-14	0.003521656	
11.4	-12	0.045514	
11.4	-11	0.0716716	
11.4	-10	0.1019248	
11.4	-9	0.1360984	
11.4	-8	0.1746728	
11.4	-7	0.217786	
11.4	-6	0.2654824	
11.4	-5	0.3181772	
11.4	-4	0.375604	
11.4	-3	0.437996	
11.4	-2	0.505364	
11.4	-1.5	0.540896	
11.4	-1	0.577748	
11.4	-0.5	0.615668	
11.4	0	0.654812	

11.6	-24	-0.0643672	
11.6	-22	-0.0616024	
11.6	-20	-0.0543132	
11.6	-18	-0.0408892	
11.6	-16	-0.01965976	
11.6	-14	0.01146848	
11.6	-12	0.0546256	
11.6	-11	0.0811564	
11.6	-10	0.1116476	
11.6	-9	0.1462268	
11.6	-8	0.1847952	
11.6	-7	0.2279252	
11.6	-6	0.2755112	
11.6	-5	0.3278632	
11.6	-4	0.38487	
11.6	-3	0.446528	
11.6	-2	0.513204	
11.6	-1.5	0.548212	
11.6	-1	0.58428	
11.6	-0.5	0.621764	
11.6	0	0.660232	

11.8	-24	-0.0619396	
11.8	-22	-0.0582124	
11.8	-20	-0.0498608	
11.8	-18	-0.03525624	
11.8	-16	-0.0128658	
11.8	-14	0.0193596	
11.8	-12	0.0634836	
11.8	-11	0.0905968	
11.8	-10	0.1212556	
11.8	-9	0.1559952	
11.8	-8	0.1947356	
11.8	-7	0.2379012	
11.8	-6	0.2853276	
11.8	-5	0.3372428	
11.8	-4	0.3938928	
11.8	-3	0.455136	
11.8	-2	0.520912	
11.8	-1.5	0.5555	
11.8	-1	0.591176	
11.8	-0.5	0.627844	
11.8	0	0.665752	

12	-24	-0.0594068	
12	-22	-0.0547052	
12	-20	-0.0452872	
12	-18	-0.02960008	
12	-16	-0.00603388	
12	-14	0.02724588	
12	-12	0.0722796	
12	-11	0.0997668	
12	-10	0.1307232	
12	-9	0.1655756	
12	-8	0.2045144	
12	-7	0.2474728	
12	-6	0.29488	
12	-5	0.3465632	
12	-4	0.402604	
12	-3	0.46328	
12	-2	0.528264	
12	-1.5	0.562376	
12	-1	0.597676	
12	-0.5	0.633964	
12	0	0.671284	

12.4	-24	-0.0538668	
12.4	-22	-0.0472912	
12.4	-20	-0.0358928	
12.4	-18	-0.01807464	
12.4	-16	0.00761836	
12.4	-14	0.04293	
12.4	-12	0.0894884	
12.4	-11	0.1176984	
12.4	-10	0.1491388	
12.4	-9	0.184322	
12.4	-8	0.2232392	
12.4	-7	0.2663	
12.4	-6	0.313172	
12.4	-5	0.364156	
12.4	-4	0.419628	
12.4	-3	0.478936	
12.4	-2	0.542356	
12.4	-1.5	0.575748	
12.4	-1	0.60998	
12.4	-0.5	0.645324	
12.4	0	0.681572	

12.8	-24	-0.047864	
12.8	-22	-0.03946456	
12.8	-20	-0.02616284	
12.8	-18	-0.00637052	
12.8	-16	0.02124312	
12.8	-14	0.0583628	
12.8	-12	0.1063236	
12.8	-11	0.1351044	
12.8	-10	0.1670956	
12.8	-9	0.2023024	
12.8	-8	0.2411908	
12.8	-7	0.2840584	
12.8	-6	0.3306232	
12.8	-5	0.3810484	
12.8	-4	0.435436	
12.8	-3	0.49358	
12.8	-2	0.555584	
12.8	-1.5	0.58814	
12.8	-1	0.621704	
12.8	-0.5	0.656136	
12.8	0	0.691416	

13.2	-24	-0.0414096	
13.2	-22	-0.0313142	
13.2	-20	-0.0161714	
13.2	-18	0.00550836	
13.2	-16	0.03490796	
13.2	-14	0.073562	
13.2	-12	0.122958	
13.2	-11	0.1518408	
13.2	-10	0.1842488	
13.2	-9	0.2198312	
13.2	-8	0.2586708	
13.2	-7	0.3010672	
13.2	-6	0.3470468	
13.2	-5	0.396952	
13.2	-4	0.45046	
13.2	-3	0.507592	
13.2	-2	0.56818	
13.2	-1.5	0.599996	
13.2	-1	0.632608	
13.2	-0.5	0.666088	
13.2	0	0.700468	

13.6	-24	-0.03464012	
13.6	-22	-0.02284976	
13.6	-20	-0.00599204	
13.6	-18	0.01737636	
13.6	-16	0.0484536	
13.6	-14	0.088582	
13.6	-12	0.1389564	
13.6	-11	0.1683944	
13.6	-10	0.20074	
13.6	-9	0.2365012	
13.6	-8	0.2754928	
13.6	-7	0.317612	
13.6	-6	0.3630636	
13.6	-5	0.412104	
13.6	-4	0.464564	
13.6	-3	0.520736	
13.6	-2	0.580144	
13.6	-1.5	0.61124	
13.6	-1	0.643104	
13.6	-0.5	0.675732	
13.6	0	0.70902	

14	-24	-0.02745028	
14	-22	-0.0141848	
14	-20	0.004378	
14	-18	0.02928812	
14	-16	0.0618496	
14	-14	0.1032208	
14	-12	0.1546076	
14	-11	0.184258	
14	-10	0.2169356	
14	-9	0.2524108	
14	-8	0.2913556	
14	-7	0.3333308	
14	-6	0.3783396	
14	-5	0.42678	
14	-4	0.478188	
14	-3	0.533232	
14	-2	0.591308	
14	-1.5	0.6215	
14	-1	0.652644	
14	-0.5	0.684232	
14	0	0.716904	

14.4	-24	-0.01989392	
14.4	-22	-0.00513832	
14.4	-20	0.0148372	
14.4	-18	0.0412432	
14.4	-16	0.075168	
14.4	-14	0.11758	
14.4	-12	0.1697728	
14.4	-11	0.1997592	
14.4	-10	0.2325208	
14.4	-9	0.2680828	
14.4	-8	0.3064956	
14.4	-7	0.3481004	
14.4	-6	0.3929088	
14.4	-5	0.440528	
14.4	-4	0.491372	
14.4	-3	0.545092	
14.4	-2	0.602176	
14.4	-1.5	0.631732	
14.4	-1	0.661776	
14.4	-0.5	0.692996	
14.4	0	0.724804	

14.8	-24	-0.0121736	
14.8	-22	0.003944992	
14.8	-20	0.02537764	
14.8	-18	0.0531752	
14.8	-16	0.0883552	
14.8	-14	0.131606	
14.8	-12	0.1844612	
14.8	-11	0.2146348	
14.8	-10	0.2475908	
14.8	-9	0.2829696	
14.8	-8	0.3214228	
14.8	-7	0.3624576	
14.8	-6	0.406564	
14.8	-5	0.453652	
14.8	-4	0.50368	
14.8	-3	0.556512	
14.8	-2	0.61242	
14.8	-1.5	0.64132	
14.8	-1	0.670736	
14.8	-0.5	0.70136	
14.8	0	0.73226	

15.2	-24	-0.0042074	
15.2	-22	0.0132356	
15.2	-20	0.03595004	
15.2	-18	0.0649748	
15.2	-16	0.1013156	
15.2	-14	0.1455552	
15.2	-12	0.1988764	
15.2	-11	0.2292476	
15.2	-10	0.262022	
15.2	-9	0.2975088	
15.2	-8	0.3356248	
15.2	-7	0.3764396	
15.2	-6	0.419912	
15.2	-5	0.46614	
15.2	-4	0.515264	
15.2	-3	0.56718	
15.2	-2	0.621852	
15.2	-1.5	0.650012	
15.2	-1	0.679076	
15.2	-0.5	0.708576	
15.2	0	0.738872	

15.6	-24	0.003915828	
15.6	-22	0.02262376	
15.6	-20	0.0466088	
15.6	-18	0.0767384	
15.6	-16	0.1140472	
15.6	-14	0.1590588	
15.6	-12	0.2128488	
15.6	-11	0.2432104	
15.6	-10	0.276086	
15.6	-9	0.3113472	
15.6	-8	0.3492148	
15.6	-7	0.3896488	
15.6	-6	0.432716	
15.6	-5	0.478448	
15.6	-4	0.526692	
15.6	-3	0.577536	
15.6	-2	0.630916	
15.6	-1.5	0.658512	
15.6	-1	0.686832	
15.6	-0.5	0.715672	
15.6	0	0.745268	

16	-24	0.01214508	
16	-22	0.03205288	
16	-20	0.0571968	
16	-18	0.0884328	
16	-16	0.1265372	
16	-14	0.1722708	
16	-12	0.2263464	
16	-11	0.2568824	
16	-10	0.2895944	
16	-9	0.3248412	
16	-8	0.3622736	
16	-7	0.402252	
16	-6	0.444936	
16	-5	0.489912	
16	-4	0.537472	
16	-3	0.587424	
16	-2	0.639948	
16	-1.5	0.667036	
16	-1	0.694612	
16	-0.5	0.722816	
16	0	0.75184	

16.8	-24	0.02914536	
16.8	-22	0.0511204	
16.8	-20	0.0783368	
16.8	-18	0.1113768	
16.8	-16	0.1509252	
16.8	-14	0.197842	
16.8	-12	0.252406	
16.8	-11	0.2828828	
16.8	-10	0.315414	
16.8	-9	0.350122	
16.8	-8	0.3872068	
16.8	-7	0.426336	
16.8	-6	0.467884	
16.8	-5	0.5116	
16.8	-4	0.55746	
16.8	-3	0.605788	
16.8	-2	0.65614	
16.8	-1.5	0.682148	
16.8	-1	0.708768	
16.8	-0.5	0.735872	
16.8	0	0.763548	

17.6	-24	0.0463604	
17.6	-22	0.0702172	
17.6	-20	0.0991412	
17.6	-18	0.13373	
17.6	-16	0.1745036	
17.6	-14	0.2220732	
17.6	-12	0.2770424	
17.6	-11	0.307296	
17.6	-10	0.3395764	
17.6	-9	0.3738372	
17.6	-8	0.41022	
17.6	-7	0.448616	
17.6	-6	0.488908	
17.6	-5	0.531452	
17.6	-4	0.576104	
17.6	-3	0.622648	
17.6	-2	0.671332	
17.6	-1.5	0.696228	
17.6	-1	0.721736	
17.6	-0.5	0.747712	
17.6	0	0.7741	

18.4	-24	0.0636768	
18.4	-22	0.0891332	
18.4	-20	0.1195968	
18.4	-18	0.1553804	
18.4	-16	0.1971572	
18.4	-14	0.245262	
18.4	-12	0.3000848	
18.4	-11	0.3301852	
18.4	-10	0.3622904	
18.4	-9	0.3960292	
18.4	-8	0.431632	
18.4	-7	0.469156	
18.4	-6	0.508544	
18.4	-5	0.549772	
18.4	-4	0.593056	
18.4	-3	0.638076	
18.4	-2	0.684972	
18.4	-1.5	0.708968	
18.4	-1	0.73344	
18.4	-0.5	0.75844	
18.4	0	0.783864	

19.2	-24	0.0810424	
19.2	-22	0.1079156	
19.2	-20	0.1395832	
19.2	-18	0.1764316	
19.2	-16	0.2188516	
19.2	-14	0.2673492	
19.2	-12	0.322082	
19.2	-11	0.3519148	
19.2	-10	0.3833952	
19.2	-9	0.41662	
19.2	-8	0.451516	
19.2	-7	0.488396	
19.2	-6	0.526692	
19.2	-5	0.566964	
19.2	-4	0.608648	
19.2	-3	0.652284	
19.2	-2	0.69742	
19.2	-1.5	0.720668	
19.2	-1	0.74428	
19.2	-0.5	0.768284	
19.2	0	0.79264	

20	-24	0.0983588	
20	-22	0.1264456	
20	-20	0.159138	
20	-18	0.1967688	
20	-16	0.2397516	
20	-14	0.2882984	
20	-12	0.3427972	
20	-11	0.3723668	
20	-10	0.403416	
20	-9	0.436116	
20	-8	0.470376	
20	-7	0.506176	
20	-6	0.543636	
20	-5	0.582636	
20	-4	0.623256	
20	-3	0.665372	
20	-2	0.709128	
20	-1.5	0.731424	
20	-1	0.754228	
20	-0.5	0.777288	
20	0	0.800852	

20.8	-24	0.11543	
20.8	-22	0.144584	
20.8	-20	0.1781196	
20.8	-18	0.2163676	
20.8	-16	0.2596696	
20.8	-14	0.3082168	
20.8	-12	0.3624008	
20.8	-11	0.3915964	
20.8	-10	0.42232	
20.8	-9	0.45438	
20.8	-8	0.488012	
20.8	-7	0.5229	
20.8	-6	0.55942	
20.8	-5	0.597368	
20.8	-4	0.63684	
20.8	-3	0.677688	
20.8	-2	0.719936	
20.8	-1.5	0.7416	
20.8	-1	0.763564	
20.8	-0.5	0.785924	
20.8	0	0.808564	

21.6	-24	0.1322976	
21.6	-22	0.162268	
21.6	-20	0.1964524	
21.6	-18	0.235268	
21.6	-16	0.2787404	
21.6	-14	0.3272856	
21.6	-12	0.3808904	
21.6	-11	0.409772	
21.6	-10	0.439852	
21.6	-9	0.471468	
21.6	-8	0.504404	
21.6	-7	0.538608	
21.6	-6	0.574264	
21.6	-5	0.611264	
21.6	-4	0.649572	
21.6	-3	0.689204	
21.6	-2	0.730048	
21.6	-1.5	0.751076	
21.6	-1	0.772228	
21.6	-0.5	0.793792	
21.6	0	0.815692	

22.4	-24	0.1488564	
22.4	-22	0.1796404	
22.4	-20	0.2144376	
22.4	-18	0.2533328	
22.4	-16	0.2969936	
22.4	-14	0.3452732	
22.4	-12	0.3985348	
22.4	-11	0.42688	
22.4	-10	0.45658	
22.4	-9	0.487556	
22.4	-8	0.519812	
22.4	-7	0.553284	
22.4	-6	0.588032	
22.4	-5	0.624036	
22.4	-4	0.661248	
22.4	-3	0.699764	
22.4	-2	0.739464	
22.4	-1.5	0.759764	
22.4	-1	0.7803	
22.4	-0.5	0.801104	
22.4	0	0.822256	

23.2	-24	0.165054	
23.2	-22	0.1965144	
23.2	-20	0.231722	
23.2	-18	0.270952	
23.2	-16	0.3144392	
23.2	-14	0.3625256	
23.2	-12	0.415144	
23.2	-11	0.443096	
23.2	-10	0.472432	
23.2	-9	0.502804	
23.2	-8	0.534276	
23.2	-7	0.56698	
23.2	-6	0.60092	
23.2	-5	0.635984	
23.2	-4	0.672264	
23.2	-3	0.70956	
23.2	-2	0.748072	
23.2	-1.5	0.767692	
23.2	-1	0.787644	
23.2	-0.5	0.807796	
23.2	0	0.828208	

24	-24	0.1809348	
24	-22	0.212912	
24	-20	0.2485008	
24	-18	0.2878632	
24	-16	0.331312	
24	-14	0.3789164	
24	-12	0.430844	
24	-11	0.4585	
24	-10	0.487264	
24	-9	0.516968	
24	-8	0.547988	
24	-7	0.579836	
24	-6	0.613188	
24	-5	0.647308	
24	-4	0.682604	
24	-3	0.718864	
24	-2	0.75628	
24	-1.5	0.77522	
24	-1	0.79462	
24	-0.5	0.814024	
24	0	0.833988	

24.8	-24	0.1963944	
24.8	-22	0.2288248	
24.8	-20	0.2647076	
24.8	-18	0.3041356	
24.8	-16	0.347422	
24.8	-14	0.3946708	
24.8	-12	0.44598	
24.8	-11	0.473124	
24.8	-10	0.50136	
24.8	-9	0.530616	
24.8	-8	0.560788	
24.8	-7	0.592184	
24.8	-6	0.624536	
24.8	-5	0.657792	
24.8	-4	0.692136	
24.8	-3	0.727396	
24.8	-2	0.763732	
24.8	-1.5	0.782296	
24.8	-1	0.801024	
24.8	-0.5	0.819848	
24.8	0	0.83916	

25.6	-24	0.2115212	
25.6	-22	0.244294	
25.6	-20	0.2802308	
25.6	-18	0.3197496	
25.6	-16	0.3628616	
25.6	-14	0.409684	
25.6	-12	0.460248	
25.6	-11	0.487024	
25.6	-10	0.514592	
25.6	-9	0.543432	
25.6	-8	0.573072	
25.6	-7	0.603736	
25.6	-6	0.635192	
25.6	-5	0.667784	
25.6	-4	0.70124	
25.6	-3	0.73562	
25.6	-2	0.770936	
25.6	-1.5	0.788716	
25.6	-1	0.80704	
25.6	-0.5	0.825388	
25.6	0	0.844008	

26.4	-24	0.226316	
26.4	-22	0.2592048	
26.4	-20	0.2953676	
26.4	-18	0.3347948	
26.4	-16	0.3777024	
26.4	-14	0.424036	
26.4	-12	0.473948	
26.4	-11	0.500308	
26.4	-10	0.527508	
26.4	-9	0.555668	
26.4	-8	0.584672	
26.4	-7	0.614584	
26.4	-6	0.64534	
26.4	-5	0.677224	
26.4	-4	0.709776	
26.4	-3	0.74338	
26.4	-2	0.777616	
26.4	-1.5	0.79496	
26.4	-1	0.812844	
26.4	-0.5	0.830492	
26.4	0	0.848824	

27.2	-24	0.2406684	
27.2	-22	0.2737264	
27.2	-20	0.3098956	
27.2	-18	0.3492512	
27.2	-16	0.391776	
27.2	-14	0.437748	
27.2	-12	0.48696	
27.2	-11	0.51286	
27.2	-10	0.539648	
27.2	-9	0.567244	
27.2	-8	0.595768	
27.2	-7	0.624984	
27.2	-6	0.655232	
27.2	-5	0.686196	
27.2	-4	0.718004	
27.2	-3	0.750652	
27.2	-2	0.78408	
27.2	-1.5	0.800992	
27.2	-1	0.818312	
27.2	-0.5	0.83554	
27.2	0	0.853188	

28	-24	0.2546432	
28	-22	0.2878324	
28	-20	0.3239244	
28	-18	0.3631136	
28	-16	0.405364	
28	-14	0.450776	
28	-12	0.499384	
28	-11	0.5249	
28	-10	0.551104	
28	-9	0.578344	
28	-8	0.606128	
28	-7	0.634912	
28	-6	0.664324	
28	-5	0.694652	
28	-4	0.725624	
28	-3	0.757576	
28	-2	0.790056	
28	-1.5	0.806636	
28	-1	0.823404	
28	-0.5	0.840304	
28	0	0.857484	

28.8	-24	0.2682012	
28.8	-22	0.3015204	
28.8	-20	0.3374976	
28.8	-18	0.3763936	
28.8	-16	0.418248	
28.8	-14	0.463168	
28.8	-12	0.511148	
28.8	-11	0.536284	
28.8	-10	0.562056	
28.8	-9	0.58876	
28.8	-8	0.616092	
28.8	-7	0.644256	
28.8	-6	0.673144	
28.8	-5	0.702736	
28.8	-4	0.733072	
28.8	-3	0.764116	
28.8	-2	0.79588	
28.8	-1.5	0.811872	
28.8	-1	0.828328	
28.8	-0.5	0.844796	
28.8	0	0.861376	

29.6	-24	0.2813992	
29.6	-22	0.3147164	
29.6	-20	0.350704	
29.6	-18	0.3893116	
29.6	-16	0.430836	
29.6	-14	0.475148	
29.6	-12	0.522428	
29.6	-11	0.547156	
29.6	-10	0.572664	
29.6	-9	0.59872	
29.6	-8	0.6256	
29.6	-7	0.653156	
29.6	-6	0.681416	
29.6	-5	0.710376	
29.6	-4	0.74002	
29.6	-3	0.770356	
29.6	-2	0.801336	
29.6	-1.5	0.81686	
29.6	-1	0.83292	
29.6	-0.5	0.848964	
29.6	0	0.865076	

30.4	-24	0.294182	
30.4	-22	0.3274968	
30.4	-20	0.3633456	
30.4	-18	0.401816	
30.4	-16	0.44288	
30.4	-14	0.486684	
30.4	-12	0.533132	
30.4	-11	0.55746	
30.4	-10	0.582456	
30.4	-9	0.608076	
30.4	-8	0.634496	
30.4	-7	0.661344	
30.4	-6	0.689236	
30.4	-5	0.717388	
30.4	-4	0.746568	
30.4	-3	0.775936	
30.4	-2	0.806452	
30.4	-1.5	0.82164	
30.4	-1	0.837128	
30.4	-0.5	0.85286	
30.4	0	0.868676	

31.2	-24	0.3065984	
31.2	-22	0.3398528	
31.2	-20	0.375588	
31.2	-18	0.413736	
31.2	-16	0.454452	
31.2	-14	0.497716	
31.2	-12	0.54352	
31.2	-11	0.567472	
31.2	-10	0.592052	
31.2	-9	0.617268	
31.2	-8	0.643	
31.2	-7	0.669532	
31.2	-6	0.696596	
31.2	-5	0.724352	
31.2	-4	0.752624	
31.2	-3	0.781568	
31.2	-2	0.81104	
31.2	-1.5	0.825932	
31.2	-1	0.841236	
31.2	-0.5	0.856352	
31.2	0	0.871944	

32	-24	0.3187808	
32	-22	0.351868	
32	-20	0.3873796	
32	-18	0.425288	
32	-16	0.46556	
32	-14	0.508296	
32	-12	0.5535	
32	-11	0.5771	
32	-10	0.601152	
32	-9	0.625928	
32	-8	0.651256	
32	-7	0.677236	
32	-6	0.703688	
32	-5	0.73094	
32	-4	0.758556	
32	-3	0.786944	
32	-2	0.815784	
32	-1.5	0.830404	
32	-1	0.845296	
32	-0.5	0.8601	
32	0	0.875244	

32.8	-24	0.3304844	
32.8	-22	0.3635868	
32.8	-20	0.3987756	
32.8	-18	0.436348	
32.8	-16	0.476252	
32.8	-14	0.518416	
32.8	-12	0.56298	
32.8	-11	0.586148	
32.8	-10	0.609876	
32.8	-9	0.634164	
32.8	-8	0.65908	
32.8	-7	0.684536	
32.8	-6	0.710608	
32.8	-5	0.737208	
32.8	-4	0.764264	
32.8	-3	0.792012	
32.8	-2	0.82022	
32.8	-1.5	0.834472	
32.8	-1	0.849008	
32.8	-0.5	0.863484	
32.8	0	0.878256	

33.6	-24	0.3419288	
33.6	-22	0.3748596	
33.6	-20	0.409912	
33.6	-18	0.44706	
33.6	-16	0.486512	
33.6	-14	0.528164	
33.6	-12	0.57208	
33.6	-11	0.59478	
33.6	-10	0.618208	
33.6	-9	0.642032	
33.6	-8	0.666556	
33.6	-7	0.691488	
33.6	-6	0.71702	
33.6	-5	0.743052	
33.6	-4	0.769644	
33.6	-3	0.796788	
33.6	-2	0.82438	
33.6	-1.5	0.838268	
33.6	-1	0.852484	
33.6	-0.5	0.86662	
33.6	0	0.881048	

34.4	-24	0.3530068	
34.4	-22	0.3857604	
34.4	-20	0.420548	
34.4	-18	0.45748	
34.4	-16	0.496476	
34.4	-14	0.537516	
34.4	-12	0.58084	
34.4	-11	0.60322	
34.4	-10	0.626216	
34.4	-9	0.649668	
34.4	-8	0.673664	
34.4	-7	0.698152	
34.4	-6	0.723248	
34.4	-5	0.748792	
34.4	-4	0.774812	
34.4	-3	0.801328	
34.4	-2	0.828368	
34.4	-1.5	0.841968	
34.4	-1	0.8558	
34.4	-0.5	0.86972	
34.4	0	0.883824	

35.2	-24	0.3637532	
35.2	-22	0.3963292	
35.2	-20	0.430912	
35.2	-18	0.467492	
35.2	-16	0.506036	
35.2	-14	0.54666	
35.2	-12	0.589288	
35.2	-11	0.6113	
35.2	-10	0.633848	
35.2	-9	0.656936	
35.2	-8	0.680448	
35.2	-7	0.704592	
35.2	-6	0.729176	
35.2	-5	0.754228	
35.2	-4	0.779756	
35.2	-3	0.805732	
35.2	-2	0.832168	
35.2	-1.5	0.845512	
35.2	-1	0.859076	
35.2	-0.5	0.872604	
35.2	0	0.886424	

36	-24	0.3741972	
36	-22	0.406596	
36	-20	0.44094	
36	-18	0.4771	
36	-16	0.515256	
36	-14	0.555316	
36	-12	0.597344	
36	-11	0.619108	
36	-10	0.641332	
36	-9	0.664036	
36	-8	0.687208	
36	-7	0.710748	
36	-6	0.73494	
36	-5	0.759432	
36	-4	0.784524	
36	-3	0.809916	
36	-2	0.835836	
36	-1.5	0.848904	
36	-1	0.86216	
36	-0.5	0.875404	
36	0	0.888916	

36.8	-24	0.3843056	
36.8	-22	0.416544	
36.8	-20	0.450572	
36.8	-18	0.48642	
36.8	-16	0.524168	
36.8	-14	0.56368	
36.8	-12	0.605152	
36.8	-11	0.626608	
36.8	-10	0.64838	
36.8	-9	0.67076	
36.8	-8	0.693432	
36.8	-7	0.716708	
36.8	-6	0.740384	
36.8	-5	0.764488	
36.8	-4	0.788996	
36.8	-3	0.813984	
36.8	-2	0.839368	
36.8	-1.5	0.85216	
36.8	-1	0.865192	
36.8	-0.5	0.878172	
36.8	0	0.891396	

37.6	-24	0.3941496	
37.6	-22	0.426144	
37.6	-20	0.45994	
37.6	-18	0.495444	
37.6	-16	0.53272	
37.6	-14	0.5718	
37.6	-12	0.61266	
37.6	-11	0.633748	
37.6	-10	0.655176	
37.6	-9	0.677108	
37.6	-8	0.699508	
37.6	-7	0.72238	
37.6	-6	0.745564	
37.6	-5	0.769324	
37.6	-4	0.793444	
37.6	-3	0.817908	
37.6	-2	0.842836	
37.6	-1.5	0.85536	
37.6	-1	0.86808	
37.6	-0.5	0.880832	
37.6	0	0.893792	

38.4	-24	0.403764	
38.4	-22	0.4355	
38.4	-20	0.468944	
38.4	-18	0.504128	
38.4	-16	0.541	
38.4	-14	0.579572	
38.4	-12	0.619792	
38.4	-11	0.640556	
38.4	-10	0.661768	
38.4	-9	0.683384	
38.4	-8	0.705444	
38.4	-7	0.727904	
38.4	-6	0.750724	
38.4	-5	0.77396	
38.4	-4	0.79756	
38.4	-3	0.8216	
38.4	-2	0.845924	
38.4	-1.5	0.858272	
38.4	-1	0.870784	
38.4	-0.5	0.88324	
38.4	0	0.895896	

39.2	-24	0.413076	
39.2	-22	0.444632	
39.2	-20	0.477792	
39.2	-18	0.512544	
39.2	-16	0.548964	
39.2	-14	0.58706	
39.2	-12	0.626756	
39.2	-11	0.64722	
39.2	-10	0.66806	
39.2	-9	0.689308	
39.2	-8	0.710988	
39.2	-7	0.73298	
39.2	-6	0.755472	
39.2	-5	0.778308	
39.2	-4	0.801468	
39.2	-3	0.825076	
39.2	-2	0.84898	
39.2	-1.5	0.861036	
39.2	-1	0.873292	
39.2	-0.5	0.885532	
39.2	0	0.897948	

40	-24	0.42212	
40	-22	0.453444	
40	-20	0.486312	
40	-18	0.520732	
40	-16	0.556732	
40	-14	0.594316	
40	-12	0.633388	
40	-11	0.653544	
40	-10	0.674056	
40	-9	0.695064	
40	-8	0.716304	
40	-7	0.738084	
40	-6	0.760072	
40	-5	0.782524	
40	-4	0.805336	
40	-3	0.828476	
40	-2	0.851924	
40	-1.5	0.86378	
40	-1	0.875804	
40	-0.5	0.887804	
40	0	0.899976	

