0.3	-24	-0.0082172	
0.3	-22	-0.00689128	
0.3	-20	-0.00564552	
0.3	-18	-0.0044906	
0.3	-16	-0.00345094	
0.3	-14	-0.002529792	
0.3	-12	-0.00174018	
0.3	-11	-0.00142538	
0.3	-10	-0.002508692	
0.3	-9	-0.03322436	
0.3	-8	-0.1981652	
0.3	-7	-0.472408	
0.3	-6	-0.779408	
0.3	-5	-1.063428	
0.3	-4	-1.266732	
0.3	-3	-1.329492	
0.3	-2	-1.245996	
0.3	-1.5	-1.159944	
0.3	-1	-1.049556	
0.3	-0.5	-0.92138	
0.3	0	-0.771612	

0.4	-24	-0.003670116	
0.4	-22	-0.003049724	
0.4	-20	-0.002476108	
0.4	-18	-0.00195568	
0.4	-16	-0.00149168	
0.4	-14	-0.001085492	
0.4	-12	-0.000771432	
0.4	-11	-0.001024564	
0.4	-10	-0.00530748	
0.4	-9	-0.0491292	
0.4	-8	-0.212882	
0.4	-7	-0.482116	
0.4	-6	-0.779792	
0.4	-5	-1.057856	
0.4	-4	-1.247588	
0.4	-3	-1.298628	
0.4	-2	-1.208056	
0.4	-1.5	-1.120344	
0.4	-1	-1.010612	
0.4	-0.5	-0.883148	
0.4	0	-0.73726	

0.5	-24	-0.001931744	
0.5	-22	-0.001597672	
0.5	-20	-0.001293676	
0.5	-18	-0.001018232	
0.5	-16	-0.0007738	
0.5	-14	-0.00056502	
0.5	-12	-0.000623696	
0.5	-11	-0.0018608	
0.5	-10	-0.01188964	
0.5	-9	-0.067328	
0.5	-8	-0.2311652	
0.5	-7	-0.489904	
0.5	-6	-0.78172	
0.5	-5	-1.048672	
0.5	-4	-1.22494	
0.5	-3	-1.26568	
0.5	-2	-1.170052	
0.5	-1.5	-1.081368	
0.5	-1	-0.9719	
0.5	-0.5	-0.8487	
0.5	0	-0.706992	

0.6	-24	-0.001131776	
0.6	-22	-0.000932648	
0.6	-20	-0.000752012	
0.6	-18	-0.000588644	
0.6	-16	-0.000445516	
0.6	-14	-0.0003540904	
0.6	-12	-0.000995548	
0.6	-11	-0.00436964	
0.6	-10	-0.02128104	
0.6	-9	-0.0864808	
0.6	-8	-0.2499492	
0.6	-7	-0.501628	
0.6	-6	-0.783092	
0.6	-5	-1.03602	
0.6	-4	-1.198136	
0.6	-3	-1.229236	
0.6	-2	-1.129672	
0.6	-1.5	-1.0425	
0.6	-1	-0.935148	
0.6	-0.5	-0.812516	
0.6	0	-0.674052	

0.7	-24	-0.000719288	
0.7	-22	-0.000592424	
0.7	-20	-0.000476936	
0.7	-18	-0.0003743572	
0.7	-16	-0.000289722	
0.7	-14	-0.0003136176	
0.7	-12	-0.00214156	
0.7	-11	-0.00852564	
0.7	-10	-0.03242784	
0.7	-9	-0.1074948	
0.7	-8	-0.2715856	
0.7	-7	-0.513032	
0.7	-6	-0.783872	
0.7	-5	-1.01948	
0.7	-4	-1.167732	
0.7	-3	-1.190156	
0.7	-2	-1.091556	
0.7	-1.5	-1.004064	
0.7	-1	-0.90084	
0.7	-0.5	-0.780192	
0.7	0	-0.64352	

0.8	-24	-0.00048582	
0.8	-22	-0.0003994932	
0.8	-20	-0.0003222716	
0.8	-18	-0.0002543884	
0.8	-16	-0.0002131576	
0.8	-14	-0.000477588	
0.8	-12	-0.00434104	
0.8	-11	-0.01433816	
0.8	-10	-0.0463052	
0.8	-9	-0.1298188	
0.8	-8	-0.292664	
0.8	-7	-0.524164	
0.8	-6	-0.780532	
0.8	-5	-1.001864	
0.8	-4	-1.136944	
0.8	-3	-1.152316	
0.8	-2	-1.05248	
0.8	-1.5	-0.96732	
0.8	-1	-0.864468	
0.8	-0.5	-0.747572	
0.8	0	-0.613544	

0.9	-24	-0.0003430532	
0.9	-22	-0.0002824364	
0.9	-20	-0.0002281156	
0.9	-18	-0.0001858836	
0.9	-16	-0.0002222604	
0.9	-14	-0.000878336	
0.9	-12	-0.0076342	
0.9	-11	-0.02206316	
0.9	-10	-0.061332	
0.9	-9	-0.1517988	
0.9	-8	-0.3145396	
0.9	-7	-0.537372	
0.9	-6	-0.775656	
0.9	-5	-0.982824	
0.9	-4	-1.10412	
0.9	-3	-1.111176	
0.9	-2	-1.010636	
0.9	-1.5	-0.928908	
0.9	-1	-0.830364	
0.9	-0.5	-0.716532	
0.9	0	-0.583312	

1	-24	-0.0002505624	
1	-22	-0.0002064856	
1	-20	-0.0001691044	
1	-18	-0.0001597424	
1	-16	-0.0003178348	
1	-14	-0.001646332	
1	-12	-0.01206672	
1	-11	-0.0316574	
1	-10	-0.0773792	
1	-9	-0.174828	
1	-8	-0.3331284	
1	-7	-0.545112	
1	-6	-0.77336	
1	-5	-0.962544	
1	-4	-1.070612	
1	-3	-1.072776	
1	-2	-0.974188	
1	-1.5	-0.893652	
1	-1	-0.796816	
1	-0.5	-0.68298	
1	0	-0.550728	

1.2	-24	-0.000146422	
1.2	-22	-0.0001255408	
1.2	-20	-0.0001273452	
1.2	-18	-0.0002578488	
1.2	-16	-0.00094644	
1.2	-14	-0.0047858	
1.2	-12	-0.02473088	
1.2	-11	-0.0542292	
1.2	-10	-0.1118752	
1.2	-9	-0.21645	
1.2	-8	-0.371226	
1.2	-7	-0.563236	
1.2	-6	-0.760832	
1.2	-5	-0.918848	
1.2	-4	-1.002744	
1.2	-3	-0.994684	
1.2	-2	-0.898348	
1.2	-1.5	-0.822132	
1.2	-1	-0.727304	
1.2	-0.5	-0.61576	
1.2	0	-0.485672	

1.4	-24	-9.93724e-05	
1.4	-22	-0.0001091144	
1.4	-20	-0.0002096244	
1.4	-18	-0.000663136	
1.4	-16	-0.002615164	
1.4	-14	-0.01058256	
1.4	-12	-0.0418776	
1.4	-11	-0.0803676	
1.4	-10	-0.1476396	
1.4	-9	-0.2547248	
1.4	-8	-0.401016	
1.4	-7	-0.572708	
1.4	-6	-0.740808	
1.4	-5	-0.871256	
1.4	-4	-0.93622	
1.4	-3	-0.919996	
1.4	-2	-0.82478	
1.4	-1.5	-0.7494	
1.4	-1	-0.657904	
1.4	-0.5	-0.54752	
1.4	0	-0.41626	

1.6	-24	-9.69964e-05	
1.6	-22	-0.0001794148	
1.6	-20	-0.000487036	
1.6	-18	-0.001612436	
1.6	-16	-0.00560872	
1.6	-14	-0.0191238	
1.6	-12	-0.0617084	
1.6	-11	-0.1082672	
1.6	-10	-0.1817956	
1.6	-9	-0.2869392	
1.6	-8	-0.423184	
1.6	-7	-0.575372	
1.6	-6	-0.717928	
1.6	-5	-0.824312	
1.6	-4	-0.871948	
1.6	-3	-0.847508	
1.6	-2	-0.751648	
1.6	-1.5	-0.677812	
1.6	-1	-0.586576	
1.6	-0.5	-0.475472	
1.6	0	-0.345886	

1.8	-24	-0.0001671648	
1.8	-22	-0.000405224	
1.8	-20	-0.001124368	
1.8	-18	-0.003350164	
1.8	-16	-0.01005556	
1.8	-14	-0.02976452	
1.8	-12	-0.0834696	
1.8	-11	-0.1361132	
1.8	-10	-0.2116604	
1.8	-9	-0.3150868	
1.8	-8	-0.438796	
1.8	-7	-0.571912	
1.8	-6	-0.692468	
1.8	-5	-0.77712	
1.8	-4	-0.809196	
1.8	-3	-0.776576	
1.8	-2	-0.678896	
1.8	-1.5	-0.604864	
1.8	-1	-0.512884	
1.8	-0.5	-0.402992	
1.8	0	-0.2727568	

2	-24	-0.0003253428	
2	-22	-0.000845136	
2	-20	-0.002237656	
2	-18	-0.00617012	
2	-16	-0.01601908	
2	-14	-0.042606	
2	-12	-0.1061664	
2	-11	-0.1622596	
2	-10	-0.239086	
2	-9	-0.3366968	
2	-8	-0.448144	
2	-7	-0.564128	
2	-6	-0.664904	
2	-5	-0.73102	
2	-4	-0.748932	
2	-3	-0.709636	
2	-2	-0.607144	
2	-1.5	-0.53206	
2	-1	-0.440168	
2	-0.5	-0.3303944	
2	0	-0.20102	

2.2	-24	-0.001274604	
2.2	-22	-0.002098648	
2.2	-20	-0.00441452	
2.2	-18	-0.01015212	
2.2	-16	-0.02393732	
2.2	-14	-0.0567732	
2.2	-12	-0.127374	
2.2	-11	-0.1861516	
2.2	-10	-0.2608572	
2.2	-9	-0.353214	
2.2	-8	-0.452828	
2.2	-7	-0.551844	
2.2	-6	-0.634596	
2.2	-5	-0.685076	
2.2	-4	-0.690136	
2.2	-3	-0.643132	
2.2	-2	-0.537544	
2.2	-1.5	-0.461776	
2.2	-1	-0.3692124	
2.2	-0.5	-0.2594968	
2.2	0	-0.1309148	

2.4	-24	-0.001704312	
2.4	-22	-0.003198344	
2.4	-20	-0.00667108	
2.4	-18	-0.01479388	
2.4	-16	-0.03261884	
2.4	-14	-0.0714336	
2.4	-12	-0.1481016	
2.4	-11	-0.207084	
2.4	-10	-0.2791056	
2.4	-9	-0.3639656	
2.4	-8	-0.452308	
2.4	-7	-0.536916	
2.4	-6	-0.603608	
2.4	-5	-0.63916	
2.4	-4	-0.633568	
2.4	-3	-0.579128	
2.4	-2	-0.470124	
2.4	-1.5	-0.392888	
2.4	-1	-0.2994376	
2.4	-0.5	-0.1899944	
2.4	0	-0.0631868	

2.6	-24	-0.002491612	
2.6	-22	-0.0047984	
2.6	-20	-0.00981116	
2.6	-18	-0.02035832	
2.6	-16	-0.0422792	
2.6	-14	-0.0861208	
2.6	-12	-0.167248	
2.6	-11	-0.2241224	
2.6	-10	-0.2928968	
2.6	-9	-0.3702824	
2.6	-8	-0.447816	
2.6	-7	-0.518744	
2.6	-6	-0.571652	
2.6	-5	-0.594268	
2.6	-4	-0.579056	
2.6	-3	-0.516832	
2.6	-2	-0.404044	
2.6	-1.5	-0.3260972	
2.6	-1	-0.2323668	
2.6	-0.5	-0.1231596	
2.6	0	0.00235386	

2.8	-24	-0.003570296	
2.8	-22	-0.0067964	
2.8	-20	-0.013557	
2.8	-18	-0.0269416	
2.8	-16	-0.0527528	
2.8	-14	-0.1011436	
2.8	-12	-0.1834764	
2.8	-11	-0.2396244	
2.8	-10	-0.3034416	
2.8	-9	-0.3724768	
2.8	-8	-0.43982	
2.8	-7	-0.499412	
2.8	-6	-0.538716	
2.8	-5	-0.550792	
2.8	-4	-0.525512	
2.8	-3	-0.457524	
2.8	-2	-0.3402852	
2.8	-1.5	-0.2615472	
2.8	-1	-0.1686292	
2.8	-0.5	-0.060724	
2.8	0	0.0627596	

3	-24	-0.00506524	
3	-22	-0.00943232	
3	-20	-0.01803072	
3	-18	-0.03385448	
3	-16	-0.0633848	
3	-14	-0.1153448	
3	-12	-0.1973972	
3	-11	-0.2502596	
3	-10	-0.310352	
3	-9	-0.3712204	
3	-8	-0.429816	
3	-7	-0.478096	
3	-6	-0.506272	
3	-5	-0.507736	
3	-4	-0.474224	
3	-3	-0.400108	
3	-2	-0.279396	
3	-1.5	-0.1992792	
3	-1	-0.1065088	
3	-0.5	0.0001877356	
3	0	0.1221348	

3.2	-24	-0.00689864	
3.2	-22	-0.0126456	
3.2	-20	-0.02300812	
3.2	-18	-0.0417592	
3.2	-16	-0.0743404	
3.2	-14	-0.128044	
3.2	-12	-0.2094948	
3.2	-11	-0.259046	
3.2	-10	-0.3135408	
3.2	-9	-0.367134	
3.2	-8	-0.417676	
3.2	-7	-0.454952	
3.2	-6	-0.47332	
3.2	-5	-0.464956	
3.2	-4	-0.42372	
3.2	-3	-0.3443128	
3.2	-2	-0.2208008	
3.2	-1.5	-0.1406748	
3.2	-1	-0.0482656	
3.2	-0.5	0.0575848	
3.2	0	0.1765324	

3.4	-24	-0.00915816	
3.4	-22	-0.0161802	
3.4	-20	-0.02856708	
3.4	-18	-0.0497372	
3.4	-16	-0.0848632	
3.4	-14	-0.140146	
3.4	-12	-0.2186472	
3.4	-11	-0.2645664	
3.4	-10	-0.314014	
3.4	-9	-0.3603964	
3.4	-8	-0.40186	
3.4	-7	-0.430352	
3.4	-6	-0.439508	
3.4	-5	-0.423476	
3.4	-4	-0.376066	
3.4	-3	-0.2908648	
3.4	-2	-0.16412	
3.4	-1.5	-0.0839596	
3.4	-1	0.00818904	
3.4	-0.5	0.1121592	
3.4	0	0.2292568	

3.6	-24	-0.01180472	
3.6	-22	-0.02016132	
3.6	-20	-0.03431736	
3.6	-18	-0.0576364	
3.6	-16	-0.0949172	
3.6	-14	-0.1504456	
3.6	-12	-0.2256172	
3.6	-11	-0.2684816	
3.6	-10	-0.312068	
3.6	-9	-0.3521636	
3.6	-8	-0.3851704	
3.6	-7	-0.4052	
3.6	-6	-0.406668	
3.6	-5	-0.3824624	
3.6	-4	-0.3286988	
3.6	-3	-0.2394128	
3.6	-2	-0.1109584	
3.6	-1.5	-0.03023876	
3.6	-1	0.0609	
3.6	-0.5	0.1638076	
3.6	0	0.2787396	

3.8	-24	-0.01481732	
3.8	-22	-0.02466924	
3.8	-20	-0.04042	
3.8	-18	-0.0657048	
3.8	-16	-0.1043756	
3.8	-14	-0.1600008	
3.8	-12	-0.2305836	
3.8	-11	-0.2699348	
3.8	-10	-0.3074236	
3.8	-9	-0.341672	
3.8	-8	-0.3675236	
3.8	-7	-0.3801892	
3.8	-6	-0.3732636	
3.8	-5	-0.3427172	
3.8	-4	-0.283212	
3.8	-3	-0.1904252	
3.8	-2	-0.060514	
3.8	-1.5	0.02006496	
3.8	-1	0.1106876	
3.8	-0.5	0.2124548	
3.8	0	0.3253628	

4	-24	-0.01803296	
4	-22	-0.02906968	
4	-20	-0.04647	
4	-18	-0.0737428	
4	-16	-0.1127944	
4	-14	-0.1676316	
4	-12	-0.2340444	
4	-11	-0.2693672	
4	-10	-0.3020904	
4	-9	-0.3298148	
4	-8	-0.3485064	
4	-7	-0.354184	
4	-6	-0.3404008	
4	-5	-0.3041788	
4	-4	-0.2395988	
4	-3	-0.1436932	
4	-2	-0.01209588	
4	-1.5	0.0683196	
4	-1	0.158328	
4	-0.5	0.2583104	
4	0	0.3689072	

4.2	-24	-0.02155972	
4.2	-22	-0.03398668	
4.2	-20	-0.05284	
4.2	-18	-0.0810892	
4.2	-16	-0.121014	
4.2	-14	-0.1738556	
4.2	-12	-0.2353076	
4.2	-11	-0.2661856	
4.2	-10	-0.2939452	
4.2	-9	-0.3164668	
4.2	-8	-0.3287124	
4.2	-7	-0.3277132	
4.2	-6	-0.308244	
4.2	-5	-0.266094	
4.2	-4	-0.197454	
4.2	-3	-0.0983	
4.2	-2	0.03430076	
4.2	-1.5	0.1139224	
4.2	-1	0.2029968	
4.2	-0.5	0.301544	
4.2	0	0.409328	

4.4	-24	-0.0252568	
4.4	-22	-0.03890452	
4.4	-20	-0.0589784	
4.4	-18	-0.088376	
4.4	-16	-0.12769	
4.4	-14	-0.1783644	
4.4	-12	-0.2349384	
4.4	-11	-0.2619984	
4.4	-10	-0.2848488	
4.4	-9	-0.3019108	
4.4	-8	-0.3085676	
4.4	-7	-0.30091	
4.4	-6	-0.2759444	
4.4	-5	-0.2290428	
4.4	-4	-0.1564624	
4.4	-3	-0.055094	
4.4	-2	0.0778516	
4.4	-1.5	0.1567228	
4.4	-1	0.2450848	
4.4	-0.5	0.3418552	
4.4	0	0.447664	

4.6	-24	-0.0291062	
4.6	-22	-0.0439296	
4.6	-20	-0.064972	
4.6	-18	-0.0946136	
4.6	-16	-0.1338036	
4.6	-14	-0.18172	
4.6	-12	-0.232996	
4.6	-11	-0.256002	
4.6	-10	-0.2743172	
4.6	-9	-0.2864984	
4.6	-8	-0.2874088	
4.6	-7	-0.2745264	
4.6	-6	-0.244202	
4.6	-5	-0.1928832	
4.6	-4	-0.117354	
4.6	-3	-0.01380116	
4.6	-2	0.1198136	
4.6	-1.5	0.1978728	
4.6	-1	0.2847408	
4.6	-0.5	0.3795584	
4.6	0	0.483268	

4.8	-24	-0.03322588	
4.8	-22	-0.0487808	
4.8	-20	-0.07085	
4.8	-18	-0.1006424	
4.8	-16	-0.138768	
4.8	-14	-0.1838864	
4.8	-12	-0.2295696	
4.8	-11	-0.2488304	
4.8	-10	-0.2627344	
4.8	-9	-0.2697272	
4.8	-8	-0.2658044	
4.8	-7	-0.2479308	
4.8	-6	-0.2131568	
4.8	-5	-0.1578468	
4.8	-4	-0.0793692	
4.8	-3	0.02576848	
4.8	-2	0.1596828	
4.8	-1.5	0.2372676	
4.8	-1	0.3228488	
4.8	-0.5	0.415972	
4.8	0	0.517724	

5	-24	-0.03733452	
5	-22	-0.0537368	
5	-20	-0.0761312	
5	-18	-0.1063036	
5	-16	-0.143282	
5	-14	-0.1849324	
5	-12	-0.224868	
5	-11	-0.2405232	
5	-10	-0.2501232	
5	-9	-0.2526264	
5	-8	-0.2440812	
5	-7	-0.2215036	
5	-6	-0.1826428	
5	-5	-0.1236536	
5	-4	-0.0423328	
5	-3	0.0636072	
5	-2	0.1969536	
5	-1.5	0.2745048	
5	-1	0.35924	
5	-0.5	0.451012	
5	0	0.550824	

5.2	-24	-0.0412828	
5.2	-22	-0.0582364	
5.2	-20	-0.0815156	
5.2	-18	-0.110758	
5.2	-16	-0.1464196	
5.2	-14	-0.1845272	
5.2	-12	-0.2189704	
5.2	-11	-0.2309968	
5.2	-10	-0.2366764	
5.2	-9	-0.2348552	
5.2	-8	-0.2220484	
5.2	-7	-0.1953904	
5.2	-6	-0.1525056	
5.2	-5	-0.0902692	
5.2	-4	-0.00679368	
5.2	-3	0.100214	
5.2	-2	0.2331648	
5.2	-1.5	0.3098268	
5.2	-1	0.3930296	
5.2	-0.5	0.483224	
5.2	0	0.580128	

5.4	-24	-0.0452712	
5.4	-22	-0.0627884	
5.4	-20	-0.0861964	
5.4	-18	-0.1148532	
5.4	-16	-0.1487092	
5.4	-14	-0.1831732	
5.4	-12	-0.2120936	
5.4	-11	-0.2206024	
5.4	-10	-0.2226828	
5.4	-9	-0.2166972	
5.4	-8	-0.1997924	
5.4	-7	-0.1696748	
5.4	-6	-0.1231876	
5.4	-5	-0.0580756	
5.4	-4	0.02718004	
5.4	-3	0.1352188	
5.4	-2	0.2672592	
5.4	-1.5	0.3429584	
5.4	-1	0.424852	
5.4	-0.5	0.51336	
5.4	0	0.608528	

5.6	-24	-0.0491748	
5.6	-22	-0.0672388	
5.6	-20	-0.0902608	
5.6	-18	-0.118016	
5.6	-16	-0.1499156	
5.6	-14	-0.1806508	
5.6	-12	-0.204248	
5.6	-11	-0.2096488	
5.6	-10	-0.2080564	
5.6	-9	-0.198458	
5.6	-8	-0.1775804	
5.6	-7	-0.14392	
5.6	-6	-0.0943196	
5.6	-5	-0.027371	
5.6	-4	0.0600268	
5.6	-3	0.1680964	
5.6	-2	0.3003176	
5.6	-1.5	0.3748252	
5.6	-1	0.455732	
5.6	-0.5	0.542448	
5.6	0	0.635644	

5.8	-24	-0.0528404	
5.8	-22	-0.0712232	
5.8	-20	-0.0937916	
5.8	-18	-0.1208184	
5.8	-16	-0.1502696	
5.8	-14	-0.1775524	
5.8	-12	-0.1955308	
5.8	-11	-0.1979828	
5.8	-10	-0.192936	
5.8	-9	-0.1796204	
5.8	-8	-0.1557452	
5.8	-7	-0.1185164	
5.8	-6	-0.0659564	
5.8	-5	0.00294596	
5.8	-4	0.0915044	
5.8	-3	0.2007836	
5.8	-2	0.3314584	
5.8	-1.5	0.405152	
5.8	-1	0.48482	
5.8	-0.5	0.56966	
5.8	0	0.660844	

6	-24	-0.0566368	
6	-22	-0.0747404	
6	-20	-0.0972332	
6	-18	-0.1227976	
6	-16	-0.149732	
6	-14	-0.1731796	
6	-12	-0.1862484	
6	-11	-0.1853892	
6	-10	-0.1772412	
6	-9	-0.1608256	
6	-8	-0.1334492	
6	-7	-0.0936992	
6	-6	-0.03867296	
6	-5	0.03239228	
6	-4	0.1218356	
6	-3	0.2308572	
6	-2	0.36078	
6	-1.5	0.434324	
6	-1	0.512372	
6	-0.5	0.59616	
6	0	0.685372	

6.2	-24	-0.0599732	
6.2	-22	-0.0784212	
6.2	-20	-0.100078	
6.2	-18	-0.124262	
6.2	-16	-0.1485612	
6.2	-14	-0.16833	
6.2	-12	-0.1762812	
6.2	-11	-0.1725396	
6.2	-10	-0.1614204	
6.2	-9	-0.1418468	
6.2	-8	-0.1116056	
6.2	-7	-0.0690664	
6.2	-6	-0.01207	
6.2	-5	0.0609868	
6.2	-4	0.151338	
6.2	-3	0.2605592	
6.2	-2	0.3892288	
6.2	-1.5	0.461752	
6.2	-1	0.53876	
6.2	-0.5	0.620644	
6.2	0	0.708164	

6.4	-24	-0.0631452	
6.4	-22	-0.0814136	
6.4	-20	-0.1022676	
6.4	-18	-0.1251304	
6.4	-16	-0.146682	
6.4	-14	-0.162742	
6.4	-12	-0.1656004	
6.4	-11	-0.1591396	
6.4	-10	-0.1452072	
6.4	-9	-0.1228328	
6.4	-8	-0.0898576	
6.4	-7	-0.0446444	
6.4	-6	0.0139056	
6.4	-5	0.0886524	
6.4	-4	0.17964	
6.4	-3	0.2887832	
6.4	-2	0.41672	
6.4	-1.5	0.487948	
6.4	-1	0.563856	
6.4	-0.5	0.644332	
6.4	0	0.729972	

6.6	-24	-0.066254	
6.6	-22	-0.0840192	
6.6	-20	-0.1040032	
6.6	-18	-0.1253036	
6.6	-16	-0.1439332	
6.6	-14	-0.1562904	
6.6	-12	-0.1544672	
6.6	-11	-0.1453916	
6.6	-10	-0.128906	
6.6	-9	-0.1038596	
6.6	-8	-0.0683368	
6.6	-7	-0.02106344	
6.6	-6	0.0396778	
6.6	-5	0.11517	
6.6	-4	0.2067976	
6.6	-3	0.3158528	
6.6	-2	0.442756	
6.6	-1.5	0.512708	
6.6	-1	0.587424	
6.6	-0.5	0.66676	
6.6	0	0.75052	

6.8	-24	-0.068918	
6.8	-22	-0.0861	
6.8	-20	-0.1050988	
6.8	-18	-0.1245908	
6.8	-16	-0.1407052	
6.8	-14	-0.1493976	
6.8	-12	-0.142898	
6.8	-11	-0.1315136	
6.8	-10	-0.1122784	
6.8	-9	-0.0849328	
6.8	-8	-0.047046	
6.8	-7	0.001869884	
6.8	-6	0.0643548	
6.8	-5	0.1411156	
6.8	-4	0.23336	
6.8	-3	0.3416044	
6.8	-2	0.467048	
6.8	-1.5	0.536296	
6.8	-1	0.609924	
6.8	-0.5	0.688132	
6.8	0	0.770384	

7	-24	-0.0712616	
7	-22	-0.087926	
7	-20	-0.1057916	
7	-18	-0.12332	
7	-16	-0.1366352	
7	-14	-0.1419132	
7	-12	-0.1309532	
7	-11	-0.1171296	
7	-10	-0.0958052	
7	-9	-0.0656048	
7	-8	-0.02611932	
7	-7	0.02478756	
7	-6	0.0886248	
7	-5	0.1659888	
7	-4	0.25851	
7	-3	0.366546	
7	-2	0.49094	
7	-1.5	0.559096	
7	-1	0.631684	
7	-0.5	0.70784	
7	0	0.788672	

7.2	-24	-0.0734276	
7.2	-22	-0.0894924	
7.2	-20	-0.1060176	
7.2	-18	-0.1214468	
7.2	-16	-0.1322732	
7.2	-14	-0.1337832	
7.2	-12	-0.1185912	
7.2	-11	-0.1027216	
7.2	-10	-0.0790604	
7.2	-9	-0.0469884	
7.2	-8	-0.00529552	
7.2	-7	0.0472984	
7.2	-6	0.1124176	
7.2	-5	0.1905292	
7.2	-4	0.283008	
7.2	-3	0.390386	
7.2	-2	0.513576	
7.2	-1.5	0.5808	
7.2	-1	0.652604	
7.2	-0.5	0.727524	
7.2	0	0.807072	

7.4	-24	-0.0753616	
7.4	-22	-0.0904808	
7.4	-20	-0.1058592	
7.4	-18	-0.1191808	
7.4	-16	-0.1271044	
7.4	-14	-0.1250752	
7.4	-12	-0.1061296	
7.4	-11	-0.0881208	
7.4	-10	-0.0622884	
7.4	-9	-0.02861924	
7.4	-8	0.015188	
7.4	-7	0.0694348	
7.4	-6	0.1349468	
7.4	-5	0.2141636	
7.4	-4	0.306618	
7.4	-3	0.413756	
7.4	-2	0.535444	
7.4	-1.5	0.601764	
7.4	-1	0.672248	
7.4	-0.5	0.746044	
7.4	0	0.823888	

7.6	-24	-0.0769408	
7.6	-22	-0.0911972	
7.6	-20	-0.1051304	
7.6	-18	-0.1163852	
7.6	-16	-0.1215876	
7.6	-14	-0.1161268	
7.6	-12	-0.093256	
7.6	-11	-0.0732792	
7.6	-10	-0.0457084	
7.6	-9	-0.01010504	
7.6	-8	0.0353022	
7.6	-7	0.0907576	
7.6	-6	0.1574916	
7.6	-5	0.2370976	
7.6	-4	0.3293416	
7.6	-3	0.43574	
7.6	-2	0.555876	
7.6	-1.5	0.62136	
7.6	-1	0.690372	
7.6	-0.5	0.763332	
7.6	0	0.839812	

7.8	-24	-0.0780852	
7.8	-22	-0.0915012	
7.8	-20	-0.103958	
7.8	-18	-0.1131964	
7.8	-16	-0.1156656	
7.8	-14	-0.1069388	
7.8	-12	-0.0804904	
7.8	-11	-0.0582752	
7.8	-10	-0.02929868	
7.8	-9	0.00810568	
7.8	-8	0.0550224	
7.8	-7	0.1116348	
7.8	-6	0.1796912	
7.8	-5	0.2592624	
7.8	-4	0.3518924	
7.8	-3	0.457432	
7.8	-2	0.5768	
7.8	-1.5	0.64118	
7.8	-1	0.7097	
7.8	-0.5	0.7807	
7.8	0	0.8557	

8	-24	-0.0788964	
8	-22	-0.0914324	
8	-20	-0.1023776	
8	-18	-0.1094248	
8	-16	-0.109266	
8	-14	-0.0971956	
8	-12	-0.067398	
8	-11	-0.0435532	
8	-10	-0.01272544	
8	-9	0.02626136	
8	-8	0.0746848	
8	-7	0.1323888	
8	-6	0.200862	
8	-5	0.2805472	
8	-4	0.3730856	
8	-3	0.47794	
8	-2	0.59616	
8	-1.5	0.659716	
8	-1	0.727128	
8	-0.5	0.797096	
8	0	0.871032	

8.2	-24	-0.0795296	
8.2	-22	-0.0907428	
8.2	-20	-0.100396	
8.2	-18	-0.1052848	
8.2	-16	-0.1025336	
8.2	-14	-0.0872592	
8.2	-12	-0.0541444	
8.2	-11	-0.0287998	
8.2	-10	0.00363036	
8.2	-9	0.0441644	
8.2	-8	0.0933576	
8.2	-7	0.1526596	
8.2	-6	0.2214692	
8.2	-5	0.3017124	
8.2	-4	0.3935852	
8.2	-3	0.49792	
8.2	-2	0.614032	
8.2	-1.5	0.676968	
8.2	-1	0.743072	
8.2	-0.5	0.812096	
8.2	0	0.88448	

8.4	-24	-0.0797632	
8.4	-22	-0.089882	
8.4	-20	-0.0977796	
8.4	-18	-0.1006052	
8.4	-16	-0.0953796	
8.4	-14	-0.0771544	
8.4	-12	-0.0407888	
8.4	-11	-0.01383536	
8.4	-10	0.01989532	
8.4	-9	0.0618056	
8.4	-8	0.1121	
8.4	-7	0.1720768	
8.4	-6	0.2417224	
8.4	-5	0.3221868	
8.4	-4	0.413644	
8.4	-3	0.516928	
8.4	-2	0.632212	
8.4	-1.5	0.694336	
8.4	-1	0.759448	
8.4	-0.5	0.827268	
8.4	0	0.898172	

8.6	-24	-0.0797816	
8.6	-22	-0.0887768	
8.6	-20	-0.0949492	
8.6	-18	-0.0956568	
8.6	-16	-0.0878816	
8.6	-14	-0.0668152	
8.6	-12	-0.0274078	
8.6	-11	0.000892708	
8.6	-10	0.03611648	
8.6	-9	0.0792008	
8.6	-8	0.1303248	
8.6	-7	0.1910976	
8.6	-6	0.2612288	
8.6	-5	0.3416088	
8.6	-4	0.433124	
8.6	-3	0.53538	
8.6	-2	0.649028	
8.6	-1.5	0.710188	
8.6	-1	0.774124	
8.6	-0.5	0.841024	
8.6	0	0.910812	

8.8	-24	-0.0793652	
8.8	-22	-0.0870836	
8.8	-20	-0.0917084	
8.8	-18	-0.0903304	
8.8	-16	-0.0799884	
8.8	-14	-0.0562136	
8.8	-12	-0.01411532	
8.8	-11	0.01557316	
8.8	-10	0.0522732	
8.8	-9	0.0962092	
8.8	-8	0.1484844	
8.8	-7	0.2095128	
8.8	-6	0.2803988	
8.8	-5	0.3608076	
8.8	-4	0.45174	
8.8	-3	0.553456	
8.8	-2	0.666032	
8.8	-1.5	0.726476	
8.8	-1	0.789492	
8.8	-0.5	0.85492	
8.8	0	0.92358	

9	-24	-0.0787548	
9	-22	-0.0852104	
9	-20	-0.0880532	
9	-18	-0.0847228	
9	-16	-0.0719744	
9	-14	-0.0455032	
9	-12	-0.00070506	
9	-11	0.03017664	
9	-10	0.0680696	
9	-9	0.11294	
9	-8	0.1662	
9	-7	0.227874	
9	-6	0.2991024	
9	-5	0.3796944	
9	-4	0.469904	
9	-3	0.570408	
9	-2	0.682248	
9	-1.5	0.74208	
9	-1	0.804076	
9	-0.5	0.868956	
9	0	0.936264	

9.2	-24	-0.0778132	
9.2	-22	-0.0831436	
9.2	-20	-0.0842708	
9.2	-18	-0.0787768	
9.2	-16	-0.063626	
9.2	-14	-0.03459196	
9.2	-12	0.01262424	
9.2	-11	0.04493	
9.2	-10	0.0837152	
9.2	-9	0.1296564	
9.2	-8	0.183668	
9.2	-7	0.2457808	
9.2	-6	0.3167864	
9.2	-5	0.3974936	
9.2	-4	0.487516	
9.2	-3	0.587512	
9.2	-2	0.697328	
9.2	-1.5	0.755884	
9.2	-1	0.817588	
9.2	-0.5	0.881232	
9.2	0	0.947796	

9.4	-24	-0.0766116	
9.4	-22	-0.0805236	
9.4	-20	-0.0799832	
9.4	-18	-0.0725676	
9.4	-16	-0.0552008	
9.4	-14	-0.0237492	
9.4	-12	0.02596424	
9.4	-11	0.0594832	
9.4	-10	0.099268	
9.4	-9	0.1459688	
9.4	-8	0.2006224	
9.4	-7	0.263142	
9.4	-6	0.3343124	
9.4	-5	0.414868	
9.4	-4	0.504352	
9.4	-3	0.603464	
9.4	-2	0.712264	
9.4	-1.5	0.770452	
9.4	-1	0.830856	
9.4	-0.5	0.893504	
9.4	0	0.958584	

9.6	-24	-0.0750952	
9.6	-22	-0.0776264	
9.6	-20	-0.0754284	
9.6	-18	-0.0659492	
9.6	-16	-0.0463608	
9.6	-14	-0.01247692	
9.6	-12	0.03949076	
9.6	-11	0.0739672	
9.6	-10	0.1145636	
9.6	-9	0.1622288	
9.6	-8	0.2172796	
9.6	-7	0.2802084	
9.6	-6	0.3513336	
9.6	-5	0.431452	
9.6	-4	0.520972	
9.6	-3	0.619708	
9.6	-2	0.727108	
9.6	-1.5	0.784284	
9.6	-1	0.843648	
9.6	-0.5	0.905388	
9.6	0	0.969352	

9.8	-24	-0.0732372	
9.8	-22	-0.0745088	
9.8	-20	-0.0706488	
9.8	-18	-0.0593468	
9.8	-16	-0.03759568	
9.8	-14	-0.001496856	
9.8	-12	0.0527912	
9.8	-11	0.0882104	
9.8	-10	0.1296188	
9.8	-9	0.1781436	
9.8	-8	0.2334768	
9.8	-7	0.296956	
9.8	-6	0.3681208	
9.8	-5	0.447888	
9.8	-4	0.536432	
9.8	-3	0.633876	
9.8	-2	0.74062	
9.8	-1.5	0.79766	
9.8	-1	0.85592	
9.8	-0.5	0.917436	
9.8	0	0.980188	

10	-24	-0.0710812	
10	-22	-0.0711444	
10	-20	-0.0656756	
10	-18	-0.05234	
10	-16	-0.02863012	
10	-14	0.00971912	
10	-12	0.0661336	
10	-11	0.102244	
10	-10	0.144656	
10	-9	0.1936756	
10	-8	0.2496264	
10	-7	0.3131864	
10	-6	0.3847336	
10	-5	0.463884	
10	-4	0.551372	
10	-3	0.648388	
10	-2	0.753544	
10	-1.5	0.809252	
10	-1	0.867292	
10	-0.5	0.9278	
10	0	0.989428	

10.2	-24	-0.068714	
10.2	-22	-0.06745	
10.2	-20	-0.0603668	
10.2	-18	-0.0452376	
10.2	-16	-0.01945516	
10.2	-14	0.02093148	
10.2	-12	0.0792112	
10.2	-11	0.116144	
10.2	-10	0.1593652	
10.2	-9	0.2090472	
10.2	-8	0.2652464	
10.2	-7	0.3291796	
10.2	-6	0.400372	
10.2	-5	0.479612	
10.2	-4	0.566912	
10.2	-3	0.662244	
10.2	-2	0.766156	
10.2	-1.5	0.821108	
10.2	-1	0.87834	
10.2	-0.5	0.937524	
10.2	0	0.998868	

10.4	-24	-0.0662408	
10.4	-22	-0.063534	
10.4	-20	-0.0548984	
10.4	-18	-0.03794224	
10.4	-16	-0.0101068	
10.4	-14	0.03223016	
10.4	-12	0.092164	
10.4	-11	0.1299784	
10.4	-10	0.1739336	
10.4	-9	0.2239488	
10.4	-8	0.2807552	
10.4	-7	0.344566	
10.4	-6	0.41576	
10.4	-5	0.495084	
10.4	-4	0.5815	
10.4	-3	0.6762	
10.4	-2	0.778848	
10.4	-1.5	0.833252	
10.4	-1	0.889304	
10.4	-0.5	0.947492	
10.4	0	1.007692	

10.6	-24	-0.0634568	
10.6	-22	-0.0593796	
10.6	-20	-0.0492192	
10.6	-18	-0.0304656	
10.6	-16	-0.000738868	
10.6	-14	0.0433764	
10.6	-12	0.1051668	
10.6	-11	0.1436908	
10.6	-10	0.1881512	
10.6	-9	0.238622	
10.6	-8	0.2958708	
10.6	-7	0.3595836	
10.6	-6	0.430648	
10.6	-5	0.50928	
10.6	-4	0.595664	
10.6	-3	0.68934	
10.6	-2	0.791316	
10.6	-1.5	0.844908	
10.6	-1	0.900484	
10.6	-0.5	0.957816	
10.6	0	1.017312	

10.8	-24	-0.060414	
10.8	-22	-0.0549992	
10.8	-20	-0.0433056	
10.8	-18	-0.02275292	
10.8	-16	0.0087206	
10.8	-14	0.0546576	
10.8	-12	0.1179888	
10.8	-11	0.1574048	
10.8	-10	0.202146	
10.8	-9	0.2531356	
10.8	-8	0.31044	
10.8	-7	0.3745212	
10.8	-6	0.445228	
10.8	-5	0.523772	
10.8	-4	0.609452	
10.8	-3	0.702728	
10.8	-2	0.802768	
10.8	-1.5	0.855716	
10.8	-1	0.910472	
10.8	-0.5	0.966788	
10.8	0	1.025124	

11	-24	-0.0571844	
11	-22	-0.0503728	
11	-20	-0.03719656	
11	-18	-0.01500076	
11	-16	0.0182584	
11	-14	0.0658216	
11	-12	0.1307416	
11	-11	0.170722	
11	-10	0.2162164	
11	-9	0.2674108	
11	-8	0.325076	
11	-7	0.3891348	
11	-6	0.459548	
11	-5	0.537124	
11	-4	0.622436	
11	-3	0.71448	
11	-2	0.814188	
11	-1.5	0.86658	
11	-1	0.920604	
11	-0.5	0.976544	
11	0	1.034252	

11.2	-24	-0.0536548	
11.2	-22	-0.045604	
11.2	-20	-0.03095888	
11.2	-18	-0.00711116	
11.2	-16	0.02784296	
11.2	-14	0.07694	
11.2	-12	0.1432668	
11.2	-11	0.1838848	
11.2	-10	0.2296444	
11.2	-9	0.2814932	
11.2	-8	0.3391012	
11.2	-7	0.403236	
11.2	-6	0.473944	
11.2	-5	0.550612	
11.2	-4	0.634856	
11.2	-3	0.726296	
11.2	-2	0.82456	
11.2	-1.5	0.876464	
11.2	-1	0.9296	
11.2	-0.5	0.984548	
11.2	0	1.041048	

11.4	-24	-0.0500008	
11.4	-22	-0.0405636	
11.4	-20	-0.0245156	
11.4	-18	0.000880424	
11.4	-16	0.0374564	
11.4	-14	0.0880844	
11.4	-12	0.1556896	
11.4	-11	0.1969036	
11.4	-10	0.243354	
11.4	-9	0.2952612	
11.4	-8	0.3530616	
11.4	-7	0.417224	
11.4	-6	0.487588	
11.4	-5	0.564544	
11.4	-4	0.64736	
11.4	-3	0.737612	
11.4	-2	0.834748	
11.4	-1.5	0.885808	
11.4	-1	0.93862	
11.4	-0.5	0.992832	
11.4	0	1.048612	

11.6	-24	-0.0461256	
11.6	-22	-0.03543372	
11.6	-20	-0.01799088	
11.6	-18	0.00892132	
11.6	-16	0.0471756	
11.6	-14	0.09925	
11.6	-12	0.168194	
11.6	-11	0.2097196	
11.6	-10	0.2565576	
11.6	-9	0.3085592	
11.6	-8	0.3667832	
11.6	-7	0.430772	
11.6	-6	0.500716	
11.6	-5	0.577376	
11.6	-4	0.660424	
11.6	-3	0.749296	
11.6	-2	0.844964	
11.6	-1.5	0.895416	
11.6	-1	0.947376	
11.6	-0.5	1.000852	
11.6	0	1.05576	

11.8	-24	-0.0420528	
11.8	-22	-0.03011668	
11.8	-20	-0.01120236	
11.8	-18	0.0171414	
11.8	-16	0.0568352	
11.8	-14	0.1103408	
11.8	-12	0.18044	
11.8	-11	0.2223292	
11.8	-10	0.269568	
11.8	-9	0.3219564	
11.8	-8	0.3800968	
11.8	-7	0.443976	
11.8	-6	0.514092	
11.8	-5	0.589776	
11.8	-4	0.672552	
11.8	-3	0.76086	
11.8	-2	0.856032	
11.8	-1.5	0.90542	
11.8	-1	0.956364	
11.8	-0.5	1.009048	
11.8	0	1.063396	

12	-24	-0.03787804	
12	-22	-0.02462952	
12	-20	-0.0044166	
12	-18	0.02542516	
12	-16	0.0664692	
12	-14	0.121284	
12	-12	0.1924288	
12	-11	0.2348364	
12	-10	0.2822864	
12	-9	0.3351292	
12	-8	0.3930036	
12	-7	0.457028	
12	-6	0.526436	
12	-5	0.602156	
12	-4	0.68358	
12	-3	0.771688	
12	-2	0.865604	
12	-1.5	0.91438	
12	-1	0.965088	
12	-0.5	1.017188	
12	0	1.070868	

12.4	-24	-0.02890564	
12.4	-22	-0.01326836	
12.4	-20	0.00958308	
12.4	-18	0.0421436	
12.4	-16	0.0858488	
12.4	-14	0.1432012	
12.4	-12	0.2162616	
12.4	-11	0.259336	
12.4	-10	0.3074036	
12.4	-9	0.3602604	
12.4	-8	0.418488	
12.4	-7	0.481896	
12.4	-6	0.55116	
12.4	-5	0.625696	
12.4	-4	0.705996	
12.4	-3	0.791932	
12.4	-2	0.883724	
12.4	-1.5	0.931944	
12.4	-1	0.981216	
12.4	-0.5	1.031708	
12.4	0	1.084016	

12.8	-24	-0.01935884	
12.8	-22	-0.001424248	
12.8	-20	0.02393508	
12.8	-18	0.0590148	
12.8	-16	0.1051012	
12.8	-14	0.1646304	
12.8	-12	0.2393592	
12.8	-11	0.2832328	
12.8	-10	0.3315884	
12.8	-9	0.3845112	
12.8	-8	0.442696	
12.8	-7	0.50598	
12.8	-6	0.574324	
12.8	-5	0.648112	
12.8	-4	0.727336	
12.8	-3	0.811608	
12.8	-2	0.901352	
12.8	-1.5	0.948328	
12.8	-1	0.996436	
12.8	-0.5	1.0461	
12.8	0	1.09688	

13.2	-24	-0.0093292	
13.2	-22	0.01075764	
13.2	-20	0.03856896	
13.2	-18	0.07601	
13.2	-16	0.1242652	
13.2	-14	0.1857416	
13.2	-12	0.2620844	
13.2	-11	0.306286	
13.2	-10	0.3550548	
13.2	-9	0.408028	
13.2	-8	0.466236	
13.2	-7	0.528836	
13.2	-6	0.596532	
13.2	-5	0.669564	
13.2	-4	0.747328	
13.2	-3	0.830124	
13.2	-2	0.918212	
13.2	-1.5	0.964024	
13.2	-1	1.010868	
13.2	-0.5	1.05924	
13.2	0	1.108756	

13.6	-24	0.001149884	
13.6	-22	0.02338708	
13.6	-20	0.0533904	
13.6	-18	0.0929936	
13.6	-16	0.143314	
13.6	-14	0.2064836	
13.6	-12	0.2842256	
13.6	-11	0.3287688	
13.6	-10	0.3776732	
13.6	-9	0.430916	
13.6	-8	0.488708	
13.6	-7	0.551044	
13.6	-6	0.618	
13.6	-5	0.689644	
13.6	-4	0.766328	
13.6	-3	0.847344	
13.6	-2	0.934	
13.6	-1.5	0.978568	
13.6	-1	1.024488	
13.6	-0.5	1.07178	
13.6	0	1.120184	

14	-24	0.01204228	
14	-22	0.0363928	
14	-20	0.0683584	
14	-18	0.1099596	
14	-16	0.1621688	
14	-14	0.2269784	
14	-12	0.3057232	
14	-11	0.3506408	
14	-10	0.3996584	
14	-9	0.452716	
14	-8	0.51016	
14	-7	0.572092	
14	-6	0.638128	
14	-5	0.709112	
14	-4	0.784396	
14	-3	0.864056	
14	-2	0.94874	
14	-1.5	0.992344	
14	-1	1.037132	
14	-0.5	1.083144	
14	0	1.13008	

14.4	-24	0.02324876	
14.4	-22	0.0495232	
14.4	-20	0.0834308	
14.4	-18	0.1268824	
14.4	-16	0.1808648	
14.4	-14	0.2469212	
14.4	-12	0.3266276	
14.4	-11	0.3719696	
14.4	-10	0.42092	
14.4	-9	0.473928	
14.4	-8	0.530912	
14.4	-7	0.592172	
14.4	-6	0.657708	
14.4	-5	0.727732	
14.4	-4	0.8014	
14.4	-3	0.879916	
14.4	-2	0.962656	
14.4	-1.5	1.005404	
14.4	-1	1.04916	
14.4	-0.5	1.094152	
14.4	0	1.14002	

14.8	-24	0.03479564	
14.8	-22	0.0628772	
14.8	-20	0.0986696	
14.8	-18	0.143752	
14.8	-16	0.1992908	
14.8	-14	0.2664644	
14.8	-12	0.346746	
14.8	-11	0.39225	
14.8	-10	0.441532	
14.8	-9	0.494308	
14.8	-8	0.551136	
14.8	-7	0.611824	
14.8	-6	0.676396	
14.8	-5	0.74522	
14.8	-4	0.818152	
14.8	-3	0.895076	
14.8	-2	0.975904	
14.8	-1.5	1.017792	
14.8	-1	1.061008	
14.8	-0.5	1.104716	
14.8	0	1.149724	

15.2	-24	0.0465476	
15.2	-22	0.0763588	
15.2	-20	0.113924	
15.2	-18	0.1604472	
15.2	-16	0.217348	
15.2	-14	0.2856448	
15.2	-12	0.36654	
15.2	-11	0.411976	
15.2	-10	0.461108	
15.2	-9	0.5141	
15.2	-8	0.570372	
15.2	-7	0.630464	
15.2	-6	0.694632	
15.2	-5	0.762344	
15.2	-4	0.833976	
15.2	-3	0.909256	
15.2	-2	0.988736	
15.2	-1.5	1.029704	
15.2	-1	1.071764	
15.2	-0.5	1.114652	
15.2	0	1.158404	

15.6	-24	0.0585368	
15.6	-22	0.0899412	
15.6	-20	0.1290928	
15.6	-18	0.1771168	
15.6	-16	0.2351524	
15.6	-14	0.3043588	
15.6	-12	0.3857512	
15.6	-11	0.431392	
15.6	-10	0.480348	
15.6	-9	0.53296	
15.6	-8	0.589016	
15.6	-7	0.648568	
15.6	-6	0.71148	
15.6	-5	0.778676	
15.6	-4	0.849152	
15.6	-3	0.923616	
15.6	-2	1.001384	
15.6	-1.5	1.041564	
15.6	-1	1.082724	
15.6	-0.5	1.124728	
15.6	0	1.167416	

16	-24	0.0706224	
16	-22	0.1035672	
16	-20	0.1442144	
16	-18	0.19345	
16	-16	0.2527496	
16	-14	0.3227604	
16	-12	0.404372	
16	-11	0.450088	
16	-10	0.498992	
16	-9	0.55118	
16	-8	0.606928	
16	-7	0.66572	
16	-6	0.728388	
16	-5	0.794444	
16	-4	0.863572	
16	-3	0.936484	
16	-2	1.012912	
16	-1.5	1.052168	
16	-1	1.0926	
16	-0.5	1.133556	
16	0	1.17556	

16.8	-24	0.095296	
16.8	-22	0.13105	
16.8	-20	0.1742688	
16.8	-18	0.2259032	
16.8	-16	0.2869668	
16.8	-14	0.3582164	
16.8	-12	0.440436	
16.8	-11	0.485832	
16.8	-10	0.53434	
16.8	-9	0.585916	
16.8	-8	0.640444	
16.8	-7	0.69824	
16.8	-6	0.75916	
16.8	-5	0.82346	
16.8	-4	0.890928	
16.8	-3	0.96164	
16.8	-2	1.03468	
16.8	-1.5	1.072716	
16.8	-1	1.111196	
16.8	-0.5	1.150648	
16.8	0	1.190716	

17.6	-24	0.1202856	
17.6	-22	0.15845	
17.6	-20	0.2038916	
17.6	-18	0.2575796	
17.6	-16	0.3198096	
17.6	-14	0.392008	
17.6	-12	0.474272	
17.6	-11	0.51948	
17.6	-10	0.567584	
17.6	-9	0.618328	
17.6	-8	0.671868	
17.6	-7	0.728592	
17.6	-6	0.787908	
17.6	-5	0.850312	
17.6	-4	0.915584	
17.6	-3	0.983444	
17.6	-2	1.054312	
17.6	-1.5	1.090832	
17.6	-1	1.128132	
17.6	-0.5	1.165832	
17.6	0	1.20444	

18.4	-24	0.1452644	
18.4	-22	0.1856588	
18.4	-20	0.23306	
18.4	-18	0.2880832	
18.4	-16	0.351582	
18.4	-14	0.424084	
18.4	-12	0.506408	
18.4	-11	0.551104	
18.4	-10	0.598648	
18.4	-9	0.648676	
18.4	-8	0.701376	
18.4	-7	0.756748	
18.4	-6	0.814532	
18.4	-5	0.875128	
18.4	-4	0.938268	
18.4	-3	1.004144	
18.4	-2	1.072476	
18.4	-1.5	1.107772	
18.4	-1	1.143384	
18.4	-0.5	1.179888	
18.4	0	1.216868	

19.2	-24	0.1702268	
19.2	-22	0.2124668	
19.2	-20	0.2613796	
19.2	-18	0.3176444	
19.2	-16	0.3821244	
19.2	-14	0.45502	
19.2	-12	0.53664	
19.2	-11	0.581008	
19.2	-10	0.627864	
19.2	-9	0.677168	
19.2	-8	0.728892	
19.2	-7	0.782716	
19.2	-6	0.839288	
19.2	-5	0.898324	
19.2	-4	0.9595	
19.2	-3	1.023204	
19.2	-2	1.089308	
19.2	-1.5	1.123548	
19.2	-1	1.158072	
19.2	-0.5	1.193208	
19.2	0	1.228828	

20	-24	0.1950564	
20	-22	0.238816	
20	-20	0.2889824	
20	-18	0.3464292	
20	-16	0.411052	
20	-14	0.48424	
20	-12	0.565512	
20	-11	0.60928	
20	-10	0.655416	
20	-9	0.703556	
20	-8	0.75416	
20	-7	0.807092	
20	-6	0.862428	
20	-5	0.9198	
20	-4	0.979224	
20	-3	1.041192	
20	-2	1.10506	
20	-1.5	1.137792	
20	-1	1.171164	
20	-0.5	1.204776	
20	0	1.239316	

20.8	-24	0.2195304	
20.8	-22	0.2646312	
20.8	-20	0.3160752	
20.8	-18	0.3741152	
20.8	-16	0.439384	
20.8	-14	0.511816	
20.8	-12	0.592684	
20.8	-11	0.63626	
20.8	-10	0.681324	
20.8	-9	0.72912	
20.8	-8	0.77854	
20.8	-7	0.82988	
20.8	-6	0.88388	
20.8	-5	0.939612	
20.8	-4	0.997176	
20.8	-3	1.057248	
20.8	-2	1.118904	
20.8	-1.5	1.150752	
20.8	-1	1.182836	
20.8	-0.5	1.21556	
20.8	0	1.248584	

21.6	-24	0.2436816	
21.6	-22	0.2898088	
21.6	-20	0.3420356	
21.6	-18	0.400768	
21.6	-16	0.466184	
21.6	-14	0.538768	
21.6	-12	0.618324	
21.6	-11	0.661252	
21.6	-10	0.706016	
21.6	-9	0.752756	
21.6	-8	0.801348	
21.6	-7	0.851932	
21.6	-6	0.904152	
21.6	-5	0.958472	
21.6	-4	1.014768	
21.6	-3	1.073004	
21.6	-2	1.13292	
21.6	-1.5	1.163204	
21.6	-1	1.1947	
21.6	-0.5	1.226188	
21.6	0	1.258188	

22.4	-24	0.2674564	
22.4	-22	0.314502	
22.4	-20	0.3673496	
22.4	-18	0.426324	
22.4	-16	0.491844	
22.4	-14	0.564028	
22.4	-12	0.643076	
22.4	-11	0.685184	
22.4	-10	0.728952	
22.4	-9	0.774708	
22.4	-8	0.822288	
22.4	-7	0.871832	
22.4	-6	0.922936	
22.4	-5	0.975928	
22.4	-4	1.030756	
22.4	-3	1.087304	
22.4	-2	1.145488	
22.4	-1.5	1.175164	
22.4	-1	1.205372	
22.4	-0.5	1.235864	
22.4	0	1.266956	

23.2	-24	0.2907116	
23.2	-22	0.3385768	
23.2	-20	0.3919128	
23.2	-18	0.451128	
23.2	-16	0.516544	
23.2	-14	0.588088	
23.2	-12	0.666292	
23.2	-11	0.707924	
23.2	-10	0.751152	
23.2	-9	0.796036	
23.2	-8	0.842608	
23.2	-7	0.890832	
23.2	-6	0.940616	
23.2	-5	0.992212	
23.2	-4	1.045436	
23.2	-3	1.100364	
23.2	-2	1.156816	
23.2	-1.5	1.185556	
23.2	-1	1.214824	
23.2	-0.5	1.244296	
23.2	0	1.274296	

24	-24	0.3133512	
24	-22	0.361994	
24	-20	0.415636	
24	-18	0.474972	
24	-16	0.540072	
24	-14	0.611252	
24	-12	0.688404	
24	-11	0.7293	
24	-10	0.771808	
24	-9	0.816	
24	-8	0.861584	
24	-7	0.908888	
24	-6	0.957684	
24	-5	1.007964	
24	-4	1.059876	
24	-3	1.113284	
24	-2	1.168152	
24	-1.5	1.1959	
24	-1	1.224148	
24	-0.5	1.253032	
24	0	1.282168	

24.8	-24	0.3354792	
24.8	-22	0.3847112	
24.8	-20	0.438728	
24.8	-18	0.49798	
24.8	-16	0.562692	
24.8	-14	0.633228	
24.8	-12	0.709412	
24.8	-11	0.749796	
24.8	-10	0.791584	
24.8	-9	0.834888	
24.8	-8	0.879516	
24.8	-7	0.92564	
24.8	-6	0.973352	
24.8	-5	1.022528	
24.8	-4	1.073108	
24.8	-3	1.124984	
24.8	-2	1.178468	
24.8	-1.5	1.205516	
24.8	-1	1.233232	
24.8	-0.5	1.260952	
24.8	0	1.289268	

25.6	-24	0.3571524	
25.6	-22	0.406528	
25.6	-20	0.46086	
25.6	-18	0.520056	
25.6	-16	0.584508	
25.6	-14	0.65432	
25.6	-12	0.729508	
25.6	-11	0.769156	
25.6	-10	0.810264	
25.6	-9	0.852652	
25.6	-8	0.896464	
25.6	-7	0.941648	
25.6	-6	0.988316	
25.6	-5	1.036368	
25.6	-4	1.08566	
25.6	-3	1.136368	
25.6	-2	1.188252	
25.6	-1.5	1.214656	
25.6	-1	1.241496	
25.6	-0.5	1.268484	
25.6	0	1.29588	

26.4	-24	0.3782	
26.4	-22	0.42788	
26.4	-20	0.482168	
26.4	-18	0.541404	
26.4	-16	0.60534	
26.4	-14	0.674328	
26.4	-12	0.74868	
26.4	-11	0.787724	
26.4	-10	0.827924	
26.4	-9	0.869492	
26.4	-8	0.912656	
26.4	-7	0.956916	
26.4	-6	1.002472	
26.4	-5	1.049272	
26.4	-4	1.097408	
26.4	-3	1.14688	
26.4	-2	1.197244	
26.4	-1.5	1.222972	
26.4	-1	1.249028	
26.4	-0.5	1.275308	
26.4	0	1.301796	

27.2	-24	0.398766	
27.2	-22	0.448684	
27.2	-20	0.502872	
27.2	-18	0.561668	
27.2	-16	0.625356	
27.2	-14	0.6937	
27.2	-12	0.7669	
27.2	-11	0.805152	
27.2	-10	0.844892	
27.2	-9	0.885904	
27.2	-8	0.928076	
27.2	-7	0.971312	
27.2	-6	1.015892	
27.2	-5	1.061628	
27.2	-4	1.108336	
27.2	-3	1.15632	
27.2	-2	1.20558	
27.2	-1.5	1.230424	
27.2	-1	1.255884	
27.2	-0.5	1.28136	
27.2	0	1.3073	

28	-24	0.418704	
28	-22	0.468776	
28	-20	0.522952	
28	-18	0.581424	
28	-16	0.64426	
28	-14	0.712092	
28	-12	0.784312	
28	-11	0.822084	
28	-10	0.861112	
28	-9	0.901136	
28	-8	0.942396	
28	-7	0.984752	
28	-6	1.028428	
28	-5	1.073076	
28	-4	1.118964	
28	-3	1.165932	
28	-2	1.2138	
28	-1.5	1.23824	
28	-1	1.262928	
28	-0.5	1.2878	
28	0	1.313152	

28.8	-24	0.438184	
28.8	-22	0.488216	
28.8	-20	0.542368	
28.8	-18	0.600488	
28.8	-16	0.662832	
28.8	-14	0.729592	
28.8	-12	0.800756	
28.8	-11	0.837964	
28.8	-10	0.876468	
28.8	-9	0.915616	
28.8	-8	0.956356	
28.8	-7	0.99788	
28.8	-6	1.040396	
28.8	-5	1.084252	
28.8	-4	1.128832	
28.8	-3	1.174764	
28.8	-2	1.221652	
28.8	-1.5	1.245292	
28.8	-1	1.269376	
28.8	-0.5	1.293652	
28.8	0	1.318216	

29.6	-24	0.457076	
29.6	-22	0.507188	
29.6	-20	0.56102	
29.6	-18	0.618924	
29.6	-16	0.680704	
29.6	-14	0.74662	
29.6	-12	0.816648	
29.6	-11	0.853292	
29.6	-10	0.890896	
29.6	-9	0.929524	
29.6	-8	0.969236	
29.6	-7	1.009864	
29.6	-6	1.05194	
29.6	-5	1.094632	
29.6	-4	1.138592	
29.6	-3	1.183068	
29.6	-2	1.229032	
29.6	-1.5	1.2522	
29.6	-1	1.275548	
29.6	-0.5	1.29926	
29.6	0	1.323284	

30.4	-24	0.475288	
30.4	-22	0.525372	
30.4	-20	0.579096	
30.4	-18	0.636468	
30.4	-16	0.697756	
30.4	-14	0.762832	
30.4	-12	0.831964	
30.4	-11	0.867948	
30.4	-10	0.905024	
30.4	-9	0.94296	
30.4	-8	0.981948	
30.4	-7	1.021776	
30.4	-6	1.06268	
30.4	-5	1.104612	
30.4	-4	1.147304	
30.4	-3	1.19106	
30.4	-2	1.235624	
30.4	-1.5	1.25818	
30.4	-1	1.281192	
30.4	-0.5	1.304112	
30.4	0	1.327592	

31.2	-24	0.4932	
31.2	-22	0.543024	
31.2	-20	0.596496	
31.2	-18	0.653448	
31.2	-16	0.714124	
31.2	-14	0.778672	
31.2	-12	0.846736	
31.2	-11	0.882196	
31.2	-10	0.918324	
31.2	-9	0.955664	
31.2	-8	0.99388	
31.2	-7	1.033112	
31.2	-6	1.073168	
31.2	-5	1.114104	
31.2	-4	1.15598	
31.2	-3	1.198724	
31.2	-2	1.242432	
31.2	-1.5	1.264552	
31.2	-1	1.28678	
31.2	-0.5	1.309384	
31.2	0	1.332104	

32	-24	0.510592	
32	-22	0.56028	
32	-20	0.61332	
32	-18	0.669892	
32	-16	0.729892	
32	-14	0.793432	
32	-12	0.860636	
32	-11	0.895496	
32	-10	0.931404	
32	-9	0.967976	
32	-8	1.0055	
32	-7	1.043888	
32	-6	1.083184	
32	-5	1.123328	
32	-4	1.164344	
32	-3	1.205944	
32	-2	1.248772	
32	-1.5	1.270332	
32	-1	1.292052	
32	-0.5	1.314132	
32	0	1.336364	

32.4	0	1.3385	

32.8	-24	0.52734	
32.8	-22	0.576916	
32.8	-20	0.62964	
32.8	-18	0.685568	
32.8	-16	0.744988	
32.8	-14	0.807764	
32.8	-12	0.873948	
32.8	-11	0.908452	
32.8	-10	0.943592	
32.8	-9	0.979444	
32.8	-8	1.01646	
32.8	-7	1.054204	
32.8	-6	1.09278	
32.8	-5	1.132036	
32.8	-4	1.17202	
32.8	-3	1.213168	
32.8	-2	1.254732	
32.8	-1.5	1.276068	
32.8	-1	1.297372	
32.8	-0.5	1.3189	

33.6	-24	0.543668	
33.6	-22	0.593044	
33.6	-20	0.645492	
33.6	-18	0.70102	
33.6	-16	0.759584	
33.6	-14	0.821652	
33.6	-12	0.88692	
33.6	-11	0.920736	
33.6	-10	0.955264	
33.6	-9	0.990712	
33.6	-8	1.02672	
33.6	-7	1.06392	
33.6	-6	1.101664	
33.6	-5	1.140144	
33.6	-4	1.179644	
33.6	-3	1.219732	
33.6	-2	1.260612	
33.6	-1.5	1.281104	
33.6	-1	1.302028	
33.6	-0.5	1.32296	
33.6	0	1.344272	

34.4	-24	0.559456	
34.4	-22	0.608428	
34.4	-20	0.660572	
34.4	-18	0.715604	
34.4	-16	0.773816	
34.4	-14	0.83488	
34.4	-12	0.899216	
34.4	-11	0.932292	
34.4	-10	0.966532	
34.4	-9	1.001256	
34.4	-8	1.03698	
34.4	-7	1.073204	
34.4	-6	1.110396	
34.4	-5	1.147896	
34.4	-4	1.186684	
34.4	-3	1.225608	
34.4	-2	1.265836	
34.4	-1.5	1.285928	
34.4	-1	1.30618	
34.4	-0.5	1.32692	
34.4	0	1.347748	

35.2	-24	0.574964	
35.2	-22	0.623696	
35.2	-20	0.675268	
35.2	-18	0.729908	
35.2	-16	0.787424	
35.2	-14	0.84784	
35.2	-12	0.911108	
35.2	-11	0.943912	
35.2	-10	0.97748	
35.2	-9	1.011564	
35.2	-8	1.046432	
35.2	-7	1.082152	
35.2	-6	1.118508	
35.2	-5	1.155676	
35.2	-4	1.1933	
35.2	-3	1.23186	
35.2	-2	1.270892	
35.2	-1.5	1.290544	
35.2	-1	1.310652	
35.2	-0.5	1.330628	
35.2	0	1.350896	

36	-24	0.589956	
36	-22	0.638412	
36	-20	0.689596	
36	-18	0.74356	
36	-16	0.800272	
36	-14	0.859852	
36	-12	0.922276	
36	-11	0.954632	
36	-10	0.9876	
36	-9	1.021268	
36	-8	1.055608	
36	-7	1.090844	
36	-6	1.12628	
36	-5	1.162916	
36	-4	1.199672	
36	-3	1.237624	
36	-2	1.276032	
36	-1.5	1.29528	
36	-1	1.314956	
36	-0.5	1.334552	
36	0	1.35452	

36.8	-24	0.604652	
36.8	-22	0.652704	
36.8	-20	0.703444	
36.8	-18	0.756764	
36.8	-16	0.813024	
36.8	-14	0.871796	
36.8	-12	0.933476	
36.8	-11	0.965252	
36.8	-10	0.997728	
36.8	-9	1.030736	
36.8	-8	1.064612	
36.8	-7	1.098968	
36.8	-6	1.134144	
36.8	-5	1.169588	
36.8	-4	1.206104	
36.8	-3	1.242836	
36.8	-2	1.28064	
36.8	-1.5	1.299436	
36.8	-1	1.318604	
36.8	-0.5	1.33782	
36.8	0	1.35746	

37.6	-24	0.618824	
37.6	-22	0.666604	
37.6	-20	0.716876	
37.6	-18	0.769616	
37.6	-16	0.825056	
37.6	-14	0.883264	
37.6	-12	0.943968	
37.6	-11	0.975312	
37.6	-10	1.007176	
37.6	-9	1.03974	
37.6	-8	1.073012	
37.6	-7	1.106824	
37.6	-6	1.141256	
37.6	-5	1.176292	
37.6	-4	1.212092	
37.6	-3	1.248272	
37.6	-2	1.285248	
37.6	-1.5	1.303664	
37.6	-1	1.322724	
37.6	-0.5	1.34136	
37.6	0	1.360568	

38.4	-24	0.632632	
38.4	-22	0.680168	
38.4	-20	0.730004	
38.4	-18	0.782408	
38.4	-16	0.83694	
38.4	-14	0.894256	
38.4	-12	0.954092	
38.4	-11	0.98504	
38.4	-10	1.016264	
38.4	-9	1.048432	
38.4	-8	1.080892	
38.4	-7	1.114344	
38.4	-6	1.14836	
38.4	-5	1.182728	
38.4	-4	1.21762	
38.4	-3	1.25328	
38.4	-2	1.289412	
38.4	-1.5	1.307424	
38.4	-1	1.326108	
38.4	-0.5	1.344388	
38.4	0	1.363256	

39.2	-24	0.646004	
39.2	-22	0.693108	
39.2	-20	0.742608	
39.2	-18	0.794412	
39.2	-16	0.848608	
39.2	-14	0.90526	
39.2	-12	0.964128	
39.2	-11	0.994504	
39.2	-10	1.02518	
39.2	-9	1.057056	
39.2	-8	1.088908	
39.2	-7	1.121828	
39.2	-6	1.154848	
39.2	-5	1.188636	
39.2	-4	1.223136	
39.2	-3	1.257928	
39.2	-2	1.293436	
39.2	-1.5	1.311236	
39.2	-1	1.329512	
39.2	-0.5	1.347456	
39.2	0	1.366088	

40	-24	0.659084	
40	-22	0.705848	
40	-20	0.754912	
40	-18	0.806188	
40	-16	0.859748	
40	-14	0.915596	
40	-12	0.973712	
40	-11	1.003676	
40	-10	1.03428	
40	-9	1.065304	
40	-8	1.09688	
40	-7	1.128952	
40	-6	1.161636	
40	-5	1.194784	
40	-4	1.228612	
40	-3	1.262868	
40	-2	1.297492	
40	-1.5	1.314956	
40	-1	1.332972	
40	-0.5	1.350532	
40	0	1.368812	

40.8	0	1.371384	

41.6	0	1.373976	

42.4	0	1.376248	

43.2	0	1.37854	

44	0	1.380708	

44.8	0	1.38288	

45.6	0	1.385008	

46.4	0	1.386724	

47.2	0	1.388864	

48	0	1.390796	

48.8	0	1.392432	

49.6	0	1.394236	

50.4	0	1.395804	

51.2	0	1.397388	

52	0	1.398992	

52.8	0	1.400452	

53.6	0	1.401892	

54.4	0	1.403492	

55.2	0	1.404916	

56	0	1.40628	

56.8	0	1.407592	

57.6	0	1.408864	

58.4	0	1.410028	

59.2	0	1.411216	

60	0	1.41236	

60.8	0	1.41336	

61.6	0	1.414492	

62.4	0	1.415568	

63.2	0	1.416724	

64	0	1.417872	

64.8	0	1.418672	

65.6	0	1.419688	

66.4	0	1.42068	

67.2	0	1.421656	

68	0	1.422708	

68.8	0	1.423656	

69.6	0	1.424464	

70.4	0	1.425424	

71.2	0	1.42622	

72	0	1.426888	

72.8	0	1.427912	

73.6	0	1.428676	

74.4	0	1.429448	

75.2	0	1.43032	

76	0	1.43098	

76.8	0	1.431736	

77.6	0	1.432372	

78.4	0	1.433012	

79.2	0	1.433596	

80	0	1.434196	

