0.3	0	-0.3333428	

0.35	0	-0.3321312	

0.4	-24	-0.000685916	
0.4	-22	-0.00055312	
0.4	-20	-0.000433932	
0.4	-18	-0.0003297412	
0.4	-16	-0.0002378152	
0.4	-14	-0.0001985568	
0.4	-12	-0.005084	
0.4	-11	-0.0493924	
0.4	-10	-0.2078384	
0.4	-9	-0.460088	
0.4	-8	-0.7419	
0.4	-7	-0.994436	
0.4	-6	-1.162108	
0.4	-5	-1.200312	
0.4	-4	-1.10918	
0.4	-3	-0.91532	
0.4	-2	-0.676632	
0.4	-1.5	-0.56264	
0.4	-1	-0.465976	
0.4	-0.5	-0.3916688	
0.4	0	-0.330152	

0.5	-24	-0.0003526636	
0.5	-22	-0.0002833116	
0.5	-20	-0.0002219348	
0.5	-18	-0.00016821	
0.5	-16	-0.000123402	
0.5	-14	-0.0002246672	
0.5	-12	-0.0112244	
0.5	-11	-0.0673736	
0.5	-10	-0.2263564	
0.5	-9	-0.470464	
0.5	-8	-0.743312	
0.5	-7	-0.985524	
0.5	-6	-1.142336	
0.5	-5	-1.169972	
0.5	-4	-1.068536	
0.5	-3	-0.878224	
0.5	-2	-0.64504	
0.5	-1.5	-0.540996	
0.5	-1	-0.451748	
0.5	-0.5	-0.384366	
0.5	0	-0.3237832	

0.6	-24	-0.0001975364	
0.6	-22	-0.0001566608	
0.6	-20	-0.000122002	
0.6	-18	-8.92064e-05	
0.6	-16	-8.63704e-05	
0.6	-14	-0.000876504	
0.6	-12	-0.02151476	
0.6	-11	-0.0852264	
0.6	-10	-0.2441392	
0.6	-9	-0.481344	
0.6	-8	-0.743032	
0.6	-7	-0.97592	
0.6	-6	-1.117296	
0.6	-5	-1.134144	
0.6	-4	-1.031768	
0.6	-3	-0.836996	
0.6	-2	-0.621512	
0.6	-1.5	-0.529088	
0.6	-1	-0.445764	
0.6	-0.5	-0.3780844	
0.6	0	-0.3158224	

0.7	-24	-0.000130208	
0.7	-22	-0.0001047704	
0.7	-20	-8.19928e-05	
0.7	-18	-6.52412e-05	
0.7	-16	-0.0001573296	
0.7	-14	-0.002099368	
0.7	-12	-0.03162	
0.7	-11	-0.1048132	
0.7	-10	-0.2652556	
0.7	-9	-0.491528	
0.7	-8	-0.742488	
0.7	-7	-0.960052	
0.7	-6	-1.090164	
0.7	-5	-1.098724	
0.7	-4	-0.994532	
0.7	-3	-0.811896	
0.7	-2	-0.608404	
0.7	-1.5	-0.516548	
0.7	-1	-0.438332	
0.7	-0.5	-0.3725916	
0.7	0	-0.3081664	

0.8	-24	-8.75184e-05	
0.8	-22	-7.05024e-05	
0.8	-20	-5.65692e-05	
0.8	-18	-8.02648e-05	
0.8	-16	-0.000457464	
0.8	-14	-0.00417504	
0.8	-12	-0.046052	
0.8	-11	-0.1265868	
0.8	-10	-0.2839556	
0.8	-9	-0.506984	
0.8	-8	-0.742788	
0.8	-7	-0.943248	
0.8	-6	-1.0615	
0.8	-5	-1.060764	
0.8	-4	-0.959108	
0.8	-3	-0.784184	
0.8	-2	-0.594008	
0.8	-1.5	-0.507372	
0.8	-1	-0.43228	
0.8	-0.5	-0.3647956	
0.8	0	-0.3001468	

0.9	-24	-6.10404e-05	
0.9	-22	-5.00292e-05	
0.9	-20	-4.49056e-05	
0.9	-18	-0.0001296204	
0.9	-16	-0.000750196	
0.9	-14	-0.00740492	
0.9	-12	-0.0589172	
0.9	-11	-0.1488252	
0.9	-10	-0.3052532	
0.9	-9	-0.515788	
0.9	-8	-0.739548	
0.9	-7	-0.925932	
0.9	-6	-1.029696	
0.9	-5	-1.02826	
0.9	-4	-0.926504	
0.9	-3	-0.75714	
0.9	-2	-0.579964	
0.9	-1.5	-0.49934	
0.9	-1	-0.425756	
0.9	-0.5	-0.3562004	
0.9	0	-0.2871916	

1	-24	-4.34796e-05	
1	-22	-3.739488e-05	
1	-20	-6.25324e-05	
1	-18	-0.0002491704	
1	-16	-0.00168822	
1	-14	-0.0117982	
1	-12	-0.0766172	
1	-11	-0.1709072	
1	-10	-0.3249644	
1	-9	-0.526892	
1	-8	-0.736452	
1	-7	-0.90496	
1	-6	-0.996552	
1	-5	-0.989752	
1	-4	-0.890612	
1	-3	-0.733344	
1	-2	-0.567748	
1	-1.5	-0.489876	
1	-1	-0.417392	
1	-0.5	-0.3481412	
1	0	-0.2732332	

1.2	-24	-3.161952e-05	
1.2	-22	-4.77384e-05	
1.2	-20	-0.000201092	
1.2	-18	-0.000906328	
1.2	-16	-0.00484848	
1.2	-14	-0.02510156	
1.2	-12	-0.1114288	
1.2	-11	-0.2104648	
1.2	-10	-0.3588692	
1.2	-9	-0.541012	
1.2	-8	-0.721824	
1.2	-7	-0.8639	
1.2	-6	-0.935552	
1.2	-5	-0.922164	
1.2	-4	-0.827844	
1.2	-3	-0.689044	
1.2	-2	-0.53948	
1.2	-1.5	-0.466832	
1.2	-1	-0.3944516	
1.2	-0.5	-0.3193076	
1.2	0	-0.2361024	

1.4	-24	-4.08456e-05	
1.4	-22	-0.0001353676	
1.4	-20	-0.00058192	
1.4	-18	-0.002509576	
1.4	-16	-0.01029944	
1.4	-14	-0.04057	
1.4	-12	-0.145782	
1.4	-11	-0.2496524	
1.4	-10	-0.3868912	
1.4	-9	-0.550288	
1.4	-8	-0.703008	
1.4	-7	-0.819112	
1.4	-6	-0.87414	
1.4	-5	-0.853728	
1.4	-4	-0.773036	
1.4	-3	-0.650036	
1.4	-2	-0.511808	
1.4	-1.5	-0.438876	
1.4	-1	-0.3638404	
1.4	-0.5	-0.2828512	
1.4	0	-0.1922192	

1.6	-24	-0.0001294856	
1.6	-22	-0.000450852	
1.6	-20	-0.001551464	
1.6	-18	-0.00545652	
1.6	-16	-0.018464	
1.6	-14	-0.061358	
1.6	-12	-0.1777008	
1.6	-11	-0.280946	
1.6	-10	-0.409652	
1.6	-9	-0.551432	
1.6	-8	-0.68362	
1.6	-7	-0.7766	
1.6	-6	-0.815864	
1.6	-5	-0.792636	
1.6	-4	-0.717972	
1.6	-3	-0.60728	
1.6	-2	-0.473708	
1.6	-1.5	-0.400492	
1.6	-1	-0.3232636	
1.6	-0.5	-0.2367536	
1.6	0	-0.1377128	

1.8	-24	-0.0003613476	
1.8	-22	-0.001064468	
1.8	-20	-0.003358516	
1.8	-18	-0.0100086	
1.8	-16	-0.02978528	
1.8	-14	-0.083026	
1.8	-12	-0.2088204	
1.8	-11	-0.3081212	
1.8	-10	-0.423352	
1.8	-9	-0.549248	
1.8	-8	-0.66056	
1.8	-7	-0.734528	
1.8	-6	-0.762032	
1.8	-5	-0.736692	
1.8	-4	-0.666996	
1.8	-3	-0.563408	
1.8	-2	-0.432084	
1.8	-1.5	-0.358256	
1.8	-1	-0.2760148	
1.8	-0.5	-0.18351	
1.8	0	-0.0770472	

2	-24	-0.000816088	
2	-22	-0.002186072	
2	-20	-0.00593404	
2	-18	-0.01596984	
2	-16	-0.0424192	
2	-14	-0.1053224	
2	-12	-0.2335264	
2	-11	-0.3276992	
2	-10	-0.433264	
2	-9	-0.5414	
2	-8	-0.634308	
2	-7	-0.692208	
2	-6	-0.710752	
2	-5	-0.6842	
2	-4	-0.615784	
2	-3	-0.515412	
2	-2	-0.3846248	
2	-1.5	-0.3083424	
2	-1	-0.2226064	
2	-0.5	-0.125066	
2	0	-0.01201488	

2.2	-24	-0.002114512	
2.2	-22	-0.00441704	
2.2	-20	-0.01001132	
2.2	-18	-0.02400056	
2.2	-16	-0.056012	
2.2	-14	-0.1265564	
2.2	-12	-0.2557396	
2.2	-11	-0.3427404	
2.2	-10	-0.438132	
2.2	-9	-0.53012	
2.2	-8	-0.607272	
2.2	-7	-0.652164	
2.2	-6	-0.663816	
2.2	-5	-0.633056	
2.2	-4	-0.56632	
2.2	-3	-0.46586	
2.2	-2	-0.3332516	
2.2	-1.5	-0.253944	
2.2	-1	-0.1629688	
2.2	-0.5	-0.0607936	
2.2	0	0.0562412	

2.4	-24	-0.003185148	
2.4	-22	-0.00659204	
2.4	-20	-0.01468696	
2.4	-18	-0.0325886	
2.4	-16	-0.0708768	
2.4	-14	-0.1469288	
2.4	-12	-0.2736132	
2.4	-11	-0.353928	
2.4	-10	-0.437432	
2.4	-9	-0.517008	
2.4	-8	-0.579088	
2.4	-7	-0.614076	
2.4	-6	-0.616568	
2.4	-5	-0.583344	
2.4	-4	-0.514784	
2.4	-3	-0.4144	
2.4	-2	-0.2778476	
2.4	-1.5	-0.1952696	
2.4	-1	-0.1011112	
2.4	-0.5	0.00461536	
2.4	0	0.1262208	

2.6	-24	-0.00474764	
2.6	-22	-0.00995844	
2.6	-20	-0.02048108	
2.6	-18	-0.0425388	
2.6	-16	-0.0858556	
2.6	-14	-0.1645372	
2.6	-12	-0.2870676	
2.6	-11	-0.3599112	
2.6	-10	-0.433456	
2.6	-9	-0.501556	
2.6	-8	-0.550664	
2.6	-7	-0.576648	
2.6	-6	-0.571844	
2.6	-5	-0.53352	
2.6	-4	-0.464184	
2.6	-3	-0.3604372	
2.6	-2	-0.2205372	
2.6	-1.5	-0.1345624	
2.6	-1	-0.03748808	
2.6	-0.5	0.0724772	
2.6	0	0.1979172	

2.8	-24	-0.00684508	
2.8	-22	-0.01347584	
2.8	-20	-0.02702328	
2.8	-18	-0.0530532	
2.8	-16	-0.1004152	
2.8	-14	-0.1813448	
2.8	-12	-0.296674	
2.8	-11	-0.3622916	
2.8	-10	-0.42662	
2.8	-9	-0.483372	
2.8	-8	-0.523016	
2.8	-7	-0.53974	
2.8	-6	-0.528372	
2.8	-5	-0.486228	
2.8	-4	-0.412572	
2.8	-3	-0.305644	
2.8	-2	-0.1609908	
2.8	-1.5	-0.072776	
2.8	-1	0.02684344	
2.8	-0.5	0.1405744	
2.8	0	0.2688028	

3	-24	-0.00940012	
3	-22	-0.01790696	
3	-20	-0.0341836	
3	-18	-0.063108	
3	-16	-0.1141052	
3	-14	-0.1941296	
3	-12	-0.3023736	
3	-11	-0.3618616	
3	-10	-0.417676	
3	-9	-0.46444	
3	-8	-0.49434	
3	-7	-0.502464	
3	-6	-0.485632	
3	-5	-0.439152	
3	-4	-0.3610224	
3	-3	-0.2493044	
3	-2	-0.0997612	
3	-1.5	-0.00898152	
3	-1	0.092618	
3	-0.5	0.2085644	
3	0	0.3385736	

3.2	-24	-0.01246088	
3.2	-22	-0.02301144	
3.2	-20	-0.04176	
3.2	-18	-0.0743364	
3.2	-16	-0.1270632	
3.2	-14	-0.2059588	
3.2	-12	-0.306636	
3.2	-11	-0.3583892	
3.2	-10	-0.406548	
3.2	-9	-0.444388	
3.2	-8	-0.466576	
3.2	-7	-0.466532	
3.2	-6	-0.442996	
3.2	-5	-0.3920124	
3.2	-4	-0.3093104	
3.2	-3	-0.1936696	
3.2	-2	-0.0391624	
3.2	-1.5	0.053684	
3.2	-1	0.1588724	
3.2	-0.5	0.2760308	
3.2	0	0.407468	

3.4	-24	-0.01616572	
3.4	-22	-0.02841256	
3.4	-20	-0.0494524	
3.4	-18	-0.0845132	
3.4	-16	-0.139034	
3.4	-14	-0.2153976	
3.4	-12	-0.3073264	
3.4	-11	-0.3532696	
3.4	-10	-0.3937616	
3.4	-9	-0.423716	
3.4	-8	-0.437808	
3.4	-7	-0.431356	
3.4	-6	-0.40164	
3.4	-5	-0.3448512	
3.4	-4	-0.2580412	
3.4	-3	-0.1377684	
3.4	-2	0.02174404	
3.4	-1.5	0.1147752	
3.4	-1	0.2219288	
3.4	-0.5	0.3428316	
3.4	0	0.475328	

3.6	-24	-0.0200756	
3.6	-22	-0.0342328	
3.6	-20	-0.0573356	
3.6	-18	-0.0941104	
3.6	-16	-0.1491004	
3.6	-14	-0.2224096	
3.6	-12	-0.3054752	
3.6	-11	-0.3455156	
3.6	-10	-0.378388	
3.6	-9	-0.400732	
3.6	-8	-0.407808	
3.6	-7	-0.3949852	
3.6	-6	-0.3593748	
3.6	-5	-0.2977344	
3.6	-4	-0.2059044	
3.6	-3	-0.0805612	
3.6	-2	0.0805004	
3.6	-1.5	0.1758756	
3.6	-1	0.2844524	
3.6	-0.5	0.404968	
3.6	0	0.537636	

3.8	-24	-0.02436752	
3.8	-22	-0.0401996	
3.8	-20	-0.0653748	
3.8	-18	-0.103556	
3.8	-16	-0.1579556	
3.8	-14	-0.2277256	
3.8	-12	-0.3021668	
3.8	-11	-0.3358264	
3.8	-10	-0.3625596	
3.8	-9	-0.3774164	
3.8	-8	-0.3783376	
3.8	-7	-0.3597972	
3.8	-6	-0.3173528	
3.8	-5	-0.251204	
3.8	-4	-0.1545576	
3.8	-3	-0.02586276	
3.8	-2	0.139414	
3.8	-1.5	0.2373604	
3.8	-1	0.346698	
3.8	-0.5	0.467724	
3.8	0	0.59978	

4	-24	-0.02899708	
4	-22	-0.0465432	
4	-20	-0.0729336	
4	-18	-0.1125184	
4	-16	-0.1654592	
4	-14	-0.2302724	
4	-12	-0.2969892	
4	-11	-0.3251864	
4	-10	-0.345256	
4	-9	-0.3544656	
4	-8	-0.3480452	
4	-7	-0.3231964	
4	-6	-0.2768684	
4	-5	-0.2044396	
4	-4	-0.103662	
4	-3	0.02864112	
4	-2	0.1959244	
4	-1.5	0.2956988	
4	-1	0.405292	
4	-0.5	0.52702	
4	0	0.659796	

4.2	-24	-0.0339142	
4.2	-22	-0.0526452	
4.2	-20	-0.0805432	
4.2	-18	-0.1200188	
4.2	-16	-0.1712836	
4.2	-14	-0.232154	
4.2	-12	-0.2897408	
4.2	-11	-0.312326	
4.2	-10	-0.3270876	
4.2	-9	-0.3300964	
4.2	-8	-0.3178308	
4.2	-7	-0.2870968	
4.2	-6	-0.2354844	
4.2	-5	-0.1584996	
4.2	-4	-0.054332	
4.2	-3	0.0822604	
4.2	-2	0.2537048	
4.2	-1.5	0.3538036	
4.2	-1	0.462416	
4.2	-0.5	0.582508	
4.2	0	0.7163	

4.4	-24	-0.0386386	
4.4	-22	-0.058828	
4.4	-20	-0.0876648	
4.4	-18	-0.1270684	
4.4	-16	-0.1758276	
4.4	-14	-0.2312716	
4.4	-12	-0.2811904	
4.4	-11	-0.2990116	
4.4	-10	-0.3079304	
4.4	-9	-0.305406	
4.4	-8	-0.287826	
4.4	-7	-0.2515832	
4.4	-6	-0.1947584	
4.4	-5	-0.1131264	
4.4	-4	-0.00440516	
4.4	-3	0.1341612	
4.4	-2	0.3072344	
4.4	-1.5	0.407308	
4.4	-1	0.51732	
4.4	-0.5	0.6399	
4.4	0	0.770448	

4.6	-24	-0.0434512	
4.6	-22	-0.0648144	
4.6	-20	-0.0939904	
4.6	-18	-0.1327284	
4.6	-16	-0.179694	
4.6	-14	-0.2295204	
4.6	-12	-0.271174	
4.6	-11	-0.2839084	
4.6	-10	-0.2882572	
4.6	-9	-0.2799124	
4.6	-8	-0.2567008	
4.6	-7	-0.2158984	
4.6	-6	-0.1541636	
4.6	-5	-0.0683252	
4.6	-4	0.0435068	
4.6	-3	0.1855564	
4.6	-2	0.3601448	
4.6	-1.5	0.461396	
4.6	-1	0.5718	
4.6	-0.5	0.691788	
4.6	0	0.822152	

4.8	-24	-0.0486024	
4.8	-22	-0.0705208	
4.8	-20	-0.1001968	
4.8	-18	-0.1376352	
4.8	-16	-0.181768	
4.8	-14	-0.2266412	
4.8	-12	-0.260544	
4.8	-11	-0.2684692	
4.8	-10	-0.2674408	
4.8	-9	-0.2543296	
4.8	-8	-0.2261832	
4.8	-7	-0.1803348	
4.8	-6	-0.1138816	
4.8	-5	-0.02508656	
4.8	-4	0.0905528	
4.8	-3	0.2350496	
4.8	-2	0.411128	
4.8	-1.5	0.513308	
4.8	-1	0.622136	
4.8	-0.5	0.741848	
4.8	0	0.870348	

5	-24	-0.053416	
5	-22	-0.0759368	
5	-20	-0.1053656	
5	-18	-0.1415084	
5	-16	-0.1825884	
5	-14	-0.2210656	
5	-12	-0.2476748	
5	-11	-0.2517832	
5	-10	-0.2459468	
5	-9	-0.2278568	
5	-8	-0.1950828	
5	-7	-0.1444456	
5	-6	-0.0736452	
5	-5	0.01849708	
5	-4	0.1366364	
5	-3	0.2830776	
5	-2	0.461072	
5	-1.5	0.561996	
5	-1	0.671284	
5	-0.5	0.791236	
5	0	0.91884	

5.2	-24	-0.0582864	
5.2	-22	-0.0810004	
5.2	-20	-0.1099424	
5.2	-18	-0.1448856	
5.2	-16	-0.1825552	
5.2	-14	-0.2157416	
5.2	-12	-0.2345176	
5.2	-11	-0.2335884	
5.2	-10	-0.2237624	
5.2	-9	-0.2015876	
5.2	-8	-0.1638092	
5.2	-7	-0.1092256	
5.2	-6	-0.03534296	
5.2	-5	0.0610524	
5.2	-4	0.1822824	
5.2	-3	0.3300664	
5.2	-2	0.507708	
5.2	-1.5	0.6099	
5.2	-1	0.720124	
5.2	-0.5	0.836972	
5.2	0	0.963888	

5.4	-24	-0.062488	
5.4	-22	-0.0854996	
5.4	-20	-0.1138872	
5.4	-18	-0.146486	
5.4	-16	-0.1809776	
5.4	-14	-0.2085656	
5.4	-12	-0.2205348	
5.4	-11	-0.2161836	
5.4	-10	-0.201458	
5.4	-9	-0.1743124	
5.4	-8	-0.1326788	
5.4	-7	-0.0742532	
5.4	-6	0.00366294	
5.4	-5	0.1026132	
5.4	-4	0.2260732	
5.4	-3	0.3750504	
5.4	-2	0.553892	
5.4	-1.5	0.654696	
5.4	-1	0.76334	
5.4	-0.5	0.8801	
5.4	0	1.004792	

5.6	-24	-0.0669044	
5.6	-22	-0.0895648	
5.6	-20	-0.11711	
5.6	-18	-0.147544	
5.6	-16	-0.178354	
5.6	-14	-0.2004956	
5.6	-12	-0.2058824	
5.6	-11	-0.1973188	
5.6	-10	-0.1785436	
5.6	-9	-0.1470868	
5.6	-8	-0.101592	
5.6	-7	-0.03952204	
5.6	-6	0.0420876	
5.6	-5	0.1440972	
5.6	-4	0.268932	
5.6	-3	0.420412	
5.6	-2	0.599596	
5.6	-1.5	0.70036	
5.6	-1	0.8082	
5.6	-0.5	0.92316	
5.6	0	1.047212	

5.8	-24	-0.070876	
5.8	-22	-0.093258	
5.8	-20	-0.1194788	
5.8	-18	-0.147914	
5.8	-16	-0.1745484	
5.8	-14	-0.1916784	
5.8	-12	-0.1898192	
5.8	-11	-0.1775396	
5.8	-10	-0.1550856	
5.8	-9	-0.119936	
5.8	-8	-0.0710048	
5.8	-7	-0.00510348	
5.8	-6	0.0790436	
5.8	-5	0.1844236	
5.8	-4	0.3119836	
5.8	-3	0.464296	
5.8	-2	0.64288	
5.8	-1.5	0.744544	
5.8	-1	0.849524	
5.8	-0.5	0.965564	
5.8	0	1.087296	

6	-24	-0.07438	
6	-22	-0.0964516	
6	-20	-0.1212784	
6	-18	-0.1472212	
6	-16	-0.169676	
6	-14	-0.1817664	
6	-12	-0.1735408	
6	-11	-0.1570976	
6	-10	-0.131184	
6	-9	-0.0925132	
6	-8	-0.0400288	
6	-7	0.02878056	
6	-6	0.11549	
6	-5	0.2231888	
6	-4	0.35278	
6	-3	0.504916	
6	-2	0.685044	
6	-1.5	0.784684	
6	-1	0.890336	
6	-0.5	1.003712	
6	0	1.124628	

6.2	-24	-0.077638	
6.2	-22	-0.098892	
6.2	-20	-0.12228	
6.2	-18	-0.1458056	
6.2	-16	-0.1643992	
6.2	-14	-0.1711664	
6.2	-12	-0.1565252	
6.2	-11	-0.1369624	
6.2	-10	-0.1072956	
6.2	-9	-0.0651244	
6.2	-8	-0.00958772	
6.2	-7	0.0626664	
6.2	-6	0.1520144	
6.2	-5	0.2612808	
6.2	-4	0.3920256	
6.2	-3	0.546336	
6.2	-2	0.723732	
6.2	-1.5	0.82384	
6.2	-1	0.930036	
6.2	-0.5	1.042068	
6.2	0	1.162124	

6.4	-24	-0.0802532	
6.4	-22	-0.1009344	
6.4	-20	-0.1228484	
6.4	-18	-0.1430744	
6.4	-16	-0.1582856	
6.4	-14	-0.1596088	
6.4	-12	-0.1390008	
6.4	-11	-0.1159876	
6.4	-10	-0.0830516	
6.4	-9	-0.03795632	
6.4	-8	0.0213268	
6.4	-7	0.0958456	
6.4	-6	0.1872452	
6.4	-5	0.2987452	
6.4	-4	0.430712	
6.4	-3	0.58418	
6.4	-2	0.762652	
6.4	-1.5	0.861424	
6.4	-1	0.965844	
6.4	-0.5	1.076372	
6.4	0	1.195128	

6.6	-24	-0.0829084	
6.6	-22	-0.102546	
6.6	-20	-0.1223648	
6.6	-18	-0.14022	
6.6	-16	-0.151042	
6.6	-14	-0.1474188	
6.6	-12	-0.1206248	
6.6	-11	-0.0949436	
6.6	-10	-0.0586888	
6.6	-9	-0.01054696	
6.6	-8	0.0513592	
6.6	-7	0.1282204	
6.6	-6	0.2225172	
6.6	-5	0.334556	
6.6	-4	0.467904	
6.6	-3	0.621868	
6.6	-2	0.79908	
6.6	-1.5	0.896856	
6.6	-1	1.00026	
6.6	-0.5	1.110572	
6.6	0	1.227512	

6.8	-24	-0.0848964	
6.8	-22	-0.1033804	
6.8	-20	-0.1213472	
6.8	-18	-0.1364272	
6.8	-16	-0.1432372	
6.8	-14	-0.1345976	
6.8	-12	-0.10223	
6.8	-11	-0.0733532	
6.8	-10	-0.03441956	
6.8	-9	0.01694472	
6.8	-8	0.0808556	
6.8	-7	0.1604212	
6.8	-6	0.2568088	
6.8	-5	0.3708604	
6.8	-4	0.50408	
6.8	-3	0.659776	
6.8	-2	0.834748	
6.8	-1.5	0.932028	
6.8	-1	1.03492	
6.8	-0.5	1.143156	
6.8	0	1.258304	

7	-24	-0.0864496	
7	-22	-0.1037496	
7	-20	-0.1196008	
7	-18	-0.1319964	
7	-16	-0.134468	
7	-14	-0.1213852	
7	-12	-0.0833456	
7	-11	-0.0516792	
7	-10	-0.00975368	
7	-9	0.0436172	
7	-8	0.110428	
7	-7	0.1920696	
7	-6	0.2904136	
7	-5	0.405596	
7	-4	0.538824	
7	-3	0.69456	
7	-2	0.87106	
7	-1.5	0.966316	
7	-1	1.067056	
7	-0.5	1.173924	
7	0	1.28694	

7.2	-24	-0.0878916	
7.2	-22	-0.1035024	
7.2	-20	-0.1176904	
7.2	-18	-0.1266416	
7.2	-16	-0.12505	
7.2	-14	-0.1072644	
7.2	-12	-0.0643184	
7.2	-11	-0.029969	
7.2	-10	0.0146738	
7.2	-9	0.0706696	
7.2	-8	0.1399228	
7.2	-7	0.2229996	
7.2	-6	0.322744	
7.2	-5	0.439144	
7.2	-4	0.574464	
7.2	-3	0.727676	
7.2	-2	0.903876	
7.2	-1.5	0.998836	
7.2	-1	1.098944	
7.2	-0.5	1.204916	
7.2	0	1.316168	

7.4	-24	-0.0886888	
7.4	-22	-0.1026236	
7.4	-20	-0.114742	
7.4	-18	-0.1207176	
7.4	-16	-0.1151784	
7.4	-14	-0.093052	
7.4	-12	-0.0448684	
7.4	-11	-0.00805516	
7.4	-10	0.03884112	
7.4	-9	0.097632	
7.4	-8	0.1688768	
7.4	-7	0.2542552	
7.4	-6	0.3548392	
7.4	-5	0.472848	
7.4	-4	0.60752	
7.4	-3	0.761888	
7.4	-2	0.93446	
7.4	-1.5	1.028768	
7.4	-1	1.128708	
7.4	-0.5	1.233524	
7.4	0	1.343808	

7.6	-24	-0.0891108	
7.6	-22	-0.1014544	
7.6	-20	-0.1112488	
7.6	-18	-0.1139744	
7.6	-16	-0.1050372	
7.6	-14	-0.0781396	
7.6	-12	-0.02516476	
7.6	-11	0.01414184	
7.6	-10	0.0632424	
7.6	-9	0.1239828	
7.6	-8	0.197304	
7.6	-7	0.2836736	
7.6	-6	0.3864588	
7.6	-5	0.503968	
7.6	-4	0.640132	
7.6	-3	0.793092	
7.6	-2	0.966228	
7.6	-1.5	1.059636	
7.6	-1	1.15854	
7.6	-0.5	1.261044	
7.6	0	1.368796	

7.8	-24	-0.0889252	
7.8	-22	-0.0997816	
7.8	-20	-0.1072044	
7.8	-18	-0.1069512	
7.8	-16	-0.0940552	
7.8	-14	-0.063064	
7.8	-12	-0.00541136	
7.8	-11	0.03639116	
7.8	-10	0.0875352	
7.8	-9	0.1500924	
7.8	-8	0.2253568	
7.8	-7	0.3137944	
7.8	-6	0.416924	
7.8	-5	0.535824	
7.8	-4	0.671476	
7.8	-3	0.824064	
7.8	-2	0.995432	
7.8	-1.5	1.0869	
7.8	-1	1.184744	
7.8	-0.5	1.287276	
7.8	0	1.394052	

8	-24	-0.0880552	
8	-22	-0.0976252	
8	-20	-0.1024816	
8	-18	-0.099268	
8	-16	-0.0826888	
8	-14	-0.0474092	
8	-12	0.01441332	
8	-11	0.0581884	
8	-10	0.111548	
8	-9	0.1762252	
8	-8	0.2525624	
8	-7	0.342752	
8	-6	0.446872	
8	-5	0.566244	
8	-4	0.702424	
8	-3	0.854772	
8	-2	1.024164	
8	-1.5	1.115392	
8	-1	1.211896	
8	-0.5	1.313128	
8	0	1.418632	

8.2	-24	-0.0871992	
8.2	-22	-0.0947636	
8.2	-20	-0.0971504	
8.2	-18	-0.0909616	
8.2	-16	-0.0707116	
8.2	-14	-0.03172924	
8.2	-12	0.03437384	
8.2	-11	0.0804508	
8.2	-10	0.1357212	
8.2	-9	0.2018672	
8.2	-8	0.2803756	
8.2	-7	0.3720304	
8.2	-6	0.476148	
8.2	-5	0.59694	
8.2	-4	0.731212	
8.2	-3	0.88376	
8.2	-2	1.053128	
8.2	-1.5	1.1439	
8.2	-1	1.239056	
8.2	-0.5	1.338736	
8.2	0	1.443172	

8.4	-24	-0.0857088	
8.4	-22	-0.0913608	
8.4	-20	-0.0915396	
8.4	-18	-0.0823092	
8.4	-16	-0.0587672	
8.4	-14	-0.01557632	
8.4	-12	0.0546052	
8.4	-11	0.1022804	
8.4	-10	0.1595412	
8.4	-9	0.227852	
8.4	-8	0.3072896	
8.4	-7	0.3996192	
8.4	-6	0.505432	
8.4	-5	0.624772	
8.4	-4	0.76102	
8.4	-3	0.911644	
8.4	-2	1.078976	
8.4	-1.5	1.169	
8.4	-1	1.263608	
8.4	-0.5	1.362076	
8.4	0	1.465336	

8.6	-24	-0.0837328	
8.6	-22	-0.0877476	
8.6	-20	-0.0855036	
8.6	-18	-0.0734284	
8.6	-16	-0.0462392	
8.6	-14	0.000652356	
8.6	-12	0.074616	
8.6	-11	0.1242956	
8.6	-10	0.1832036	
8.6	-9	0.252672	
8.6	-8	0.3342148	
8.6	-7	0.426884	
8.6	-6	0.534672	
8.6	-5	0.6538	
8.6	-4	0.788248	
8.6	-3	0.93954	
8.6	-2	1.105716	
8.6	-1.5	1.19416	
8.6	-1	1.287228	
8.6	-0.5	1.383912	
8.6	0	1.484736	

8.8	-24	-0.0813952	
8.8	-22	-0.0836468	
8.8	-20	-0.0790608	
8.8	-18	-0.0638852	
8.8	-16	-0.0331566	
8.8	-14	0.01714892	
8.8	-12	0.0946904	
8.8	-11	0.1463468	
8.8	-10	0.2066464	
8.8	-9	0.2773128	
8.8	-8	0.3599156	
8.8	-7	0.454348	
8.8	-6	0.561476	
8.8	-5	0.68218	
8.8	-4	0.816364	
8.8	-3	0.965864	
8.8	-2	1.13074	
8.8	-1.5	1.218548	
8.8	-1	1.31092	
8.8	-0.5	1.407248	
8.8	0	1.507244	

9	-24	-0.0787336	
9	-22	-0.0789332	
9	-20	-0.0721048	
9	-18	-0.0539508	
9	-16	-0.02015468	
9	-14	0.03374664	
9	-12	0.1149532	
9	-11	0.168162	
9	-10	0.2299972	
9	-9	0.301914	
9	-8	0.3860168	
9	-7	0.480952	
9	-6	0.587248	
9	-5	0.709208	
9	-4	0.843264	
9	-3	0.99094	
9	-2	1.154188	
9	-1.5	1.241488	
9	-1	1.33244	
9	-0.5	1.427204	
9	0	1.52532	

9.2	-24	-0.0756068	
9.2	-22	-0.073852	
9.2	-20	-0.0646576	
9.2	-18	-0.0434972	
9.2	-16	-0.00672884	
9.2	-14	0.050598	
9.2	-12	0.1351148	
9.2	-11	0.1895604	
9.2	-10	0.25304	
9.2	-9	0.3265424	
9.2	-8	0.41056	
9.2	-7	0.506732	
9.2	-6	0.614448	
9.2	-5	0.73566	
9.2	-4	0.8692	
9.2	-3	1.017136	
9.2	-2	1.178524	
9.2	-1.5	1.264456	
9.2	-1	1.354388	
9.2	-0.5	1.44692	
9.2	0	1.543996	

9.4	-24	-0.072162	
9.4	-22	-0.0684816	
9.4	-20	-0.0566756	
9.4	-18	-0.03306252	
9.4	-16	0.0068934	
9.4	-14	0.0675788	
9.4	-12	0.1551576	
9.4	-11	0.2108148	
9.4	-10	0.2761032	
9.4	-9	0.3503064	
9.4	-8	0.435268	
9.4	-7	0.531876	
9.4	-6	0.639728	
9.4	-5	0.760888	
9.4	-4	0.894308	
9.4	-3	1.041144	
9.4	-2	1.20096	
9.4	-1.5	1.286948	
9.4	-1	1.375588	
9.4	-0.5	1.467492	
9.4	0	1.563608	

9.6	-24	-0.0685576	
9.6	-22	-0.0627852	
9.6	-20	-0.0486536	
9.6	-18	-0.02221376	
9.6	-16	0.02060896	
9.6	-14	0.0844664	
9.6	-12	0.1752456	
9.6	-11	0.2322096	
9.6	-10	0.2987	
9.6	-9	0.373938	
9.6	-8	0.459732	
9.6	-7	0.5565	
9.6	-6	0.664972	
9.6	-5	0.786016	
9.6	-4	0.91828	
9.6	-3	1.064428	
9.6	-2	1.22316	
9.6	-1.5	1.308372	
9.6	-1	1.395992	
9.6	-0.5	1.487556	
9.6	0	1.581832	

9.8	-24	-0.0643676	
9.8	-22	-0.0565896	
9.8	-20	-0.0400468	
9.8	-18	-0.01100248	
9.8	-16	0.03474408	
9.8	-14	0.1014732	
9.8	-12	0.1950952	
9.8	-11	0.2533768	
9.8	-10	0.320608	
9.8	-9	0.3971488	
9.8	-8	0.48352	
9.8	-7	0.580876	
9.8	-6	0.689988	
9.8	-5	0.8101	
9.8	-4	0.942692	
9.8	-3	1.087804	
9.8	-2	1.24468	
9.8	-1.5	1.328412	
9.8	-1	1.415788	
9.8	-0.5	1.505388	
9.8	0	1.598532	

10	-24	-0.0597732	
10	-22	-0.050208	
10	-20	-0.03113132	
10	-18	0.00039413	
10	-16	0.049076	
10	-14	0.1187892	
10	-12	0.214936	
10	-11	0.27456	
10	-10	0.342634	
10	-9	0.41996	
10	-8	0.507232	
10	-7	0.604884	
10	-6	0.713516	
10	-5	0.833668	
10	-4	0.965788	
10	-3	1.110164	
10	-2	1.266564	
10	-1.5	1.34936	
10	-1	1.43502	
10	-0.5	1.523472	
10	0	1.615188	

10.2	-24	-0.054866	
10.2	-22	-0.0433784	
10.2	-20	-0.02197872	
10.2	-18	0.01208016	
10.2	-16	0.06339	
10.2	-14	0.135888	
10.2	-12	0.2343772	
10.2	-11	0.2948552	
10.2	-10	0.3640464	
10.2	-9	0.44268	
10.2	-8	0.529948	
10.2	-7	0.627904	
10.2	-6	0.737144	
10.2	-5	0.856576	
10.2	-4	0.987968	
10.2	-3	1.130684	
10.2	-2	1.285388	
10.2	-1.5	1.367004	
10.2	-1	1.451828	
10.2	-0.5	1.54006	
10.2	0	1.630584	

10.4	-24	-0.0496584	
10.4	-22	-0.03624944	
10.4	-20	-0.012618	
10.4	-18	0.02403064	
10.4	-16	0.0779972	
10.4	-14	0.1529504	
10.4	-12	0.2541948	
10.4	-11	0.3157412	
10.4	-10	0.3858132	
10.4	-9	0.464972	
10.4	-8	0.552812	
10.4	-7	0.651368	
10.4	-6	0.760204	
10.4	-5	0.879508	
10.4	-4	1.010048	
10.4	-3	1.151584	
10.4	-2	1.305444	
10.4	-1.5	1.386604	
10.4	-1	1.470404	
10.4	-0.5	1.556924	
10.4	0	1.646144	

10.6	-24	-0.0442392	
10.6	-22	-0.02874012	
10.6	-20	-0.002824556	
10.6	-18	0.03611792	
10.6	-16	0.0927824	
10.6	-14	0.1701396	
10.6	-12	0.2734224	
10.6	-11	0.3360996	
10.6	-10	0.406804	
10.6	-9	0.486424	
10.6	-8	0.575336	
10.6	-7	0.673724	
10.6	-6	0.782288	
10.6	-5	0.901576	
10.6	-4	1.0312	
10.6	-3	1.171884	
10.6	-2	1.323504	
10.6	-1.5	1.403248	
10.6	-1	1.48606	
10.6	-0.5	1.572232	
10.6	0	1.660408	

10.8	-24	-0.03852224	
10.8	-22	-0.02102596	
10.8	-20	0.00692984	
10.8	-18	0.04848	
10.8	-16	0.1073256	
10.8	-14	0.18706	
10.8	-12	0.2924028	
10.8	-11	0.3562748	
10.8	-10	0.427752	
10.8	-9	0.507664	
10.8	-8	0.597556	
10.8	-7	0.695792	
10.8	-6	0.804456	
10.8	-5	0.92324	
10.8	-4	1.051812	
10.8	-3	1.191428	
10.8	-2	1.341392	
10.8	-1.5	1.4207	
10.8	-1	1.503264	
10.8	-0.5	1.587892	
10.8	0	1.675464	

11	-24	-0.03241068	
11	-22	-0.01297228	
11	-20	0.01720356	
11	-18	0.0610064	
11	-16	0.1221596	
11	-14	0.2042716	
11	-12	0.3115624	
11	-11	0.37639	
11	-10	0.448276	
11	-9	0.528756	
11	-8	0.618668	
11	-7	0.7176	
11	-6	0.825336	
11	-5	0.944084	
11	-4	1.072716	
11	-3	1.210968	
11	-2	1.360164	
11	-1.5	1.43824	
11	-1	1.519012	
11	-0.5	1.60252	
11	0	1.688596	

11.2	-24	-0.02608204	
11.2	-22	-0.00474572	
11.2	-20	0.02742244	
11.2	-18	0.0735036	
11.2	-16	0.1371268	
11.2	-14	0.2212648	
11.2	-12	0.3302656	
11.2	-11	0.395956	
11.2	-10	0.468732	
11.2	-9	0.549884	
11.2	-8	0.639596	
11.2	-7	0.738724	
11.2	-6	0.846296	
11.2	-5	0.964096	
11.2	-4	1.091804	
11.2	-3	1.230292	
11.2	-2	1.378028	
11.2	-1.5	1.455652	
11.2	-1	1.535816	
11.2	-0.5	1.61846	
11.2	0	1.70324	

11.4	-24	-0.01948876	
11.4	-22	0.003735784	
11.4	-20	0.0379234	
11.4	-18	0.0860912	
11.4	-16	0.1519676	
11.4	-14	0.2383124	
11.4	-12	0.3493008	
11.4	-11	0.415452	
11.4	-10	0.488716	
11.4	-9	0.570144	
11.4	-8	0.66056	
11.4	-7	0.75944	
11.4	-6	0.867308	
11.4	-5	0.984184	
11.4	-4	1.111224	
11.4	-3	1.247524	
11.4	-2	1.394028	
11.4	-1.5	1.47068	
11.4	-1	1.549672	
11.4	-0.5	1.631516	
11.4	0	1.715408	

11.6	-24	-0.012583	
11.6	-22	0.01246868	
11.6	-20	0.0486172	
11.6	-18	0.0990332	
11.6	-16	0.1669532	
11.6	-14	0.2553868	
11.6	-12	0.3679804	
11.6	-11	0.434548	
11.6	-10	0.508868	
11.6	-9	0.59038	
11.6	-8	0.680708	
11.6	-7	0.77968	
11.6	-6	0.887216	
11.6	-5	1.003612	
11.6	-4	1.129648	
11.6	-3	1.264524	
11.6	-2	1.4096	
11.6	-1.5	1.485936	
11.6	-1	1.564264	
11.6	-0.5	1.644848	
11.6	0	1.72772	

11.8	-24	-0.0054218	
11.8	-22	0.02127464	
11.8	-20	0.0595852	
11.8	-18	0.1118532	
11.8	-16	0.1819268	
11.8	-14	0.2721096	
11.8	-12	0.3861728	
11.8	-11	0.453736	
11.8	-10	0.528152	
11.8	-9	0.61016	
11.8	-8	0.700652	
11.8	-7	0.7988	
11.8	-6	0.906184	
11.8	-5	1.023036	
11.8	-4	1.148004	
11.8	-3	1.282236	
11.8	-2	1.425668	
11.8	-1.5	1.500652	
11.8	-1	1.577764	
11.8	-0.5	1.657876	
11.8	0	1.739828	

12	-24	0.001886792	
12	-22	0.03038212	
12	-20	0.0706764	
12	-18	0.1249612	
12	-16	0.1968104	
12	-14	0.2888204	
12	-12	0.404524	
12	-11	0.47194	
12	-10	0.547356	
12	-9	0.629688	
12	-8	0.71988	
12	-7	0.818408	
12	-6	0.925436	
12	-5	1.041204	
12	-4	1.165728	
12	-3	1.29922	
12	-2	1.441592	
12	-1.5	1.516552	
12	-1	1.592656	
12	-0.5	1.671696	
12	0	1.752856	

12.4	-24	0.01720588	
12.4	-22	0.04908	
12.4	-20	0.0930688	
12.4	-18	0.1510156	
12.4	-16	0.2264284	
12.4	-14	0.3219804	
12.4	-12	0.440628	
12.4	-11	0.509324	
12.4	-10	0.584888	
12.4	-9	0.668128	
12.4	-8	0.758532	
12.4	-7	0.856876	
12.4	-6	0.963416	
12.4	-5	1.077352	
12.4	-4	1.199884	
12.4	-3	1.331216	
12.4	-2	1.47066	
12.4	-1.5	1.543828	
12.4	-1	1.618632	
12.4	-0.5	1.695836	
12.4	0	1.774724	

12.8	-24	0.033252	
12.8	-22	0.0685208	
12.8	-20	0.1159948	
12.8	-18	0.1774492	
12.8	-16	0.256308	
12.8	-14	0.3544416	
12.8	-12	0.475644	
12.8	-11	0.5454	
12.8	-10	0.621572	
12.8	-9	0.704384	
12.8	-8	0.795216	
12.8	-7	0.892828	
12.8	-6	0.998164	
12.8	-5	1.112052	
12.8	-4	1.233048	
12.8	-3	1.361888	
12.8	-2	1.49802	
12.8	-1.5	1.56992	
12.8	-1	1.643124	
12.8	-0.5	1.718548	
12.8	0	1.795472	

13.2	-24	0.0498544	
13.2	-22	0.0884384	
13.2	-20	0.1389704	
13.2	-18	0.2041172	
13.2	-16	0.2856752	
13.2	-14	0.38685	
13.2	-12	0.510224	
13.2	-11	0.580192	
13.2	-10	0.657276	
13.2	-9	0.74064	
13.2	-8	0.83034	
13.2	-7	0.928348	
13.2	-6	1.03232	
13.2	-5	1.144572	
13.2	-4	1.264524	
13.2	-3	1.39162	
13.2	-2	1.526148	
13.2	-1.5	1.59638	
13.2	-1	1.668328	
13.2	-0.5	1.742004	
13.2	0	1.817848	

13.6	-24	0.0671344	
13.6	-22	0.1087408	
13.6	-20	0.1625568	
13.6	-18	0.2304632	
13.6	-16	0.3150336	
13.6	-14	0.418404	
13.6	-12	0.543776	
13.6	-11	0.614484	
13.6	-10	0.691512	
13.6	-9	0.774768	
13.6	-8	0.864844	
13.6	-7	0.96114	
13.6	-6	1.065368	
13.6	-5	1.176524	
13.6	-4	1.293396	
13.6	-3	1.418404	
13.6	-2	1.550644	
13.6	-1.5	1.619064	
13.6	-1	1.689976	
13.6	-0.5	1.761952	
13.6	0	1.836192	

14	-24	0.0849724	
14	-22	0.1295416	
14	-20	0.1862044	
14	-18	0.2568512	
14	-16	0.3437832	
14	-14	0.449404	
14	-12	0.576248	
14	-11	0.648092	
14	-10	0.725504	
14	-9	0.808448	
14	-8	0.898292	
14	-7	0.994116	
14	-6	1.096664	
14	-5	1.206064	
14	-4	1.321324	
14	-3	1.445356	
14	-2	1.574944	
14	-1.5	1.64232	
14	-1	1.711344	
14	-0.5	1.781856	
14	0	1.853984	

14.4	-24	0.1031964	
14.4	-22	0.1505876	
14.4	-20	0.2097184	
14.4	-18	0.2831764	
14.4	-16	0.37256	
14.4	-14	0.480168	
14.4	-12	0.607648	
14.4	-11	0.680108	
14.4	-10	0.757492	
14.4	-9	0.8409	
14.4	-8	0.929904	
14.4	-7	1.025496	
14.4	-6	1.126992	
14.4	-5	1.235456	
14.4	-4	1.349152	
14.4	-3	1.469988	
14.4	-2	1.597432	
14.4	-1.5	1.663504	
14.4	-1	1.73086	
14.4	-0.5	1.799772	
14.4	0	1.870476	

14.8	-24	0.1218704	
14.8	-22	0.1717416	
14.8	-20	0.2334916	
14.8	-18	0.3091444	
14.8	-16	0.400968	
14.8	-14	0.510116	
14.8	-12	0.638716	
14.8	-11	0.711152	
14.8	-10	0.788768	
14.8	-9	0.872064	
14.8	-8	0.960556	
14.8	-7	1.055448	
14.8	-6	1.156204	
14.8	-5	1.262988	
14.8	-4	1.37594	
14.8	-3	1.49518	
14.8	-2	1.619908	
14.8	-1.5	1.684524	
14.8	-1	1.751076	
14.8	-0.5	1.818584	
14.8	0	1.88786	

15.2	-24	0.1409228	
15.2	-22	0.193264	
15.2	-20	0.2573748	
15.2	-18	0.3352232	
15.2	-16	0.428732	
15.2	-14	0.539584	
15.2	-12	0.669252	
15.2	-11	0.741332	
15.2	-10	0.819092	
15.2	-9	0.9025	
15.2	-8	0.99062	
15.2	-7	1.084448	
15.2	-6	1.184168	
15.2	-5	1.289316	
15.2	-4	1.40054	
15.2	-3	1.51804	
15.2	-2	1.641228	
15.2	-1.5	1.704908	
15.2	-1	1.769764	
15.2	-0.5	1.836328	
15.2	0	1.904068	

15.6	-24	0.1601108	
15.6	-22	0.2147156	
15.6	-20	0.2810968	
15.6	-18	0.3611456	
15.6	-16	0.45632	
15.6	-14	0.568016	
15.6	-12	0.69854	
15.6	-11	0.77092	
15.6	-10	0.848088	
15.6	-9	0.930912	
15.6	-8	1.019052	
15.6	-7	1.11308	
15.6	-6	1.211328	
15.6	-5	1.315308	
15.6	-4	1.425024	
15.6	-3	1.540936	
15.6	-2	1.6612	
15.6	-1.5	1.723436	
15.6	-1	1.786768	
15.6	-0.5	1.851868	
15.6	0	1.918496	

16	-24	0.1795168	
16	-22	0.2363036	
16	-20	0.305052	
16	-18	0.38697	
16	-16	0.483536	
16	-14	0.596372	
16	-12	0.727216	
16	-11	0.79936	
16	-10	0.876696	
16	-9	0.958848	
16	-8	1.046096	
16	-7	1.139016	
16	-6	1.236712	
16	-5	1.340392	
16	-4	1.448432	
16	-3	1.561648	
16	-2	1.680292	
16	-1.5	1.741412	
16	-1	1.803844	
16	-0.5	1.8677	
16	0	1.932752	

16.8	-24	0.218814	
16.8	-22	0.2795796	
16.8	-20	0.3522756	
16.8	-18	0.437236	
16.8	-16	0.536616	
16.8	-14	0.651516	
16.8	-12	0.782912	
16.8	-11	0.854688	
16.8	-10	0.931536	
16.8	-9	1.01288	
16.8	-8	1.098852	
16.8	-7	1.189428	
16.8	-6	1.284388	
16.8	-5	1.3849	
16.8	-4	1.490308	
16.8	-3	1.600048	
16.8	-2	1.715116	
16.8	-1.5	1.774372	
16.8	-1	1.834264	
16.8	-0.5	1.89602	
16.8	0	1.958348	

17.6	-24	0.2583076	
17.6	-22	0.3227224	
17.6	-20	0.3983784	
17.6	-18	0.486032	
17.6	-16	0.587568	
17.6	-14	0.703364	
17.6	-12	0.834836	
17.6	-11	0.906544	
17.6	-10	0.982636	
17.6	-9	1.06312	
17.6	-8	1.147852	
17.6	-7	1.236964	
17.6	-6	1.330296	
17.6	-5	1.427964	
17.6	-4	1.530364	
17.6	-3	1.637184	
17.6	-2	1.7481	
17.6	-1.5	1.804684	
17.6	-1	1.86324	
17.6	-0.5	1.922028	
17.6	0	1.98226	

18.4	-24	0.298208	
18.4	-22	0.3655152	
18.4	-20	0.443628	
18.4	-18	0.53396	
18.4	-16	0.636732	
18.4	-14	0.75344	
18.4	-12	0.884548	
18.4	-11	0.956084	
18.4	-10	1.030944	
18.4	-9	1.109924	
18.4	-8	1.192644	
18.4	-7	1.28014	
18.4	-6	1.371736	
18.4	-5	1.467468	
18.4	-4	1.566672	
18.4	-3	1.6704	
18.4	-2	1.778236	
18.4	-1.5	1.83354	
18.4	-1	1.889596	
18.4	-0.5	1.946904	
18.4	0	2.004916	

19.2	-24	0.3376212	
19.2	-22	0.407756	
19.2	-20	0.488236	
19.2	-18	0.580036	
19.2	-16	0.684316	
19.2	-14	0.80118	
19.2	-12	0.932012	
19.2	-11	1.002704	
19.2	-10	1.07696	
19.2	-9	1.155208	
19.2	-8	1.236836	
19.2	-7	1.322076	
19.2	-6	1.410612	
19.2	-5	1.503188	
19.2	-4	1.60006	
19.2	-3	1.70006	
19.2	-2	1.803964	
19.2	-1.5	1.85744	
19.2	-1	1.911696	
19.2	-0.5	1.967004	
19.2	0	2.022956	

20	-24	0.3768532	
20	-22	0.44912	
20	-20	0.531712	
20	-18	0.624648	
20	-16	0.7297	
20	-14	0.846772	
20	-12	0.976768	
20	-11	1.04672	
20	-10	1.120296	
20	-9	1.196804	
20	-8	1.27716	
20	-7	1.360628	
20	-6	1.447896	
20	-5	1.539048	
20	-4	1.632768	
20	-3	1.73064	
20	-2	1.831188	
20	-1.5	1.882984	
20	-1	1.935512	
20	-0.5	1.988948	
20	0	2.043224	

20.8	-24	0.415632	
20.8	-22	0.489788	
20.8	-20	0.573856	
20.8	-18	0.66802	
20.8	-16	0.773432	
20.8	-14	0.890504	
20.8	-12	1.019412	
20.8	-11	1.088388	
20.8	-10	1.161032	
20.8	-9	1.236472	
20.8	-8	1.315392	
20.8	-7	1.39724	
20.8	-6	1.482748	
20.8	-5	1.570532	
20.8	-4	1.661932	
20.8	-3	1.75664	
20.8	-2	1.8548	
20.8	-1.5	1.905184	
20.8	-1	1.955984	
20.8	-0.5	2.007604	
20.8	0	2.060144	

21.6	-24	0.453604	
21.6	-22	0.529768	
21.6	-20	0.614772	
21.6	-18	0.709876	
21.6	-16	0.815536	
21.6	-14	0.932032	
21.6	-12	1.05994	
21.6	-11	1.128256	
21.6	-10	1.2	
21.6	-9	1.274156	
21.6	-8	1.351192	
21.6	-7	1.431764	
21.6	-6	1.51496	
21.6	-5	1.601168	
21.6	-4	1.690392	
21.6	-3	1.782808	
21.6	-2	1.877472	
21.6	-1.5	1.92616	
21.6	-1	1.975144	
21.6	-0.5	2.025552	
21.6	0	2.076484	

22.4	-24	0.491232	
22.4	-22	0.568548	
22.4	-20	0.654816	
22.4	-18	0.750164	
22.4	-16	0.85584	
22.4	-14	0.971804	
22.4	-12	1.098508	
22.4	-11	1.16584	
22.4	-10	1.236076	
22.4	-9	1.308988	
22.4	-8	1.384564	
22.4	-7	1.463492	
22.4	-6	1.545084	
22.4	-5	1.629512	
22.4	-4	1.716608	
22.4	-3	1.805988	
22.4	-2	1.898504	
22.4	-1.5	1.945696	
22.4	-1	1.993628	
22.4	-0.5	2.042208	
22.4	0	2.090976	

23.2	-24	0.527836	
23.2	-22	0.606224	
23.2	-20	0.69356	
23.2	-18	0.78922	
23.2	-16	0.894676	
23.2	-14	1.009808	
23.2	-12	1.135252	
23.2	-11	1.201532	
23.2	-10	1.27072	
23.2	-9	1.342352	
23.2	-8	1.416588	
23.2	-7	1.493564	
23.2	-6	1.573376	
23.2	-5	1.655756	
23.2	-4	1.740288	
23.2	-3	1.827916	
23.2	-2	1.917384	
23.2	-1.5	1.963452	
23.2	-1	2.010128	
23.2	-0.5	2.057064	
23.2	0	2.104624	

24	-24	0.563692	
24	-22	0.643104	
24	-20	0.730968	
24	-18	0.827036	
24	-16	0.931876	
24	-14	1.04632	
24	-12	1.17002	
24	-11	1.235648	
24	-10	1.30368	
24	-9	1.374088	
24	-8	1.447128	
24	-7	1.522532	
24	-6	1.5997	
24	-5	1.680284	
24	-4	1.763188	
24	-3	1.847968	
24	-2	1.93544	
24	-1.5	1.98008	
24	-1	2.025164	
24	-0.5	2.071048	
24	0	2.117176	

24.8	-24	0.59872	
24.8	-22	0.679056	
24.8	-20	0.766788	
24.8	-18	0.863196	
24.8	-16	0.967976	
24.8	-14	1.08128	
24.8	-12	1.203832	
24.8	-11	1.268208	
24.8	-10	1.335024	
24.8	-9	1.404028	
24.8	-8	1.475568	
24.8	-7	1.549612	
24.8	-6	1.625628	
24.8	-5	1.70418	
24.8	-4	1.784788	
24.8	-3	1.867732	
24.8	-2	1.952628	
24.8	-1.5	1.99596	
24.8	-1	2.040108	
24.8	-0.5	2.084356	
24.8	0	2.129616	

25.6	-24	0.632936	
25.6	-22	0.713664	
25.6	-20	0.801836	
25.6	-18	0.897948	
25.6	-16	1.002272	
25.6	-14	1.114732	
25.6	-12	1.235424	
25.6	-11	1.299148	
25.6	-10	1.365064	
25.6	-9	1.432888	
25.6	-8	1.503484	
25.6	-7	1.575672	
25.6	-6	1.650084	
25.6	-5	1.726708	
25.6	-4	1.805356	
25.6	-3	1.88602	
25.6	-2	1.968848	
25.6	-1.5	2.010996	
25.6	-1	2.053884	
25.6	-0.5	2.096988	
25.6	0	2.1405	

26.4	-24	0.666396	
26.4	-22	0.747448	
26.4	-20	0.835784	
26.4	-18	0.931372	
26.4	-16	1.03496	
26.4	-14	1.146544	
26.4	-12	1.26594	
26.4	-11	1.328864	
26.4	-10	1.393436	
26.4	-9	1.460216	
26.4	-8	1.528972	
26.4	-7	1.599816	
26.4	-6	1.672932	
26.4	-5	1.747992	
26.4	-4	1.824964	
26.4	-3	1.90366	
26.4	-2	1.984576	
26.4	-1.5	2.025716	
26.4	-1	2.067676	
26.4	-0.5	2.109444	
26.4	0	2.152272	

27.2	-24	0.698992	
27.2	-22	0.780416	
27.2	-20	0.868624	
27.2	-18	0.964004	
27.2	-16	1.066496	
27.2	-14	1.17684	
27.2	-12	1.295088	
27.2	-11	1.356844	
27.2	-10	1.42054	
27.2	-9	1.485972	
27.2	-8	1.553564	
27.2	-7	1.6233	
27.2	-6	1.694748	
27.2	-5	1.76814	
27.2	-4	1.84318	
27.2	-3	1.920592	
27.2	-2	1.999444	
27.2	-1.5	2.039712	
27.2	-1	2.080436	
27.2	-0.5	2.12132	
27.2	0	2.162656	

28	-24	0.73084	
28	-22	0.812184	
28	-20	0.900404	
28	-18	0.995296	
28	-16	1.097172	
28	-14	1.206324	
28	-12	1.32242	
28	-11	1.383284	
28	-10	1.445872	
28	-9	1.510812	
28	-8	1.577348	
28	-7	1.645568	
28	-6	1.715472	
28	-5	1.787664	
28	-4	1.860656	
28	-3	1.936056	
28	-2	2.012388	
28	-1.5	2.052096	
28	-1	2.091648	
28	-0.5	2.131696	
28	0	2.171948	

28.8	-24	0.76164	
28.8	-22	0.843272	
28.8	-20	0.93112	
28.8	-18	1.025372	
28.8	-16	1.126396	
28.8	-14	1.23432	
28.8	-12	1.34902	
28.8	-11	1.408824	
28.8	-10	1.470532	
28.8	-9	1.53356	
28.8	-8	1.599152	
28.8	-7	1.665864	
28.8	-6	1.734316	
28.8	-5	1.804488	
28.8	-4	1.876452	
28.8	-3	1.950236	
28.8	-2	2.025364	
28.8	-1.5	2.063436	
28.8	-1	2.102248	
28.8	-0.5	2.141076	
28.8	0	2.180456	

29.6	-24	0.791664	
29.6	-22	0.87322	
29.6	-20	0.960984	
29.6	-18	1.0546	
29.6	-16	1.155004	
29.6	-14	1.261452	
29.6	-12	1.374132	
29.6	-11	1.433536	
29.6	-10	1.494232	
29.6	-9	1.55646	
29.6	-8	1.620452	
29.6	-7	1.68596	
29.6	-6	1.753304	
29.6	-5	1.822044	
29.6	-4	1.892476	
29.6	-3	1.964376	
29.6	-2	2.037892	
29.6	-1.5	2.075204	
29.6	-1	2.1129	
29.6	-0.5	2.15062	
29.6	0	2.189024	

30.4	-24	0.820844	
30.4	-22	0.90224	
30.4	-20	0.989684	
30.4	-18	1.082796	
30.4	-16	1.181988	
30.4	-14	1.28736	
30.4	-12	1.399088	
30.4	-11	1.457036	
30.4	-10	1.51646	
30.4	-9	1.577748	
30.4	-8	1.64034	
30.4	-7	1.704736	
30.4	-6	1.770544	
30.4	-5	1.83804	
30.4	-4	1.907036	
30.4	-3	1.97738	
30.4	-2	2.049544	
30.4	-1.5	2.085928	
30.4	-1	2.12278	
30.4	-0.5	2.159944	
30.4	0	2.197572	

31.2	-24	0.849296	
31.2	-22	0.93048	
31.2	-20	1.017164	
31.2	-18	1.109836	
31.2	-16	1.2081	
31.2	-14	1.312404	
31.2	-12	1.422104	
31.2	-11	1.479152	
31.2	-10	1.538288	
31.2	-9	1.598704	
31.2	-8	1.660412	
31.2	-7	1.723396	
31.2	-6	1.787856	
31.2	-5	1.853812	
31.2	-4	1.921232	
31.2	-3	1.990156	
31.2	-2	2.060472	
31.2	-1.5	2.096192	
31.2	-1	2.132228	
31.2	-0.5	2.168252	
31.2	0	2.20522	

32	-24	0.877132	
32	-22	0.958088	
32	-20	1.044252	
32	-18	1.135896	
32	-16	1.233272	
32	-14	1.336344	
32	-12	1.444632	
32	-11	1.50112	
32	-10	1.558916	
32	-9	1.617808	
32	-8	1.678856	
32	-7	1.740656	
32	-6	1.803756	
32	-5	1.868188	
32	-4	1.934368	
32	-3	2.001948	
32	-2	2.071056	
32	-1.5	2.105848	
32	-1	2.141184	
32	-0.5	2.176548	
32	0	2.212628	

32.8	-24	0.904172	
32.8	-22	0.984568	
32.8	-20	1.07008	
32.8	-18	1.160888	
32.8	-16	1.257028	
32.8	-14	1.359036	
32.8	-12	1.466044	
32.8	-11	1.521604	
32.8	-10	1.578464	
32.8	-9	1.636804	
32.8	-8	1.696156	
32.8	-7	1.756844	
32.8	-6	1.819428	
32.8	-5	1.882676	
32.8	-4	1.947756	
32.8	-3	2.013632	
32.8	-2	2.08088	
32.8	-1.5	2.11516	
32.8	-1	2.149256	
32.8	-0.5	2.18392	
32.8	0	2.21906	

33.6	-24	0.930164	
33.6	-22	1.01076	
33.6	-20	1.095508	
33.6	-18	1.185772	
33.6	-16	1.280668	
33.6	-14	1.380816	
33.6	-12	1.486408	
33.6	-11	1.541432	
33.6	-10	1.597272	
33.6	-9	1.654468	
33.6	-8	1.713224	
33.6	-7	1.77336	
33.6	-6	1.834188	
33.6	-5	1.89666	
33.6	-4	1.96008	
33.6	-3	2.02448	
33.6	-2	2.09048	
33.6	-1.5	2.1236	
33.6	-1	2.157624	
33.6	-0.5	2.191284	
33.6	0	2.225964	

34.4	-24	0.955372	
34.4	-22	1.035368	
34.4	-20	1.120196	
34.4	-18	1.20924	
34.4	-16	1.303476	
34.4	-14	1.402308	
34.4	-12	1.506364	
34.4	-11	1.560464	
34.4	-10	1.615548	
34.4	-9	1.671452	
34.4	-8	1.72922	
34.4	-7	1.787564	
34.4	-6	1.847396	
34.4	-5	1.908952	
34.4	-4	1.971368	
34.4	-3	2.034856	
34.4	-2	2.099416	
34.4	-1.5	2.132016	
34.4	-1	2.165084	
34.4	-0.5	2.198312	
34.4	0	2.232016	

35.2	-24	0.98024	
35.2	-22	1.059428	
35.2	-20	1.143668	
35.2	-18	1.232568	
35.2	-16	1.326016	
35.2	-14	1.423292	
35.2	-12	1.526	
35.2	-11	1.579088	
35.2	-10	1.632956	
35.2	-9	1.688404	
35.2	-8	1.744732	
35.2	-7	1.802556	
35.2	-6	1.861404	
35.2	-5	1.92156	
35.2	-4	1.982444	
35.2	-3	2.044516	
35.2	-2	2.107688	
35.2	-1.5	2.13952	
35.2	-1	2.17242	
35.2	-0.5	2.204332	
35.2	0	2.237528	

36	-24	1.004612	
36	-22	1.083416	
36	-20	1.166304	
36	-18	1.254376	
36	-16	1.346844	
36	-14	1.443336	
36	-12	1.54478	
36	-11	1.597292	
36	-10	1.6502	
36	-9	1.704716	
36	-8	1.760248	
36	-7	1.816496	
36	-6	1.874804	
36	-5	1.93336	
36	-4	1.993364	
36	-3	2.054552	
36	-2	2.116408	
36	-1.5	2.147904	
36	-1	2.179552	
36	-0.5	2.211552	
36	0	2.243748	

36.8	-24	1.027988	
36.8	-22	1.106312	
36.8	-20	1.188864	
36.8	-18	1.275524	
36.8	-16	1.3666	
36.8	-14	1.46234	
36.8	-12	1.5622	
36.8	-11	1.613608	
36.8	-10	1.666568	
36.8	-9	1.72006	
36.8	-8	1.774748	
36.8	-7	1.830564	
36.8	-6	1.88758	
36.8	-5	1.94546	
36.8	-4	2.003988	
36.8	-3	2.064084	
36.8	-2	2.125132	
36.8	-1.5	2.155508	
36.8	-1	2.186928	
36.8	-0.5	2.217828	
36.8	0	2.249336	

37.6	-24	1.050568	
37.6	-22	1.128736	
37.6	-20	1.210624	
37.6	-18	1.296516	
37.6	-16	1.386544	
37.6	-14	1.480504	
37.6	-12	1.579016	
37.6	-11	1.629988	
37.6	-10	1.6819	
37.6	-9	1.73492	
37.6	-8	1.788372	
37.6	-7	1.843556	
37.6	-6	1.899412	
37.6	-5	1.956436	
37.6	-4	2.01424	
37.6	-3	2.072912	
37.6	-2	2.132532	
37.6	-1.5	2.162144	
37.6	-1	2.193024	
37.6	-0.5	2.223124	
37.6	0	2.253976	

38.4	-24	1.072576	
38.4	-22	1.150124	
38.4	-20	1.231404	
38.4	-18	1.316684	
38.4	-16	1.405608	
38.4	-14	1.498976	
38.4	-12	1.595744	
38.4	-11	1.645912	
38.4	-10	1.696432	
38.4	-9	1.748772	
38.4	-8	1.801328	
38.4	-7	1.855636	
38.4	-6	1.910132	
38.4	-5	1.96624	
38.4	-4	2.023	
38.4	-3	2.080624	
38.4	-2	2.139024	
38.4	-1.5	2.168888	
38.4	-1	2.198812	
38.4	-0.5	2.2284	
38.4	0	2.258904	

39.2	-24	1.094396	
39.2	-22	1.171104	
39.2	-20	1.251644	
39.2	-18	1.336216	
39.2	-16	1.424404	
39.2	-14	1.516264	
39.2	-12	1.612076	
39.2	-11	1.661464	
39.2	-10	1.71162	
39.2	-9	1.76292	
39.2	-8	1.814996	
39.2	-7	1.867884	
39.2	-6	1.921704	
39.2	-5	1.976592	
39.2	-4	2.032216	
39.2	-3	2.088932	
39.2	-2	2.146388	
39.2	-1.5	2.17524	
39.2	-1	2.20474	
39.2	-0.5	2.234492	
39.2	0	2.264024	

40	-24	1.115008	
40	-22	1.191604	
40	-20	1.271392	
40	-18	1.354956	
40	-16	1.442164	
40	-14	1.533064	
40	-12	1.627644	
40	-11	1.676344	
40	-10	1.725828	
40	-9	1.776168	
40	-8	1.827548	
40	-7	1.87986	
40	-6	1.93298	
40	-5	1.986596	
40	-4	2.0416	
40	-3	2.096776	
40	-2	2.153608	
40	-1.5	2.18228	
40	-1	2.21062	
40	-0.5	2.24008	
40	0	2.268996	

