0.15	-24	-0.0484248612998412	
0.15	-22	-0.0394091784924391	
0.15	-20	-0.0312569129056627	
0.15	-18	-0.0240830211880329	
0.15	-16	-0.0179260604226767	
0.15	-14	-0.0130934196614214	
0.15	-12	-0.00877449843876696	
0.15	-11	-0.00717841636928523	
0.15	-10	-0.00592003155083175	
0.15	-9	-0.00475966935925943	
0.15	-8	0.000902489705663343	
0.15	-7	0.0239216793435698	
0.15	-6	0.0421521028252907	
0.15	-5	0.0597083005765873	
0.15	-4	0.0943069222466653	
0.15	-3	0.153684348955996	
0.15	-2	0.164122559281294	
0.15	-1.5	0.170954072427365	
0.15	-1	0.175546257392638	
0.15	-0.5	0.17753088463979	
0.15	0	0.17751369688224	

0.2	-24	-0.275767801343865	
0.2	-22	-0.247203943197291	
0.2	-20	-0.216902125166145	
0.2	-18	-0.185532307105275	
0.2	-16	-0.153197215866001	
0.2	-14	-0.12145319665281	
0.2	-12	-0.0905570486349928	
0.2	-11	-0.0762337939730898	
0.2	-10	-0.0628717613148039	
0.2	-9	-0.0504603346855895	
0.2	-8	-0.0303075082694175	
0.2	-7	0.00630052145149332	
0.2	-6	0.0449133012786161	
0.2	-5	0.0743105853646371	
0.2	-4	0.121000371749324	
0.2	-3	0.181295523531365	
0.2	-2	0.208967427783466	
0.2	-1.5	0.222200177811388	
0.2	-1	0.22449381306	
0.2	-0.5	0.23523232248264	
0.2	0	0.230125495938763	

0.25	-24	-0.0120214361952582	
0.25	-22	-0.0101305481201303	
0.25	-20	-0.00840498711278415	
0.25	-18	-0.00683198546274724	
0.25	-16	-0.00546244842381538	
0.25	-14	-0.00453022188909094	
0.25	-12	-0.00320199688202358	
0.25	-11	-0.00282831485448771	
0.25	-10	-0.00255012630980856	
0.25	-9	-0.00168346208573261	
0.25	-8	0.0113404597930784	
0.25	-7	0.0430387808214414	
0.25	-6	0.074725044705017	
0.25	-5	0.110620790283048	
0.25	-4	0.173553871736229	
0.25	-3	0.234222887709317	
0.25	-2	0.271997237951251	
0.25	-1.5	0.277079891513668	
0.25	-1	0.2909938095383	
0.25	-0.5	0.289980482184136	
0.25	0	0.291526562535815	

0.3	-24	-0.00212722089194988	
0.3	-22	-0.0017037450783127	
0.3	-20	-0.00134838391766527	
0.3	-18	-0.00116139604662213	
0.3	-16	-0.00099500101443232	
0.3	-14	-0.00118295061092934	
0.3	-12	-0.000830553600953392	
0.3	-11	-0.000834199731380512	
0.3	-10	-0.000910970653242044	
0.3	-9	0.000517250245123502	
0.3	-8	0.0154680715647536	
0.3	-7	0.0512446920335887	
0.3	-6	0.0924903623203369	
0.3	-5	0.138165668249735	
0.3	-4	0.206881705209411	
0.3	-3	0.275754733995956	
0.3	-2	0.313885782725138	
0.3	-1.5	0.328186202768004	
0.3	-1	0.335156876268845	
0.3	-0.5	0.341778672737481	
0.3	0	0.345854834355276	

0.4	-24	-0.0256886981314383	
0.4	-22	-0.0219112087408738	
0.4	-20	-0.018374452564235	
0.4	-18	-0.0150620714930295	
0.4	-16	-0.0120332140197955	
0.4	-14	-0.0095986822255097	
0.4	-12	-0.0068981953758138	
0.4	-11	-0.00578293323134055	
0.4	-10	-0.00430264400536034	
0.4	-9	0.00063874929679725	
0.4	-8	0.0234046354552494	
0.4	-7	0.0717816706143944	
0.4	-6	0.122482646494263	
0.4	-5	0.188267540057222	
0.4	-4	0.271688971235788	
0.4	-3	0.352764026490426	
0.4	-2	0.402406016257771	
0.4	-1.5	0.418882915409965	
0.4	-1	0.431821553134458	
0.4	-0.5	0.439037283697512	
0.4	0	0.442389653870928	

0.5	-24	-0.000363113870726189	
0.5	-22	-0.000324003867138954	
0.5	-20	-0.000308076837791877	
0.5	-18	-0.000373090021907128	
0.5	-16	-0.000471993852520825	
0.5	-14	-0.000805140855133011	
0.5	-12	-0.000521037218256905	
0.5	-11	-0.000311877976453587	
0.5	-10	0.00120271140456275	
0.5	-9	0.00997903395159671	
0.5	-8	0.0396259947613402	
0.5	-7	0.0934912768532472	
0.5	-6	0.159749282977378	
0.5	-5	0.241719034499929	
0.5	-4	0.337488905422124	
0.5	-3	0.421571431562555	
0.5	-2	0.480531150979193	
0.5	-1.5	0.499212254258529	
0.5	-1	0.514314876511524	
0.5	-0.5	0.52482364360474	
0.5	0	0.525993063323133	

0.6	-24	-0.00597657387843259	
0.6	-22	-0.0050325669949426	
0.6	-20	-0.00424642498133739	
0.6	-18	-0.00352641868896373	
0.6	-16	-0.00290043286813111	
0.6	-14	-0.00261586940722788	
0.6	-12	-0.00162969021999672	
0.6	-11	-0.000538046196916133	
0.6	-10	0.0034915087413583	
0.6	-9	0.0172379431479372	
0.6	-8	0.0542502912743422	
0.6	-7	0.118959026889778	
0.6	-6	0.196672987662278	
0.6	-5	0.292597547771405	
0.6	-4	0.396371194750905	
0.6	-3	0.487469227318966	
0.6	-2	0.550147981784606	
0.6	-1.5	0.57153453552039	
0.6	-1	0.586100910334713	
0.6	-0.5	0.595170916139517	
0.6	0	0.598861570483362	

0.7	-24	-0.000350397238162081	
0.7	-22	-0.000317387263036849	
0.7	-20	-0.000306303574714896	
0.7	-18	-0.000369966920209215	
0.7	-16	-0.00046284279757651	
0.7	-14	-0.00076215816326	
0.7	-12	0.000299954058484225	
0.7	-11	0.00237935318608122	
0.7	-10	0.00907319044620715	
0.7	-9	0.0287275581899729	
0.7	-8	0.0728213712590114	
0.7	-7	0.143943141717167	
0.7	-6	0.235583053130464	
0.7	-5	0.343050991263199	
0.7	-4	0.453486959771811	
0.7	-3	0.548016273134637	
0.7	-2	0.61338633384148	
0.7	-1.5	0.634344248312151	
0.7	-1	0.64901841523258	
0.7	-0.5	0.658523000497128	
0.7	0	0.66053327668749	

0.8	-24	-0.00219006715564713	
0.8	-22	-0.00189709450243191	
0.8	-20	-0.00159668197425596	
0.8	-18	-0.00141523942452015	
0.8	-16	-0.00122327886305727	
0.8	-14	-0.00119288759026092	
0.8	-12	0.00104377165919663	
0.8	-11	0.00498489670568833	
0.8	-10	0.0153872785713638	
0.8	-9	0.0415953063603147	
0.8	-8	0.0930780777775335	
0.8	-7	0.173606062821969	
0.8	-6	0.275379660929942	
0.8	-5	0.389789607874307	
0.8	-4	0.506744539021602	
0.8	-3	0.602950943870756	
0.8	-2	0.66937848157067	
0.8	-1.5	0.690978625125382	
0.8	-1	0.705282846698296	
0.8	-0.5	0.71411169327108	
0.8	0	0.715221891309898	

0.9	-24	-0.000314297489499803	
0.9	-22	-0.000299225459454335	
0.9	-20	-0.000344563919305084	
0.9	-18	-0.000369612087922274	
0.9	-16	-0.000385695147875082	
0.9	-14	-0.000178498155567169	
0.9	-12	0.00355988487376566	
0.9	-11	0.0102489767451847	
0.9	-10	0.0250932571574699	
0.9	-9	0.0575215943056371	
0.9	-8	0.116557885001275	
0.9	-7	0.204713262103315	
0.9	-6	0.315537066844613	
0.9	-5	0.436629539205642	
0.9	-4	0.555808191592268	
0.9	-3	0.654033359540263	
0.9	-2	0.719591603869107	
0.9	-1.5	0.741022105797296	
0.9	-1	0.754299221292342	
0.9	-0.5	0.762585045835321	
0.9	0	0.76603790083855	

1	-24	-0.0011404430897709	
1	-22	-0.000994554648423095	
1	-20	-0.000865703017725883	
1	-18	-0.000775401505300592	
1	-16	-0.000593680190234576	
1	-14	0.000303819390514112	
1	-12	0.00680480661677937	
1	-11	0.0162507484601803	
1	-10	0.0366974507917616	
1	-9	0.0756836572240567	
1	-8	0.141778237886748	
1	-7	0.237516831486881	
1	-6	0.354908175292794	
1	-5	0.48140984859599	
1	-4	0.602385937114785	
1	-3	0.701188456764196	
1	-2	0.765688846705571	
1	-1.5	0.786323855183596	
1	-1	0.799591463599593	
1	-0.5	0.807347297748701	
1	0	0.809197590175746	

1.2	-24	-0.000788281561975839	
1.2	-22	-0.000663503878683977	
1.2	-20	-0.000598308230331944	
1.2	-18	-0.000399251407705814	
1.2	-16	0.000413630160448833	
1.2	-14	0.00350007530468069	
1.2	-12	0.0175631006062483	
1.2	-11	0.034575181214786	
1.2	-10	0.0656824012350785	
1.2	-9	0.118770571995133	
1.2	-8	0.199037021627397	
1.2	-7	0.306344644077341	
1.2	-6	0.432535543801348	
1.2	-5	0.564517406992061	
1.2	-4	0.685859900094027	
1.2	-3	0.781519091789817	
1.2	-2	0.844301854620143	
1.2	-1.5	0.863789962458321	
1.2	-1	0.876457621859268	
1.2	-0.5	0.883644489945574	
1.2	0	0.885742604456201	

1.4	-24	-0.000615312787468694	
1.4	-22	-0.000468316144122548	
1.4	-20	-0.00026392923881864	
1.4	-18	0.000365374567222569	
1.4	-16	0.00257338891165725	
1.4	-14	0.0100493941226906	
1.4	-12	0.0347292798096758	
1.4	-11	0.0612330452939298	
1.4	-10	0.103944677877961	
1.4	-9	0.168955846253784	
1.4	-8	0.261223541677383	
1.4	-7	0.376184283422267	
1.4	-6	0.506452619691646	
1.4	-5	0.638970606155624	
1.4	-4	0.757080530644674	
1.4	-3	0.849323690596415	
1.4	-2	0.910099331498275	
1.4	-1.5	0.929059423015181	
1.4	-1	0.941157439164833	
1.4	-0.5	0.948627110714344	
1.4	0	0.950698180257775	

1.6	-24	-0.00048627756981755	
1.6	-22	-0.00024444155198928	
1.6	-20	0.000309546929501616	
1.6	-18	0.00192898260503229	
1.6	-16	0.00674336937164609	
1.6	-14	0.0206548638873755	
1.6	-12	0.0582311425819325	
1.6	-11	0.0939939854272646	
1.6	-10	0.148079458736374	
1.6	-9	0.224324087555215	
1.6	-8	0.324362509990035	
1.6	-7	0.444549671747382	
1.6	-6	0.575878247024116	
1.6	-5	0.704656014298628	
1.6	-4	0.818801376059135	
1.6	-3	0.906800879356935	
1.6	-2	0.964676174016171	
1.6	-1.5	0.983717023509378	
1.6	-1	0.996074726076688	
1.6	-0.5	1.00308634995363	
1.6	0	1.00559002245038	

1.8	-24	-0.000252470717408953	
1.8	-22	0.00028914883069368	
1.8	-20	0.00157957405406887	
1.8	-18	0.00503933224203033	
1.8	-16	0.0139090228557692	
1.8	-14	0.0359744741842718	
1.8	-12	0.0880145999832865	
1.8	-11	0.13318872942603	
1.8	-10	0.196979900524917	
1.8	-9	0.281973688663659	
1.8	-8	0.386889272764423	
1.8	-7	0.509325621292241	
1.8	-6	0.638833271886866	
1.8	-5	0.764137614473755	
1.8	-4	0.872350236195905	
1.8	-3	0.955858655041723	
1.8	-2	1.01180816990712	
1.8	-1.5	1.03011992552474	
1.8	-1	1.0423068234493	
1.8	-0.5	1.04925187861366	
1.8	0	1.0516736686928	

2	-24	0.000225936248477903	
2	-22	0.001394793938583	
2	-20	0.00393766600612183	
2	-18	0.0101478765365796	
2	-16	0.0243679602577385	
2	-14	0.0559354190832215	
2	-12	0.122449042583707	
2	-11	0.176757295230748	
2	-10	0.248790924350202	
2	-9	0.340094543639818	
2	-8	0.44904037948898	
2	-7	0.570900934956454	
2	-6	0.696806837640193	
2	-5	0.816081396962841	
2	-4	0.918930109292284	
2	-3	0.997873246040557	
2	-2	1.05179455368373	
2	-1.5	1.06923865471976	
2	-1	1.08175163096977	
2	-0.5	1.08846277223033	
2	0	1.09104258816271	

2.2	-24	0.000895029367203952	
2.2	-22	0.00309377944508282	
2.2	-20	0.00767985919300385	
2.2	-18	0.0175412227161079	
2.2	-16	0.038163896065916	
2.2	-14	0.080549420466613	
2.2	-12	0.161086448162376	
2.2	-11	0.222595098487549	
2.2	-10	0.301252689816284	
2.2	-9	0.397160458751365	
2.2	-8	0.507516982129627	
2.2	-7	0.628026040918532	
2.2	-6	0.748283863857276	
2.2	-5	0.862268707437142	
2.2	-4	0.959463616350476	
2.2	-3	1.03472014783039	
2.2	-2	1.08633684386183	
2.2	-1.5	1.10334727628738	
2.2	-1	1.1152226193604	
2.2	-0.5	1.12247654280767	
2.2	0	1.12463288579238	

2.4	-24	0.00259541316107322	
2.4	-22	0.00618181257867152	
2.4	-20	0.013542266951239	
2.4	-18	0.0277672328564948	
2.4	-16	0.0558370695118364	
2.4	-14	0.10882658195532	
2.4	-12	0.202656823666996	
2.4	-11	0.270909551501968	
2.4	-10	0.353955475094233	
2.4	-9	0.452257798147769	
2.4	-8	0.562607187995887	
2.4	-7	0.680383394958213	
2.4	-6	0.79593303317297	
2.4	-5	0.903512098969542	
2.4	-4	0.995115654378351	
2.4	-3	1.06652018706204	
2.4	-2	1.11619565125383	
2.4	-1.5	1.13277319702167	
2.4	-1	1.14459850281605	
2.4	-0.5	1.1514215397035	
2.4	0	1.15369864753965	

2.6	-24	0.00506780710257017	
2.6	-22	0.010533844318336	
2.6	-20	0.0211773506930149	
2.6	-18	0.0408563106294488	
2.6	-16	0.0770126848743532	
2.6	-14	0.140337470740174	
2.6	-12	0.246399678119588	
2.6	-11	0.319348271629968	
2.6	-10	0.406632857142058	
2.6	-9	0.505154578409022	
2.6	-8	0.614500153865282	
2.6	-7	0.727918356990916	
2.6	-6	0.838499745065019	
2.6	-5	0.940434999292861	
2.6	-4	1.02687499785808	
2.6	-3	1.09429179922818	
2.6	-2	1.14184932768739	
2.6	-1.5	1.15797222726417	
2.6	-1	1.1696614563674	
2.6	-0.5	1.17630983556624	
2.6	0	1.17861815510863	

2.8	-24	0.00863052066223653	
2.8	-22	0.0166564662423849	
2.8	-20	0.0309841462380118	
2.8	-18	0.0565904685780463	
2.8	-16	0.100938663097608	
2.8	-14	0.174863778286804	
2.8	-12	0.29060908127383	
2.8	-11	0.366862520119095	
2.8	-10	0.456259109317032	
2.8	-9	0.556192069335238	
2.8	-8	0.662304092921319	
2.8	-7	0.771563505906484	
2.8	-6	0.8772107857535	
2.8	-5	0.973229259384912	
2.8	-4	1.05497822196349	
2.8	-3	1.11903644729571	
2.8	-2	1.1643781432411	
2.8	-1.5	1.18006973176636	
2.8	-1	1.19102321402448	
2.8	-0.5	1.19765669418885	
2.8	0	1.19974127817192	

3	-24	0.013501467834936	
3	-22	0.0244064759560742	
3	-20	0.0432041484147673	
3	-18	0.0751701778230917	
3	-16	0.127437856434453	
3	-14	0.210852112613787	
3	-12	0.334969010586017	
3	-11	0.413800713368743	
3	-10	0.504250410346871	
3	-9	0.603155032455194	
3	-8	0.706844372214013	
3	-7	0.811685620537738	
3	-6	0.912237087367026	
3	-5	1.00295483854561	
3	-4	1.08016889866943	
3	-3	1.14082922304724	
3	-2	1.18416943265651	
3	-1.5	1.19902144499994	
3	-1	1.20975435479815	
3	-0.5	1.21608881739835	
3	0	1.21816235979417	

3.2	-24	0.0197359799534271	
3.2	-22	0.0340838842101191	
3.2	-20	0.0574653789104315	
3.2	-18	0.0960379193069533	
3.2	-16	0.156258563174163	
3.2	-14	0.248092901717515	
3.2	-12	0.378962465303115	
3.2	-11	0.460310396197557	
3.2	-10	0.549641641339095	
3.2	-9	0.646626501362999	
3.2	-8	0.748313598651344	
3.2	-7	0.848359635568917	
3.2	-6	0.944077812897591	
3.2	-5	1.02991516097064	
3.2	-4	1.10279739477392	
3.2	-3	1.16044570477715	
3.2	-2	1.20152938717667	
3.2	-1.5	1.21600010440375	
3.2	-1	1.22612080012118	
3.2	-0.5	1.23223795962877	
3.2	0	1.23425851381629	

3.4	-24	0.0273684736345022	
3.4	-22	0.0455383356046149	
3.4	-20	0.0740415919584913	
3.4	-18	0.11908422193792	
3.4	-16	0.186889029842594	
3.4	-14	0.285287923612103	
3.4	-12	0.4216637793348	
3.4	-11	0.504474340163947	
3.4	-10	0.592966419833515	
3.4	-9	0.688202866346828	
3.4	-8	0.786136208988463	
3.4	-7	0.881650434718528	
3.4	-6	0.972721735050977	
3.4	-5	1.05419047272681	
3.4	-4	1.12320364251859	
3.4	-3	1.17776918928154	
3.4	-2	1.21687408216606	
3.4	-1.5	1.23072382022768	
3.4	-1	1.24049137619547	
3.4	-0.5	1.24631256483663	
3.4	0	1.24820907943541	

3.6	-24	0.0365554761571604	
3.6	-22	0.0586922575169309	
3.6	-20	0.0924837642465569	
3.6	-18	0.143541539615712	
3.6	-16	0.218489628542361	
3.6	-14	0.323796916728426	
3.6	-12	0.463123175893535	
3.6	-11	0.545874463846052	
3.6	-10	0.634154886275291	
3.6	-9	0.727331572685562	
3.6	-8	0.821196722967468	
3.6	-7	0.91300125367892	
3.6	-6	0.999006604060762	
3.6	-5	1.07627419819729	
3.6	-4	1.14147490128049	
3.6	-3	1.19332107835341	
3.6	-2	1.2306634329036	
3.6	-1.5	1.24364310469793	
3.6	-1	1.25305101887879	
3.6	-0.5	1.25861916606273	
3.6	0	1.26039783016968	

3.8	-24	0.0474249981565261	
3.8	-22	0.0734862809827092	
3.8	-20	0.112994238992469	
3.8	-18	0.169640542701269	
3.8	-16	0.251199538703102	
3.8	-14	0.36123651936675	
3.8	-12	0.503696623136018	
3.8	-11	0.585620088254832	
3.8	-10	0.672729036584351	
3.8	-9	0.763104933271811	
3.8	-8	0.853830832945538	
3.8	-7	0.941090581544537	
3.8	-6	1.02299709601882	
3.8	-5	1.09628382868011	
3.8	-4	1.15810879030035	
3.8	-3	1.2072934535456	
3.8	-2	1.24276443225908	
3.8	-1.5	1.25525474088638	
3.8	-1	1.26415209747374	
3.8	-0.5	1.26955153236531	
3.8	0	1.27125413368184	

4	-24	0.059686064407225	
4	-22	0.0899173174544157	
4	-20	0.134691096117006	
4	-18	0.197471769833656	
4	-16	0.283592791431712	
4	-14	0.398091570690391	
4	-12	0.542816068563409	
4	-11	0.623634932929605	
4	-10	0.708808944692664	
4	-9	0.796415003870175	
4	-8	0.883956103224596	
4	-7	0.966882799781175	
4	-6	1.0452313036712	
4	-5	1.11447397034335	
4	-4	1.1731870700119	
4	-3	1.21982450761144	
4	-2	1.25362137481921	
4	-1.5	1.26545810369912	
4	-1	1.27399435481587	
4	-0.5	1.27909475931384	
4	0	1.28073795190659	

4.2	-24	0.0731649124778535	
4.2	-22	0.107790187992636	
4.2	-20	0.157282834070902	
4.2	-18	0.225613447345796	
4.2	-16	0.317133393272054	
4.2	-14	0.435220298915752	
4.2	-12	0.580242709947386	
4.2	-11	0.659245019257791	
4.2	-10	0.742866821021488	
4.2	-9	0.82775897642495	
4.2	-8	0.911352854251624	
4.2	-7	0.990796909073721	
4.2	-6	1.06532650932134	
4.2	-5	1.13110897745376	
4.2	-4	1.18688539683238	
4.2	-3	1.23122286554974	
4.2	-2	1.26332895762419	
4.2	-1.5	1.2747029113004	
4.2	-1	1.28267544032148	
4.2	-0.5	1.28759937993425	
4.2	0	1.28922841293844	

4.4	-24	0.0880912216099836	
4.4	-22	0.127021803452238	
4.4	-20	0.180938726188744	
4.4	-18	0.254060156661893	
4.4	-16	0.349574590275163	
4.4	-14	0.471121747833653	
4.4	-12	0.61525860427364	
4.4	-11	0.693286133398847	
4.4	-10	0.774622500122415	
4.4	-9	0.856572823060059	
4.4	-8	0.936854755131724	
4.4	-7	1.01312856406427	
4.4	-6	1.08386622487412	
4.4	-5	1.14658572203507	
4.4	-4	1.19937239280238	
4.4	-3	1.24153970233619	
4.4	-2	1.2720627176258	
4.4	-1.5	1.28281911769566	
4.4	-1	1.29051001407804	
4.4	-0.5	1.29513152656636	
4.4	0	1.29667254314179	

4.6	-24	0.104230864642077	
4.6	-22	0.147497004547189	
4.6	-20	0.205508903575586	
4.6	-18	0.282942777289818	
4.6	-16	0.382191158990352	
4.6	-14	0.504899485725584	
4.6	-12	0.648410283881342	
4.6	-11	0.725284645580113	
4.6	-10	0.804402513976365	
4.6	-9	0.883280153526449	
4.6	-8	0.96047437745535	
4.6	-7	1.03355690556861	
4.6	-6	1.10081345999754	
4.6	-5	1.16046400739031	
4.6	-4	1.21085312765267	
4.6	-3	1.25088106237999	
4.6	-2	1.27992961215633	
4.6	-1.5	1.29022105533877	
4.6	-1	1.29755090523383	
4.6	-0.5	1.30193193326398	
4.6	0	1.30344014396911	

4.8	-24	0.121482344076264	
4.8	-22	0.168821549622032	
4.8	-20	0.231044671338632	
4.8	-18	0.312500428582515	
4.8	-16	0.41497346719975	
4.8	-14	0.537722055591709	
4.8	-12	0.68024385373516	
4.8	-11	0.755410894142308	
4.8	-10	0.832205433397241	
4.8	-9	0.908559713588856	
4.8	-8	0.982545368356433	
4.8	-7	1.05234620983055	
4.8	-6	1.11656196494872	
4.8	-5	1.17333454602049	
4.8	-4	1.22128951150017	
4.8	-3	1.25936591734248	
4.8	-2	1.28703943360723	
4.8	-1.5	1.29680988724284	
4.8	-1	1.30382768121022	
4.8	-0.5	1.30797637594994	
4.8	0	1.3094068298477	

5	-24	0.139592792695049	
5	-22	0.19100079164887	
5	-20	0.25705097529414	
5	-18	0.341181961167178	
5	-16	0.446104237893378	
5	-14	0.569566558222486	
5	-12	0.71061043716409	
5	-11	0.783603951491648	
5	-10	0.858458303150517	
5	-9	0.931954635679315	
5	-8	1.00298845215649	
5	-7	1.07002882878536	
5	-6	1.13129380686727	
5	-5	1.18521456334036	
5	-4	1.23088317038015	
5	-3	1.26715663173117	
5	-2	1.29346863203086	
5	-1.5	1.30273714226417	
5	-1	1.30939033023523	
5	-0.5	1.31346362644216	
5	0	1.31479149433747	

5.2	-24	0.15854131481465	
5.2	-22	0.213175005585438	
5.2	-20	0.283231506576099	
5.2	-18	0.370217054416589	
5.2	-16	0.476696236683809	
5.2	-14	0.600517505154258	
5.2	-12	0.738972268239772	
5.2	-11	0.810685226408077	
5.2	-10	0.882892807633527	
5.2	-9	0.953916117446667	
5.2	-8	1.02227500294811	
5.2	-7	1.08619984308545	
5.2	-6	1.14466454069839	
5.2	-5	1.1962111888895	
5.2	-4	1.23970100672356	
5.2	-3	1.27428962443517	
5.2	-2	1.29941469971685	
5.2	-1.5	1.30826569348434	
5.2	-1	1.31465398452405	
5.2	-0.5	1.31846391338839	
5.2	0	1.31973204785419	

5.4	-24	0.178577933628545	
5.4	-22	0.236328771653934	
5.4	-20	0.309240630375779	
5.4	-18	0.399018811545523	
5.4	-16	0.506633072031016	
5.4	-14	0.630143435859816	
5.4	-12	0.766105224096848	
5.4	-11	0.835958037114765	
5.4	-10	0.905984076550666	
5.4	-9	0.974376055338419	
5.4	-8	1.03998487871431	
5.4	-7	1.101482713878	
5.4	-6	1.15727622656097	
5.4	-5	1.20628159197393	
5.4	-4	1.24781313953391	
5.4	-3	1.2807884334941	
5.4	-2	1.30476339463079	
5.4	-1.5	1.31316627466333	
5.4	-1	1.31926600295539	
5.4	-0.5	1.32293546209596	
5.4	0	1.32414758967197	

5.6	-24	0.199168885891649	
5.6	-22	0.259621810766544	
5.6	-20	0.335374127964218	
5.6	-18	0.427060155800049	
5.6	-16	0.535739042801303	
5.6	-14	0.658746224069289	
5.6	-12	0.79140146635657	
5.6	-11	0.859797173443901	
5.6	-10	0.927523104974753	
5.6	-9	0.993380913684683	
5.6	-8	1.0565733253801	
5.6	-7	1.11547676558601	
5.6	-6	1.16881415304858	
5.6	-5	1.21571841412453	
5.6	-4	1.25530902039892	
5.6	-3	1.28679103688321	
5.6	-2	1.30956515997964	
5.6	-1.5	1.31764054921931	
5.6	-1	1.32345941002299	
5.6	-0.5	1.32693415660683	
5.6	0	1.32806845721572	

5.8	-24	0.220327758119942	
5.8	-22	0.283475415608325	
5.8	-20	0.361732551221647	
5.8	-18	0.454759488637274	
5.8	-16	0.563847259809389	
5.8	-14	0.685824651369714	
5.8	-12	0.816114528342352	
5.8	-11	0.882205156936215	
5.8	-10	0.947732336650347	
5.8	-9	1.01140521950091	
5.8	-8	1.07205077345364	
5.8	-7	1.12855445869347	
5.8	-6	1.17960115497333	
5.8	-5	1.22446008332769	
5.8	-4	1.26224496036247	
5.8	-3	1.29230393944658	
5.8	-2	1.31411060866687	
5.8	-1.5	1.32177255184401	
5.8	-1	1.32724449971339	
5.8	-0.5	1.33056937110412	
5.8	0	1.33167058041588	

6	-24	0.241130902433777	
6	-22	0.307160802018584	
6	-20	0.387115388359429	
6	-18	0.482224830321329	
6	-16	0.591278835662183	
6	-14	0.711632953290449	
6	-12	0.838985328800632	
6	-11	0.903429155703701	
6	-10	0.966801620683311	
6	-9	1.02823815384674	
6	-8	1.08640408056392	
6	-7	1.14076450972535	
6	-6	1.18962998016075	
6	-5	1.23251699081093	
6	-4	1.26865642881781	
6	-3	1.2973982917927	
6	-2	1.31822273116105	
6	-1.5	1.32560163016322	
6	-1	1.3308847123548	
6	-0.5	1.33405872169592	
6	0	1.33510514594199	

6.2	-24	0.262270566372318	
6.2	-22	0.330982279970569	
6.2	-20	0.412091920658906	
6.2	-18	0.509004409432968	
6.2	-16	0.617642836672686	
6.2	-14	0.736424944758953	
6.2	-12	0.860821252328114	
6.2	-11	0.923513053495726	
6.2	-10	0.984842581427539	
6.2	-9	1.04397038323169	
6.2	-8	1.10012950724733	
6.2	-7	1.15208480293133	
6.2	-6	1.19898898288951	
6.2	-5	1.24005235470628	
6.2	-4	1.27460439795735	
6.2	-3	1.30207838328347	
6.2	-2	1.32198713388706	
6.2	-1.5	1.3290163621161	
6.2	-1	1.33401417273584	
6.2	-0.5	1.33703977521228	
6.2	0	1.33807708374762	

6.4	-24	0.283435327747817	
6.4	-22	0.354692334479306	
6.4	-20	0.437546756655082	
6.4	-18	0.534386096519426	
6.4	-16	0.642713577104232	
6.4	-14	0.760209990021346	
6.4	-12	0.881514038024084	
6.4	-11	0.942260914008418	
6.4	-10	1.00167390007918	
6.4	-9	1.05890878103773	
6.4	-8	1.11286759330342	
6.4	-7	1.16277078013624	
6.4	-6	1.2076775224778	
6.4	-5	1.24705484787676	
6.4	-4	1.28012749695489	
6.4	-3	1.30638706270853	
6.4	-2	1.32545796500982	
6.4	-1.5	1.33224012477525	
6.4	-1	1.33703734701685	
6.4	-0.5	1.33993620857774	
6.4	0	1.34087319110637	

6.6	-24	0.30552045451855	
6.6	-22	0.37779372608574	
6.6	-20	0.462209256074006	
6.6	-18	0.5592220250795	
6.6	-16	0.666722302037156	
6.6	-14	0.782748383670114	
6.6	-12	0.901096998619271	
6.6	-11	0.960167065438793	
6.6	-10	1.01761238862445	
6.6	-9	1.07277381372517	
6.6	-8	1.12469480369694	
6.6	-7	1.17268897837749	
6.6	-6	1.21588081616421	
6.6	-5	1.25358691427852	
6.6	-4	1.28527346007573	
6.6	-3	1.31038817847581	
6.6	-2	1.32863298469287	
6.6	-1.5	1.33511115116187	
6.6	-1	1.33977030087903	
6.6	-0.5	1.34256229237008	
6.6	0	1.34343400810371	

6.8	-24	0.327101579197317	
6.8	-22	0.400965297244534	
6.8	-20	0.486581931384096	
6.8	-18	0.583773698820976	
6.8	-16	0.690309068397652	
6.8	-14	0.804189199745503	
6.8	-12	0.919762802764566	
6.8	-11	0.977024974192777	
6.8	-10	1.03263822107706	
6.8	-9	1.08596136044818	
6.8	-8	1.13577329830854	
6.8	-7	1.18201110375873	
6.8	-6	1.22346233466217	
6.8	-5	1.25969086032553	
6.8	-4	1.29005911114732	
6.8	-3	1.3141598019137	
6.8	-2	1.33157977063908	
6.8	-1.5	1.33772516605754	
6.8	-1	1.34217776304322	
6.8	-0.5	1.3448126980087	
6.8	0	1.34570880351591	

7	-24	0.34851664354632	
7	-22	0.424270059127034	
7	-20	0.510099867667753	
7	-18	0.607258473425392	
7	-16	0.712971524636037	
7	-14	0.824833079968397	
7	-12	0.937349773407758	
7	-11	0.992921507683871	
7	-10	1.04683788217359	
7	-9	1.09816511371721	
7	-8	1.1464200730087	
7	-7	1.19085149111635	
7	-6	1.23071866326639	
7	-5	1.2654079274986	
7	-4	1.29452713428587	
7	-3	1.31762068198847	
7	-2	1.33437063267611	
7	-1.5	1.34026685116294	
7	-1	1.34449299744057	
7	-0.5	1.34704378150773	
7	0	1.34789040520499	

7.2	-24	0.370534549965714	
7.2	-22	0.446438060027502	
7.2	-20	0.533283597736311	
7.2	-18	0.63015328304256	
7.2	-16	0.734678819186663	
7.2	-14	0.84435589213173	
7.2	-12	0.953857907440455	
7.2	-11	1.00806617130653	
7.2	-10	1.06020592130687	
7.2	-9	1.10977258575065	
7.2	-8	1.15632388310148	
7.2	-7	1.19908820505374	
7.2	-6	1.23738490150649	
7.2	-5	1.27073670824708	
7.2	-4	1.29869569177855	
7.2	-3	1.32084923358343	
7.2	-2	1.33693108365461	
7.2	-1.5	1.34256407340985	
7.2	-1	1.34661691238864	
7.2	-0.5	1.34904312476867	
7.2	0	1.34984771744195	

7.4	-24	0.39140900619711	
7.4	-22	0.468354389672939	
7.4	-20	0.555824130846173	
7.4	-18	0.652346780803054	
7.4	-16	0.755728629038503	
7.4	-14	0.8629171080503	
7.4	-12	0.969844277437822	
7.4	-11	1.02214601112921	
7.4	-10	1.07271245726281	
7.4	-9	1.1208525119352	
7.4	-8	1.16570962112965	
7.4	-7	1.20682200413192	
7.4	-6	1.24366522553962	
7.4	-5	1.27576774642888	
7.4	-4	1.30260251164227	
7.4	-3	1.32382651578171	
7.4	-2	1.33924596816502	
7.4	-1.5	1.34468828840599	
7.4	-1	1.34858152830284	
7.4	-0.5	1.35092844798859	
7.4	0	1.35169659995848	

7.6	-24	0.41246657389199	
7.6	-22	0.490452979079967	
7.6	-20	0.577938454563867	
7.6	-18	0.67375359598593	
7.6	-16	0.775596633102321	
7.6	-14	0.880875345676015	
7.6	-12	0.985034351090901	
7.6	-11	1.03591114703419	
7.6	-10	1.08483978946958	
7.6	-9	1.1310619705116	
7.6	-8	1.174568759688	
7.6	-7	1.21409680879988	
7.6	-6	1.24959617241905	
7.6	-5	1.28045874459753	
7.6	-4	1.30625787505842	
7.6	-3	1.32666428401626	
7.6	-2	1.34139297538563	
7.6	-1.5	1.34661160232343	
7.6	-1	1.35036995417458	
7.6	-0.5	1.35263228212421	
7.6	0	1.35336283180498	

7.8	-24	0.433618464214827	
7.8	-22	0.512149003919787	
7.8	-20	0.599350879090137	
7.8	-18	0.694463955120024	
7.8	-16	0.794851014337829	
7.8	-14	0.897735462503784	
7.8	-12	0.999491735486153	
7.8	-11	1.04868776163928	
7.8	-10	1.09606379732526	
7.8	-9	1.14088714648671	
7.8	-8	1.18278974158404	
7.8	-7	1.22100741052332	
7.8	-6	1.25518105803394	
7.8	-5	1.28485493997689	
7.8	-4	1.30968310671412	
7.8	-3	1.32932199194253	
7.8	-2	1.34353003058866	
7.8	-1.5	1.34849144821893	
7.8	-1	1.35206667284527	
7.8	-0.5	1.35421860492754	
7.8	0	1.35493382901618	

8	-24	0.453870988818331	
8	-22	0.532812082125316	
8	-20	0.620067529812784	
8	-18	0.714116143980601	
8	-16	0.81325230099653	
8	-14	0.914111122042772	
8	-12	1.01320046782783	
8	-11	1.06097464590941	
8	-10	1.1067280633051	
8	-9	1.15024734282321	
8	-8	1.19067193493305	
8	-7	1.22755155113404	
8	-6	1.26039373156621	
8	-5	1.28900731381141	
8	-4	1.31289710127526	
8	-3	1.331771793736	
8	-2	1.34545813356439	
8	-1.5	1.35027703721401	
8	-1	1.35370488683817	
8	-0.5	1.35578906842015	
8	0	1.35647061977479	

8.2	-24	0.474409563025376	
8.2	-22	0.553462711439261	
8.2	-20	0.640477998814575	
8.2	-18	0.733469621059376	
8.2	-16	0.830675754153654	
8.2	-14	0.929698086883468	
8.2	-12	1.02604986153756	
8.2	-11	1.07246515578464	
8.2	-10	1.1170202900897	
8.2	-9	1.15903909832471	
8.2	-8	1.1980260322117	
8.2	-7	1.23363501743122	
8.2	-6	1.26537235504751	
8.2	-5	1.29292563648435	
8.2	-4	1.31592199580419	
8.2	-3	1.33410243072156	
8.2	-2	1.34722582830897	
8.2	-1.5	1.35185914224752	
8.2	-1	1.35517310950387	
8.2	-0.5	1.357182225502	
8.2	0	1.35781834240503	

8.4	-24	0.494228401398415	
8.4	-22	0.573012958537698	
8.4	-20	0.659908432918703	
8.4	-18	0.752199635769507	
8.4	-16	0.847646695848533	
8.4	-14	0.944550034531088	
8.4	-12	1.03843065351265	
8.4	-11	1.0835543190137	
8.4	-10	1.12671063866069	
8.4	-9	1.16729663540726	
8.4	-8	1.20502978814631	
8.4	-7	1.23941465629715	
8.4	-6	1.27007282360813	
8.4	-5	1.29660359771437	
8.4	-4	1.31876377196155	
8.4	-3	1.33627853607039	
8.4	-2	1.34893304344387	
8.4	-1.5	1.35341172336178	
8.4	-1	1.35659221424536	
8.4	-0.5	1.35850783170604	
8.4	0	1.35913937003319	

8.6	-24	0.513427122356588	
8.6	-22	0.592833496436431	
8.6	-20	0.67879278649153	
8.6	-18	0.770128839432777	
8.6	-16	0.864001191611077	
8.6	-14	0.95867256854324	
8.6	-12	1.05015557106343	
8.6	-11	1.0940011070231	
8.6	-10	1.13574597332852	
8.6	-9	1.17508019938732	
8.6	-8	1.21169452403533	
8.6	-7	1.24491224656703	
8.6	-6	1.27448450964681	
8.6	-5	1.30008568790091	
8.6	-4	1.32144968420728	
8.6	-3	1.33831067693626	
8.6	-2	1.35049311542057	
8.6	-1.5	1.35478442195901	
8.6	-1	1.35786639061791	
8.6	-0.5	1.3597091811548	
8.6	0	1.36031589477021	

8.8	-24	0.532331173186961	
8.8	-22	0.611880220239658	
8.8	-20	0.69718265381553	
8.8	-18	0.787309412161362	
8.8	-16	0.879650248656923	
8.8	-14	0.972252936825201	
8.8	-12	1.06132176409638	
8.8	-11	1.10412316212896	
8.8	-10	1.14451585855186	
8.8	-9	1.18262755721277	
8.8	-8	1.21795989896728	
8.8	-7	1.25009541751028	
8.8	-6	1.27868037272767	
8.8	-5	1.30337397076155	
8.8	-4	1.32397071485862	
8.8	-3	1.34024607256301	
8.8	-2	1.35198435350917	
8.8	-1.5	1.35613712518392	
8.8	-1	1.3590926514639	
8.8	-0.5	1.3608792325972	
8.8	0	1.36145433559149	

9	-24	0.550946787960811	
9	-22	0.630512509895383	
9	-20	0.714990414425348	
9	-18	0.804040408392484	
9	-16	0.894747648091097	
9	-14	0.985233707899492	
9	-12	1.0720315632289	
9	-11	1.11352450171756	
9	-10	1.15282469374475	
9	-9	1.1896815157823	
9	-8	1.22395078493292	
9	-7	1.25501342236496	
9	-6	1.28261393164743	
9	-5	1.30647684301846	
9	-4	1.32635557934475	
9	-3	1.34203450742104	
9	-2	1.35338063698975	
9	-1.5	1.35739133524535	
9	-1	1.36026101518914	
9	-0.5	1.36198107664052	
9	0	1.36251775102077	

9.2	-24	0.569706048495357	
9.2	-22	0.648753903459177	
9.2	-20	0.732461842960551	
9.2	-18	0.819896343368253	
9.2	-16	0.909305904488532	
9.2	-14	0.99774906891231	
9.2	-12	1.08234037391063	
9.2	-11	1.12261127640693	
9.2	-10	1.16070619355239	
9.2	-9	1.19651139216199	
9.2	-8	1.22957090580365	
9.2	-7	1.25968200602487	
9.2	-6	1.28636911589048	
9.2	-5	1.30941634605777	
9.2	-4	1.3286118021075	
9.2	-3	1.34374631263272	
9.2	-2	1.35467545834444	
9.2	-1.5	1.35854072215199	
9.2	-1	1.36127819894806	
9.2	-0.5	1.36292803776638	
9.2	0	1.36347119589547	

9.4	-24	0.587788207689132	
9.4	-22	0.666433509528872	
9.4	-20	0.749568093625148	
9.4	-18	0.83551402056931	
9.4	-16	0.923255947559647	
9.4	-14	1.0096684961206	
9.4	-12	1.09200423034399	
9.4	-11	1.1311283101564	
9.4	-10	1.16825927617635	
9.4	-9	1.20298614505711	
9.4	-8	1.23495042508933	
9.4	-7	1.2641104348851	
9.4	-6	1.28990968256364	
9.4	-5	1.31219666835953	
9.4	-4	1.33073936804559	
9.4	-3	1.34535235306494	
9.4	-2	1.35589490319571	
9.4	-1.5	1.35962377462921	
9.4	-1	1.36229350685605	
9.4	-0.5	1.36389560187452	
9.4	0	1.36441187722134	

9.6	-24	0.605234073045675	
9.6	-22	0.68391352353203	
9.6	-20	0.765914002613845	
9.6	-18	0.850508511253844	
9.6	-16	0.936543385752855	
9.6	-14	1.02118176354864	
9.6	-12	1.10143426295604	
9.6	-11	1.13937828656143	
9.6	-10	1.1755230014218	
9.6	-9	1.20908644207209	
9.6	-8	1.24009490995704	
9.6	-7	1.26826574637046	
9.6	-6	1.29326976466572	
9.6	-5	1.31483188156706	
9.6	-4	1.3327578005559	
9.6	-3	1.34688011479324	
9.6	-2	1.35706631488659	
9.6	-1.5	1.36065549693126	
9.6	-1	1.36322301483604	
9.6	-0.5	1.36477184470705	
9.6	0	1.36527211943908	

9.8	-24	0.622351215494715	
9.8	-22	0.700276494958884	
9.8	-20	0.78175971862312	
9.8	-18	0.864982261161372	
9.8	-16	0.949406934313635	
9.8	-14	1.03209654206571	
9.8	-12	1.11037530146519	
9.8	-11	1.14729930955958	
9.8	-10	1.18234348646726	
9.8	-9	1.21488603734349	
9.8	-8	1.24499871266519	
9.8	-7	1.27227223893276	
9.8	-6	1.29646076440936	
9.8	-5	1.31733250632162	
9.8	-4	1.33466714661071	
9.8	-3	1.34831492854715	
9.8	-2	1.35815748756917	
9.8	-1.5	1.36163821214544	
9.8	-1	1.3641197476036	
9.8	-0.5	1.36559218299544	
9.8	0	1.36608328212268	

10	-24	0.639245891055189	
10	-22	0.716383507391476	
10	-20	0.796830615034777	
10	-18	0.87896944397121	
10	-16	0.96161732944994	
10	-14	1.04253398803733	
10	-12	1.11887582097293	
10	-11	1.15478342844498	
10	-10	1.18877416589305	
10	-9	1.22045059034194	
10	-8	1.24970408492435	
10	-7	1.27612946112783	
10	-6	1.29950458519349	
10	-5	1.31970280923526	
10	-4	1.33648761262317	
10	-3	1.349675904161	
10	-2	1.35920600808289	
10	-1.5	1.36256016268174	
10	-1	1.36496260452317	
10	-0.5	1.36639928110403	
10	0	1.36686553088121	

10.2	-24	0.655455529610214	
10.2	-22	0.732172340134922	
10.2	-20	0.811424438458096	
10.2	-18	0.892442913975485	
10.2	-16	0.973434666154205	
10.2	-14	1.05260219829992	
10.2	-12	1.12710443054476	
10.2	-11	1.16191971559758	
10.2	-10	1.1949847768598	
10.2	-9	1.22581306270274	
10.2	-8	1.25409781275704	
10.2	-7	1.27971025149935	
10.2	-6	1.30240273938703	
10.2	-5	1.32196387329019	
10.2	-4	1.33820695598836	
10.2	-3	1.35099091745983	
10.2	-2	1.36019534734687	
10.2	-1.5	1.36343118123271	
10.2	-1	1.36575253129917	
10.2	-0.5	1.36713455261136	
10.2	0	1.36759545566041	

10.4	-24	0.671322008688995	
10.4	-22	0.747452393039993	
10.4	-20	0.825788501438479	
10.4	-18	0.905469148536627	
10.4	-16	0.984831412646492	
10.4	-14	1.06229735736673	
10.4	-12	1.1348526853487	
10.4	-11	1.16883488442363	
10.4	-10	1.20091706432162	
10.4	-9	1.23084052173515	
10.4	-8	1.25833196530707	
10.4	-7	1.28317327301841	
10.4	-6	1.30516360291273	
10.4	-5	1.32410902813711	
10.4	-4	1.33983667714793	
10.4	-3	1.35221608219814	
10.4	-2	1.3611417848559	
10.4	-1.5	1.36427984866541	
10.4	-1	1.36652653617671	
10.4	-0.5	1.36788040124806	
10.4	0	1.36831314805556	

10.6	-24	0.68693143298688	
10.6	-22	0.762314785247254	
10.6	-20	0.839703817412053	
10.6	-18	0.917943240005909	
10.6	-16	0.995741342559125	
10.6	-14	1.07152703459064	
10.6	-12	1.14234163605034	
10.6	-11	1.17536263616396	
10.6	-10	1.20662645608254	
10.6	-9	1.23565876274333	
10.6	-8	1.26237090655997	
10.6	-7	1.28647150615638	
10.6	-6	1.30779213960351	
10.6	-5	1.32615648058026	
10.6	-4	1.34139817202554	
10.6	-3	1.35337920310712	
10.6	-2	1.36202219243215	
10.6	-1.5	1.36505939603635	
10.6	-1	1.36723741479079	
10.6	-0.5	1.36853556387705	
10.6	0	1.3689672630177	

10.8	-24	0.702110865565889	
10.8	-22	0.776788851512819	
10.8	-20	0.853062636274398	
10.8	-18	0.930189802203742	
10.8	-16	1.00648262730498	
10.8	-14	1.08050756154775	
10.8	-12	1.14954157659881	
10.8	-11	1.1816149229579	
10.8	-10	1.2120504645572	
10.8	-9	1.24028020579477	
10.8	-8	1.26621460733865	
10.8	-7	1.28961671930335	
10.8	-6	1.31031210089298	
10.8	-5	1.32809889233295	
10.8	-4	1.34287451411921	
10.8	-3	1.35449979650723	
10.8	-2	1.36287380601679	
10.8	-1.5	1.3657982025864	
10.8	-1	1.36791949070405	
10.8	-0.5	1.36917698438711	
10.8	0	1.36959644016583	

11	-24	0.716899317153124	
11	-22	0.790711921040654	
11	-20	0.866006926065328	
11	-18	0.941780622847952	
11	-16	1.01675259255802	
11	-14	1.0888867067969	
11	-12	1.15630563801257	
11	-11	1.1876699553064	
11	-10	1.21722407768308	
11	-9	1.24465834706091	
11	-8	1.26987643492664	
11	-7	1.29261889535094	
11	-6	1.31269411274421	
11	-5	1.32995578852307	
11	-4	1.34429007681238	
11	-3	1.35554221109989	
11	-2	1.36365658027732	
11	-1.5	1.36650647933252	
11	-1	1.36856446290967	
11	-0.5	1.36977608373323	
11	0	1.37018985126512	

11.2	-24	0.731332860780922	
11.2	-22	0.80418388912208	
11.2	-20	0.878535445215026	
11.2	-18	0.9530425852264	
11.2	-16	1.02655473888174	
11.2	-14	1.09699813712394	
11.2	-12	1.16287710596486	
11.2	-11	1.1934943652118	
11.2	-10	1.22213714761985	
11.2	-9	1.24890051596236	
11.2	-8	1.27339440405246	
11.2	-7	1.29547681057833	
11.2	-6	1.31496603012823	
11.2	-5	1.33172693559199	
11.2	-4	1.34562297777775	
11.2	-3	1.3565642207553	
11.2	-2	1.36444146638153	
11.2	-1.5	1.36719577725463	
11.2	-1	1.36917601096947	
11.2	-0.5	1.37035447773083	
11.2	0	1.37074842489396	

11.4	-24	0.745458893247117	
11.4	-22	0.817464943793459	
11.4	-20	0.89080298671861	
11.4	-18	0.963970516554841	
11.4	-16	1.03602434896988	
11.4	-14	1.10488342055617	
11.4	-12	1.16918906904184	
11.4	-11	1.19904311190693	
11.4	-10	1.22694049432588	
11.4	-9	1.25294550658762	
11.4	-8	1.27675155370988	
11.4	-7	1.29820265171502	
11.4	-6	1.31714523751852	
11.4	-5	1.33341526290149	
11.4	-4	1.34690357761707	
11.4	-3	1.35749539552902	
11.4	-2	1.36512644002042	
11.4	-1.5	1.36781420047368	
11.4	-1	1.36974947725203	
11.4	-0.5	1.37090697000317	
11.4	0	1.37128932393139	

11.6	-24	0.759173186733221	
11.6	-22	0.83031232848747	
11.6	-20	0.902541682614243	
11.6	-18	0.974499860244118	
11.6	-16	1.04509004534748	
11.6	-14	1.11247203136709	
11.6	-12	1.17510848787671	
11.6	-11	1.20431009690693	
11.6	-10	1.23152450558983	
11.6	-9	1.25677363792952	
11.6	-8	1.27997027838402	
11.6	-7	1.30082351783698	
11.6	-6	1.31922640307386	
11.6	-5	1.33502765141473	
11.6	-4	1.34812395623816	
11.6	-3	1.35839559215302	
11.6	-2	1.3658081963395	
11.6	-1.5	1.36841065028566	
11.6	-1	1.37026322931787	
11.6	-0.5	1.37139663449479	
11.6	0	1.37176064012342	

11.8	-24	0.77252458876569	
11.8	-22	0.842797247896004	
11.8	-20	0.91398096973749	
11.8	-18	0.984625317098754	
11.8	-16	1.05389384609948	
11.8	-14	1.11982563955122	
11.8	-12	1.18094093765926	
11.8	-11	1.2092663202277	
11.8	-10	1.23589999681983	
11.8	-9	1.26049359182787	
11.8	-8	1.28304867819581	
11.8	-7	1.30332152744284	
11.8	-6	1.32121075913961	
11.8	-5	1.33656833854841	
11.8	-4	1.3492893521711	
11.8	-3	1.35927766493427	
11.8	-2	1.36646701580579	
11.8	-1.5	1.3689962200964	
11.8	-1	1.37080324245445	
11.8	-0.5	1.3718783556041	
11.8	0	1.37223244645099	

12	-24	0.785678915207464	
12	-22	0.854964525907736	
12	-20	0.925044557917732	
12	-18	0.994518000418589	
12	-16	1.06231050813349	
12	-14	1.12683742482759	
12	-12	1.18651384201302	
12	-11	1.21414223338641	
12	-10	1.24008392730365	
12	-9	1.26407522241815	
12	-8	1.28599015926128	
12	-7	1.30573600450172	
12	-6	1.32311604773586	
12	-5	1.33804185226695	
12	-4	1.35040023549468	
12	-3	1.36010474324567	
12	-2	1.36708484547975	
12	-1.5	1.36953791351638	
12	-1	1.37130157350051	
12	-0.5	1.37235710634806	
12	0	1.37269733131268	

12.4	-24	0.810630986657751	
12.4	-22	0.878056266861687	
12.4	-20	0.946177139842353	
12.4	-18	1.01325061661076	
12.4	-16	1.07834442362635	
12.4	-14	1.14002779712036	
12.4	-12	1.1971007581545	
12.4	-11	1.22331597375624	
12.4	-10	1.24799411185051	
12.4	-9	1.27075683787359	
12.4	-8	1.2915523629331	
12.4	-7	1.31022224289481	
12.4	-6	1.32668718770615	
12.4	-5	1.34080118174323	
12.4	-4	1.35249189852326	
12.4	-3	1.36165373461684	
12.4	-2	1.36824003097376	
12.4	-1.5	1.37056726800646	
12.4	-1	1.37222050820028	
12.4	-0.5	1.37322120000267	
12.4	0	1.37354068533408	

12.8	-24	0.834377012835043	
12.8	-22	0.899876086905123	
12.8	-20	0.965982451090861	
12.8	-18	1.03074733404303	
12.8	-16	1.09340479681846	
12.8	-14	1.15240604351326	
12.8	-12	1.20689008872646	
12.8	-11	1.23181525947715	
12.8	-10	1.25522684674991	
12.8	-9	1.27692881700004	
12.8	-8	1.29668228626195	
12.8	-7	1.31437643344697	
12.8	-6	1.32996581261365	
12.8	-5	1.3433334899445	
12.8	-4	1.35439555068204	
12.8	-3	1.36306131328437	
12.8	-2	1.36928996046148	
12.8	-1.5	1.37148909144489	
12.8	-1	1.37306930957697	
12.8	-0.5	1.37401793345562	
12.8	0	1.37432202060642	

13.2	-24	0.856831276827898	
13.2	-22	0.920627752022313	
13.2	-20	0.98461957098782	
13.2	-18	1.04698545242646	
13.2	-16	1.10724656926827	
13.2	-14	1.16387950299242	
13.2	-12	1.21577959051551	
13.2	-11	1.23977299543802	
13.2	-10	1.26198808830558	
13.2	-9	1.28257240113158	
13.2	-8	1.30136604079532	
13.2	-7	1.31820510509837	
13.2	-6	1.33299679051791	
13.2	-5	1.34566241240677	
13.2	-4	1.35614553509765	
13.2	-3	1.36436233912816	
13.2	-2	1.37025896002529	
13.2	-1.5	1.37234500511718	
13.2	-1	1.37383275436652	
13.2	-0.5	1.37472698928696	
13.2	0	1.37501838307383	

13.6	-24	0.878356269350782	
13.6	-22	0.940180281727687	
13.6	-20	1.00214739219844	
13.6	-18	1.06242510668925	
13.6	-16	1.12022735741154	
13.6	-14	1.1744865596788	
13.6	-12	1.22418905119037	
13.6	-11	1.24699186024114	
13.6	-10	1.26829387036898	
13.6	-9	1.2878433899228	
13.6	-8	1.30568442151402	
13.6	-7	1.32171393313401	
13.6	-6	1.33577914665858	
13.6	-5	1.34780884068097	
13.6	-4	1.35774983350663	
13.6	-3	1.36554974084235	
13.6	-2	1.37115186218359	
13.6	-1.5	1.37313267553951	
13.6	-1	1.37454743425051	
13.6	-0.5	1.37539502387018	
13.6	0	1.37565663927835	

14	-24	0.898512886529044	
14	-22	0.958800785610391	
14	-20	1.01856260260934	
14	-18	1.07684291063207	
14	-16	1.13243342972919	
14	-14	1.18448543400851	
14	-12	1.23196866870188	
14	-11	1.25378056779127	
14	-10	1.27404525890803	
14	-9	1.29277051783616	
14	-8	1.30973157475253	
14	-7	1.32496697277456	
14	-6	1.33835295030147	
14	-5	1.34979550172299	
14	-4	1.35923834367813	
14	-3	1.36664532489378	
14	-2	1.37196090436676	
14	-1.5	1.37382779666673	
14	-1	1.37517443462736	
14	-0.5	1.3759623098807	
14	0	1.37622798350047	

14.4	-24	0.917343452972529	
14.4	-22	0.975951672020178	
14.4	-20	1.03409822168685	
14.4	-18	1.09030542647093	
14.4	-16	1.14378139169155	
14.4	-14	1.19381106507993	
14.4	-12	1.23925120693294	
14.4	-11	1.26005078555864	
14.4	-10	1.27942598122809	
14.4	-9	1.29726109677473	
14.4	-8	1.31350309203664	
14.4	-7	1.32800869529602	
14.4	-6	1.34073629122702	
14.4	-5	1.35162914428852	
14.4	-4	1.3606251960898	
14.4	-3	1.36765623690053	
14.4	-2	1.37272630712068	
14.4	-1.5	1.3745048836886	
14.4	-1	1.37575841686699	
14.4	-0.5	1.37653579843139	
14.4	0	1.3767843582051	

14.8	-24	0.935485431751743	
14.8	-22	0.992528278404855	
14.8	-20	1.04872793428015	
14.8	-18	1.10291744850897	
14.8	-16	1.15436254699846	
14.8	-14	1.20255750289651	
14.8	-12	1.24606590748175	
14.8	-11	1.26595592235925	
14.8	-10	1.28442999316088	
14.8	-9	1.30149812921041	
14.8	-8	1.31695859611656	
14.8	-7	1.33082237838224	
14.8	-6	1.34295610151924	
14.8	-5	1.35333034676294	
14.8	-4	1.36189815255693	
14.8	-3	1.36859944666595	
14.8	-2	1.37342799487487	
14.8	-1.5	1.37512108661396	
14.8	-1	1.37631817787435	
14.8	-0.5	1.37706863991367	
14.8	0	1.37729507498157	

15.2	-24	0.952611393438057	
15.2	-22	1.00804990559122	
15.2	-20	1.06253517937482	
15.2	-18	1.11487919760412	
15.2	-16	1.1643532993177	
15.2	-14	1.21055672388072	
15.2	-12	1.25237662840444	
15.2	-11	1.27140163201696	
15.2	-10	1.28913421886813	
15.2	-9	1.30540764114413	
15.2	-8	1.32019438810761	
15.2	-7	1.33342533284907	
15.2	-6	1.34501355696551	
15.2	-5	1.35490897380123	
15.2	-4	1.36307315563864	
15.2	-3	1.36946203119029	
15.2	-2	1.37405683216518	
15.2	-1.5	1.3756621853451	
15.2	-1	1.37682380780843	
15.2	-0.5	1.37751113274407	
15.2	0	1.37773590101541	

15.6	-24	0.968925507398537	
15.6	-22	1.02274087196873	
15.6	-20	1.0754259536683	
15.6	-18	1.12606863211561	
15.6	-16	1.17376601058199	
15.6	-14	1.21817894488188	
15.6	-12	1.25828685705098	
15.6	-11	1.27655379206384	
15.6	-10	1.29349394474491	
15.6	-9	1.30908371818262	
15.6	-8	1.32322222089207	
15.6	-7	1.33586243110214	
15.6	-6	1.34693132729465	
15.6	-5	1.35638542058724	
15.6	-4	1.36418075048378	
15.6	-3	1.37027337557421	
15.6	-2	1.37464543670949	
15.6	-1.5	1.37617896764553	
15.6	-1	1.37728019707793	
15.6	-0.5	1.37793648128079	
15.6	0	1.37815124896205	

16	-24	0.98454920605322	
16	-22	1.03675105840156	
16	-20	1.08772838309549	
16	-18	1.13655921796107	
16	-16	1.18265040938858	
16	-14	1.22531476929287	
16	-12	1.26386168669309	
16	-11	1.2813292372337	
16	-10	1.29759368292947	
16	-9	1.31249693867561	
16	-8	1.32604938475086	
16	-7	1.33814186948455	
16	-6	1.34872053693869	
16	-5	1.35775473435922	
16	-4	1.36520662815939	
16	-3	1.37102847925796	
16	-2	1.3752171128342	
16	-1.5	1.37668646310523	
16	-1	1.37772958814567	
16	-0.5	1.37835637707826	
16	0	1.37856722047405	

16.8	-24	1.01295729710051	
16.8	-22	1.06242368275852	
16.8	-20	1.1102004021715	
16.8	-18	1.15588597927157	
16.8	-16	1.19883727980344	
16.8	-14	1.2382882707771	
16.8	-12	1.27391243777846	
16.8	-11	1.29003513619627	
16.8	-10	1.30500561789036	
16.8	-9	1.31872712698656	
16.8	-8	1.33114949517437	
16.8	-7	1.34225085637938	
16.8	-6	1.35195313034861	
16.8	-5	1.36023120201091	
16.8	-4	1.36704821358238	
16.8	-3	1.37238216279114	
16.8	-2	1.37620462590828	
16.8	-1.5	1.37754913419635	
16.8	-1	1.37851462172908	
16.8	-0.5	1.37909390107307	
16.8	0	1.3792812640294	

17.6	-24	1.03886377364097	
17.6	-22	1.08552882648781	
17.6	-20	1.13044337883774	
17.6	-18	1.17314032418617	
17.6	-16	1.2131509317997	
17.6	-14	1.24986566200502	
17.6	-12	1.28278475985911	
17.6	-11	1.29772240735861	
17.6	-10	1.31153902978953	
17.6	-9	1.32419376507203	
17.6	-8	1.33564316703701	
17.6	-7	1.34586139214879	
17.6	-6	1.35478945661908	
17.6	-5	1.36239915179565	
17.6	-4	1.36867199529925	
17.6	-3	1.37356667905275	
17.6	-2	1.37708804113585	
17.6	-1.5	1.37831677261031	
17.6	-1	1.37920032663454	
17.6	-0.5	1.379731108725	
17.6	0	1.37989486263052	

18.4	-24	1.0624016717533	
18.4	-22	1.10649427901904	
18.4	-20	1.14862279505565	
18.4	-18	1.18866390326542	
18.4	-16	1.22593823824834	
18.4	-14	1.2601116167533	
18.4	-12	1.29073064701963	
18.4	-11	1.30455415550586	
18.4	-10	1.31731653765891	
18.4	-9	1.32902700630607	
18.4	-8	1.33961737787362	
18.4	-7	1.34905358525015	
18.4	-6	1.35729142485721	
18.4	-5	1.36430824451235	
18.4	-4	1.37009156282375	
18.4	-3	1.37460351672545	
18.4	-2	1.37784594380334	
18.4	-1.5	1.3789795484008	
18.4	-1	1.37979042368358	
18.4	-0.5	1.38028203254336	
18.4	0	1.38043739605865	

19.2	-24	1.08367390415065	
19.2	-22	1.12533022896548	
19.2	-20	1.16504008220734	
19.2	-18	1.20252957137027	
19.2	-16	1.23742265340515	
19.2	-14	1.26926019003829	
19.2	-12	1.29774964355991	
19.2	-11	1.3106053676565	
19.2	-10	1.32248502079545	
19.2	-9	1.33333770035221	
19.2	-8	1.34314961393673	
19.2	-7	1.35188220439838	
19.2	-6	1.35950814304467	
19.2	-5	1.36600456489494	
19.2	-4	1.37134430549116	
19.2	-3	1.37551833590431	
19.2	-2	1.37850817150552	
19.2	-1.5	1.37956208313588	
19.2	-1	1.38031390686084	
19.2	-0.5	1.38076582878369	
19.2	0	1.3809042747519	

20	-24	1.10294803003496	
20	-22	1.14234330630949	
20	-20	1.17978962084995	
20	-18	1.21502687898226	
20	-16	1.24768612027111	
20	-14	1.27749221157116	
20	-12	1.3040533360858	
20	-11	1.31601918148891	
20	-10	1.32707774098421	
20	-9	1.33716792685984	
20	-8	1.34628760140445	
20	-7	1.35440602487875	
20	-6	1.36148229527774	
20	-5	1.36750630449322	
20	-4	1.37246344082967	
20	-3	1.3763274280663	
20	-2	1.37910560148426	
20	-1.5	1.38007552178581	
20	-1	1.38077437889405	
20	-0.5	1.38118976505003	
20	0	1.38132331229333	

20.8	-24	1.12064084743262	
20.8	-22	1.15786776743593	
20.8	-20	1.19319298664547	
20.8	-18	1.2263467032599	
20.8	-16	1.25701015935267	
20.8	-14	1.28491073190277	
20.8	-12	1.30971404284357	
20.8	-11	1.32088802201435	
20.8	-10	1.33119003352178	
20.8	-9	1.34060425035453	
20.8	-8	1.34909894277457	
20.8	-7	1.35666190282854	
20.8	-6	1.36324801228487	
20.8	-5	1.36885128120996	
20.8	-4	1.37346278491134	
20.8	-3	1.37705654132348	
20.8	-2	1.37963547339752	
20.8	-1.5	1.38054303270018	
20.8	-1	1.38119011839989	
20.8	-0.5	1.38158182498001	
20.8	0	1.38170139977181	

21.6	-24	1.13674292886267	
21.6	-22	1.17207341630966	
21.6	-20	1.20546033005673	
21.6	-18	1.23660397796305	
21.6	-16	1.26544034930301	
21.6	-14	1.2915766558558	
21.6	-12	1.31483302844925	
21.6	-11	1.32527541133105	
21.6	-10	1.33491934469999	
21.6	-9	1.3437008448884	
21.6	-8	1.35163169675426	
21.6	-7	1.3586884645971	
21.6	-6	1.36483367260132	
21.6	-5	1.37006189693814	
21.6	-4	1.37436100498733	
21.6	-3	1.37771180794203	
21.6	-2	1.38011251121254	
21.6	-1.5	1.38096195035427	
21.6	-1	1.38156129448135	
21.6	-0.5	1.38192483728169	
21.6	0	1.38203766592743	

22.4	-24	1.15151723037305	
22.4	-22	1.18491357745032	
22.4	-20	1.21645559701032	
22.4	-18	1.2460195981176	
22.4	-16	1.27309015668221	
22.4	-14	1.29766185442743	
22.4	-12	1.31944191883395	
22.4	-11	1.32924848616242	
22.4	-10	1.33827062370009	
22.4	-9	1.34649551705228	
22.4	-8	1.35391576714548	
22.4	-7	1.36051575732231	
22.4	-6	1.36626073934028	
22.4	-5	1.37114601672343	
22.4	-4	1.37516182074825	
22.4	-3	1.37829314488673	
22.4	-2	1.38054055844592	
22.4	-1.5	1.38133153655157	
22.4	-1	1.38189451298425	
22.4	-0.5	1.38223187102897	
22.4	0	1.38233606230547	

23.2	-24	1.16511834577298	
23.2	-22	1.19671978942691	
23.2	-20	1.22659683115947	
23.2	-18	1.25446200885169	
23.2	-16	1.280063925492	
23.2	-14	1.30315805055983	
23.2	-12	1.32364099938052	
23.2	-11	1.33284718929111	
23.2	-10	1.34130374244953	
23.2	-9	1.34902261893185	
23.2	-8	1.35598404997477	
23.2	-7	1.36216882206071	
23.2	-6	1.36755069659187	
23.2	-5	1.37212515254882	
23.2	-4	1.37588768490578	
23.2	-3	1.37881451430512	
23.2	-2	1.38091814110211	
23.2	-1.5	1.38165630672957	
23.2	-1	1.38218594636481	
23.2	-0.5	1.38250238116498	
23.2	0	1.38259714160274	

24	-24	1.17758296371087	
24	-22	1.2075563192763	
24	-20	1.23583732682738	
24	-18	1.26219763159752	
24	-16	1.28635930861127	
24	-14	1.30818017612815	
24	-12	1.32747102769826	
24	-11	1.33611402805693	
24	-10	1.34407146559063	
24	-9	1.35132733159638	
24	-8	1.35785982321779	
24	-7	1.36366837278996	
24	-6	1.36872216500572	
24	-5	1.37301515327588	
24	-4	1.37654554469864	
24	-3	1.37929133974775	
24	-2	1.3812659710711	
24	-1.5	1.38195455564268	
24	-1	1.38245393810495	
24	-0.5	1.3827454552255	
24	0	1.38284208020765	

24.8	-24	1.18911299715513	
24.8	-22	1.21753560725866	
24.8	-20	1.24432197272498	
24.8	-18	1.26928746401417	
24.8	-16	1.29214040081994	
24.8	-14	1.31273904406405	
24.8	-12	1.33093674848466	
24.8	-11	1.33909347574686	
24.8	-10	1.34659038019155	
24.8	-9	1.35341710935995	
24.8	-8	1.3595703046703	
24.8	-7	1.36503316749595	
24.8	-6	1.36978504737442	
24.8	-5	1.37382014364015	
24.8	-4	1.3771372372132	
24.8	-3	1.37971662385482	
24.8	-2	1.38157140831468	
24.8	-1.5	1.38222576847619	
24.8	-1	1.38269125442592	
24.8	-0.5	1.38296535191861	
24.8	0	1.38305406632049	

25.6	-24	1.19968574275804	
25.6	-22	1.22671372780729	
25.6	-20	1.25220720691304	
25.6	-18	1.27581364754939	
25.6	-16	1.29744019562618	
25.6	-14	1.31692087193445	
25.6	-12	1.33412304826189	
25.6	-11	1.34181600639189	
25.6	-10	1.34889914590037	
25.6	-9	1.35532917505511	
25.6	-8	1.36112884857783	
25.6	-7	1.36627858983082	
25.6	-6	1.37075338290574	
25.6	-5	1.37455671363092	
25.6	-4	1.37768045758479	
25.6	-3	1.38011126026799	
25.6	-2	1.38185730538214	
25.6	-1.5	1.38246328843652	
25.6	-1	1.38290706618421	
25.6	-0.5	1.3831680673084	
25.6	0	1.38324646335221	

26.4	-24	1.2094126183292	
26.4	-22	1.23524327814893	
26.4	-20	1.2593918049915	
26.4	-18	1.28180939797787	
26.4	-16	1.30229968716111	
26.4	-14	1.32075932904122	
26.4	-12	1.33703250896152	
26.4	-11	1.34430643400943	
26.4	-10	1.35099669634299	
26.4	-9	1.35707823643713	
26.4	-8	1.36255588452295	
26.4	-7	1.36741783380628	
26.4	-6	1.37164037617422	
26.4	-5	1.37523022847914	
26.4	-4	1.37817541984223	
26.4	-3	1.38047205804889	
26.4	-2	1.3821142487673	
26.4	-1.5	1.38268780616111	
26.4	-1	1.38310946675308	
26.4	-0.5	1.38334858150845	
26.4	0	1.38343170866686	

27.2	-24	1.21846644031067	
27.2	-22	1.24307377048942	
27.2	-20	1.26606379339328	
27.2	-18	1.28734504825999	
27.2	-16	1.30681515719401	
27.2	-14	1.32429093494753	
27.2	-12	1.33971151421012	
27.2	-11	1.34660115697117	
27.2	-10	1.35292982526757	
27.2	-9	1.35868514708319	
27.2	-8	1.36386508646778	
27.2	-7	1.36846380721964	
27.2	-6	1.37245849681467	
27.2	-5	1.37584893129155	
27.2	-4	1.37863396147024	
27.2	-3	1.38080058998268	
27.2	-2	1.38235546074116	
27.2	-1.5	1.38289864272256	
27.2	-1	1.38329448047843	
27.2	-0.5	1.38352273619459	
27.2	0	1.38359455651894	

28	-24	1.22685191185831	
28	-22	1.25031000215703	
28	-20	1.27223599403853	
28	-18	1.29247723405168	
28	-16	1.31096298419642	
28	-14	1.32756058450001	
28	-12	1.34217849883875	
28	-11	1.34870971068917	
28	-10	1.35471313880232	
28	-9	1.36016177245634	
28	-8	1.36507053340958	
28	-7	1.36942575882556	
28	-6	1.37320594061931	
28	-5	1.37641665233671	
28	-4	1.37905022260209	
28	-3	1.38110394462269	
28	-2	1.38257199767028	
28	-1.5	1.38309003294339	
28	-1	1.38346137621016	
28	-0.5	1.38368220384869	
28	0	1.38375021953705	

28.8	-24	1.23465954117182	
28.8	-22	1.2570149529242	
28.8	-20	1.27794317459841	
28.8	-18	1.29724149309604	
28.8	-16	1.3148281696897	
28.8	-14	1.33059233457925	
28.8	-12	1.34446400236115	
28.8	-11	1.35066096674052	
28.8	-10	1.35635690971383	
28.8	-9	1.36152636995735	
28.8	-8	1.36618159299621	
28.8	-7	1.37031222607185	
28.8	-6	1.37389824007032	
28.8	-5	1.37694112376041	
28.8	-4	1.37944010763113	
28.8	-3	1.38138248422866	
28.8	-2	1.3827770816804	
28.8	-1.5	1.38326229786416	
28.8	-1	1.38361871054766	
28.8	-0.5	1.3838283402437	
28.8	0	1.38388727080495	

29.6	-24	1.2419048577196	
29.6	-22	1.26327411189579	
29.6	-20	1.28320153123896	
29.6	-18	1.30162389082459	
29.6	-16	1.31836441858554	
29.6	-14	1.33338223539937	
29.6	-12	1.34657577854544	
29.6	-11	1.35246539491715	
29.6	-10	1.35787152522476	
29.6	-9	1.36278713395422	
29.6	-8	1.36720754776451	
29.6	-7	1.37113077058399	
29.6	-6	1.37453526635513	
29.6	-5	1.37742430478001	
29.6	-4	1.37979656836817	
29.6	-3	1.38164065111701	
29.6	-2	1.38296394270782	
29.6	-1.5	1.38342196539375	
29.6	-1	1.38376111670705	
29.6	-0.5	1.38395999228881	
29.6	0	1.38401399101735	

30.4	-24	1.24868641989654	
30.4	-22	1.26910047080038	
30.4	-20	1.28813281042968	
30.4	-18	1.30567934477211	
30.4	-16	1.32165941412058	
30.4	-14	1.33596452201368	
30.4	-12	1.34853736168564	
30.4	-11	1.35414036105825	
30.4	-10	1.35928387578761	
30.4	-9	1.36395587006349	
30.4	-8	1.36815813759458	
30.4	-7	1.37188608215522	
30.4	-6	1.3751239680315	
30.4	-5	1.37786526434489	
30.4	-4	1.38012458788219	
30.4	-3	1.38186833132562	
30.4	-2	1.38313448616929	
30.4	-1.5	1.38357100756657	
30.4	-1	1.38388752419052	
30.4	-0.5	1.38407946601275	
30.4	0	1.38413399809053	

31.2	-24	1.25500704825782	
31.2	-22	1.27454220559153	
31.2	-20	1.29271379552474	
31.2	-18	1.30948267574733	
31.2	-16	1.324723482741	
31.2	-14	1.33836673522391	
31.2	-12	1.35034941182335	
31.2	-11	1.35568811060916	
31.2	-10	1.36058771550727	
31.2	-9	1.36503664527843	
31.2	-8	1.36903896648633	
31.2	-7	1.37258930364075	
31.2	-6	1.37566789482743	
31.2	-5	1.37828054752364	
31.2	-4	1.38042356579866	
31.2	-3	1.3820892528818	
31.2	-2	1.38328345560348	
31.2	-1.5	1.38370072265843	
31.2	-1	1.38400818031801	
31.2	-0.5	1.38418320559121	
31.2	0	1.38424010791795	

32	-24	1.26084553757088	
32	-22	1.27959865313202	
32	-20	1.29699932846653	
32	-18	1.31301400384075	
32	-16	1.32757831899334	
32	-14	1.34060419671279	
32	-12	1.3520336791878	
32	-11	1.35712527615599	
32	-10	1.36180233750897	
32	-9	1.36604309158997	
32	-8	1.36985774453102	
32	-7	1.37324199684866	
32	-6	1.37617437767666	
32	-5	1.37866506181405	
32	-4	1.38070560624122	
32	-3	1.38229464363933	
32	-2	1.38343359022251	
32	-1.5	1.38383348291994	
32	-1	1.38412489540669	
32	-0.5	1.38429298991754	
32	0	1.38434454384472	

32.8	-24	1.26637568297069	
32.8	-22	1.28429638586842	
32.8	-20	1.3009990380786	
32.8	-18	1.31632639457352	
32.8	-16	1.33024178785621	
32.8	-14	1.3426922042243	
32.8	-12	1.3536072160973	
32.8	-11	1.35847071504578	
32.8	-10	1.36293239507363	
32.8	-9	1.36698005291126	
32.8	-8	1.3706196352151	
32.8	-7	1.373848509253	
32.8	-6	1.37664822900373	
32.8	-5	1.37902242572409	
32.8	-4	1.38096919993667	
32.8	-3	1.38248397428307	
32.8	-2	1.38357051077555	
32.8	-1.5	1.38395080370111	
32.8	-1	1.3842284809112	
32.8	-0.5	1.38438919849282	
32.8	0	1.38443751150312	

33.6	-24	1.27151690786393	
33.6	-22	1.28872409430578	
33.6	-20	1.30470802498706	
33.6	-18	1.31941353210649	
33.6	-16	1.33273443878087	
33.6	-14	1.34463988900599	
33.6	-12	1.35507535958505	
33.6	-11	1.35972673982562	
33.6	-10	1.36398678357971	
33.6	-9	1.36785383025635	
33.6	-8	1.3713299106599	
33.6	-7	1.37441365717965	
33.6	-6	1.37708620208721	
33.6	-5	1.37935208029755	
33.6	-4	1.38121294672205	
33.6	-3	1.38265850083391	
33.6	-2	1.38369581805867	
33.6	-1.5	1.3840574353721	
33.6	-1	1.38432294330872	
33.6	-0.5	1.38447597978561	
33.6	0	1.38452161193289	

34.4	-24	1.27635683724989	
34.4	-22	1.29288136866352	
34.4	-20	1.30821653999571	
34.4	-18	1.32228766489786	
34.4	-16	1.33505595783004	
34.4	-14	1.34646303210655	
34.4	-12	1.35644659946654	
34.4	-11	1.36089514681009	
34.4	-10	1.36497153502168	
34.4	-9	1.36866892680101	
34.4	-8	1.37199323548442	
34.4	-7	1.37494115219522	
34.4	-6	1.37749669169087	
34.4	-5	1.37966315353527	
34.4	-4	1.38144107494117	
34.4	-3	1.38282068481798	
34.4	-2	1.38381311760193	
34.4	-1.5	1.38415911653888	
34.4	-1	1.38441088853864	
34.4	-0.5	1.38456001306103	
34.4	0	1.38460326273597	

35.2	-24	1.28090906090826	
35.2	-22	1.29678179349843	
35.2	-20	1.31148863830324	
35.2	-18	1.3249901978839	
35.2	-16	1.33723605400443	
35.2	-14	1.34815896901472	
35.2	-12	1.35772849513605	
35.2	-11	1.36198962042354	
35.2	-10	1.3658934148176	
35.2	-9	1.36943177659445	
35.2	-8	1.3726130329898	
35.2	-7	1.37543513955043	
35.2	-6	1.37787992702963	
35.2	-5	1.37995247667889	
35.2	-4	1.38165418781791	
35.2	-3	1.3829739674588	
35.2	-2	1.38392231782607	
35.2	-1.5	1.38425426441194	
35.2	-1	1.38449612217371	
35.2	-0.5	1.38463616582801	
35.2	0	1.38467797864942	

36	-24	1.28518485900065	
36	-22	1.30044112744252	
36	-20	1.31456348697093	
36	-18	1.32753794571017	
36	-16	1.33928052221455	
36	-14	1.34975926121702	
36	-12	1.35893236614682	
36	-11	1.36301342766872	
36	-10	1.36675491185262	
36	-9	1.37014602023205	
36	-8	1.37319463058564	
36	-7	1.37589740627095	
36	-6	1.37824005460884	
36	-5	1.38022338700827	
36	-4	1.38185453336708	
36	-3	1.38311650157282	
36	-2	1.38402535588172	
36	-1.5	1.38434331310746	
36	-1	1.38457444007303	
36	-0.5	1.38470858459495	
36	0	1.38474798157648	

36.8	-24	1.28922327447254	
36.8	-22	1.3038837936554	
36.8	-20	1.31746788975308	
36.8	-18	1.32992683322835	
36.8	-16	1.34120005017076	
36.8	-14	1.35126097014528	
36.8	-12	1.36006065343654	
36.8	-11	1.36397511483795	
36.8	-10	1.36756483466279	
36.8	-9	1.3708157725559	
36.8	-8	1.37373882839552	
36.8	-7	1.37633148974821	
36.8	-6	1.37857622204614	
36.8	-5	1.38047867205766	
36.8	-4	1.38203992548137	
36.8	-3	1.38325156197828	
36.8	-2	1.38412239276554	
36.8	-1.5	1.3844269153778	
36.8	-1	1.3846499376146	
36.8	-0.5	1.38477877971821	
36.8	0	1.38481611617002	

37.6	-24	1.29301987256267	
37.6	-22	1.30713983327385	
37.6	-20	1.32019433906318	
37.6	-18	1.3321712209417	
37.6	-16	1.34300990499891	
37.6	-14	1.35266898151841	
37.6	-12	1.36112058686558	
37.6	-11	1.36488031111334	
37.6	-10	1.36832561676254	
37.6	-9	1.37144558185775	
37.6	-8	1.37425024602898	
37.6	-7	1.37673854851164	
37.6	-6	1.37889096541394	
37.6	-5	1.38071803616584	
37.6	-4	1.38221756676969	
37.6	-3	1.3833789325005	
37.6	-2	1.38421562217498	
37.6	-1.5	1.38450748300273	
37.6	-1	1.38472026290298	
37.6	-0.5	1.38484480375905	
37.6	0	1.38488052723886	

38.4	-24	1.29658575178059	
38.4	-22	1.31019668316065	
38.4	-20	1.32277611876632	
38.4	-18	1.33429203624404	
38.4	-16	1.34471186271711	
38.4	-14	1.35399713594634	
38.4	-12	1.36212146603572	
38.4	-11	1.3657326058415	
38.4	-10	1.36904059062217	
38.4	-9	1.37203739326602	
38.4	-8	1.37473173756502	
38.4	-7	1.37712208905286	
38.4	-6	1.37918992387468	
38.4	-5	1.38094267608263	
38.4	-4	1.38238104652277	
38.4	-3	1.38349677897862	
38.4	-2	1.38429688834365	
38.4	-1.5	1.38457893301364	
38.4	-1	1.38478452843216	
38.4	-0.5	1.38490304274391	
38.4	0	1.38493589769065	

39.2	-24	1.29996484069998	
39.2	-22	1.31307132121538	
39.2	-20	1.32519022503654	
39.2	-18	1.33628963290631	
39.2	-16	1.34631934245767	
39.2	-14	1.35524975774476	
39.2	-12	1.36306077775408	
39.2	-11	1.36653345904013	
39.2	-10	1.36971411971573	
39.2	-9	1.37259457802452	
39.2	-8	1.37518422788529	
39.2	-7	1.37747998838522	
39.2	-6	1.37946776881611	
39.2	-5	1.38115201343353	
39.2	-4	1.38253373237284	
39.2	-3	1.38360585502656	
39.2	-2	1.38437565402923	
39.2	-1.5	1.38464527557344	
39.2	-1	1.38484267481994	
39.2	-0.5	1.38495724568753	
39.2	0	1.38498878614911	

40	-24	1.30316	
40	-22	1.3158	
40	-20	1.32748	
40	-18	1.33817	
40	-16	1.34783	
40	-14	1.35643	
40	-12	1.36395	
40	-11	1.36729	
40	-10	1.37035	
40	-9	1.37312	
40	-8	1.37561	
40	-7	1.37782	
40	-6	1.37973	
40	-5	1.38135	
40	-4	1.38268	
40	-3	1.38371	
40	-2	1.38445	
40	-1.5	1.38471	
40	-1	1.3849	
40	-0.5	1.38501	
40	0	1.38504	

