0.3	-5	0.200949694101106	
0.3	-4	0.276065265108304	
0.3	-3	0.333542839110147	
0.3	-2	0.375611850504106	
0.3	-1.5	0.392380047101204	
0.3	-1	0.402313298873352	
0.3	-0.5	0.414027625126746	
0.3	0	0.416352611689161	

0.4	-5	0.268346161222658	
0.4	-4	0.351872218890307	
0.4	-3	0.418979474363247	
0.4	-2	0.468819189334704	
0.4	-1.5	0.485692412260514	
0.4	-1	0.500759242525462	
0.4	-0.5	0.510000751863046	
0.4	0	0.508627293825949	

0.5	-5	0.331544270854785	
0.5	-4	0.421777548510011	
0.5	-3	0.492258060113318	
0.5	-2	0.545220911978012	
0.5	-1.5	0.563439184455074	
0.5	-1	0.575390390999233	
0.5	-0.5	0.580152832859759	
0.5	0	0.583429059010981	

0.6	-5	0.391024584924961	
0.6	-4	0.486377242789238	
0.6	-3	0.559789187060452	
0.6	-2	0.610629435056838	
0.6	-1.5	0.625656860928534	
0.6	-1	0.634561235910372	
0.6	-0.5	0.640039942032991	
0.6	0	0.640096099448427	

0.7	-5	0.446651260937598	
0.7	-4	0.545034416011738	
0.7	-3	0.618843919130642	
0.7	-2	0.66526601665292	
0.7	-1.5	0.678441980520005	
0.7	-1	0.685758481409384	
0.7	-0.5	0.688408393085854	
0.7	0	0.688948443833717	

0.8	-5	0.499283916539397	
0.8	-4	0.598772653440769	
0.8	-3	0.671228065017123	
0.8	-2	0.713558652876539	
0.8	-1.5	0.72489582646318	
0.8	-1	0.729768634850797	
0.8	-0.5	0.731533159762458	
0.8	0	0.731226543700479	

0.9	-5	0.547821080890185	
0.9	-4	0.647188466656046	
0.9	-3	0.717716897770738	
0.9	-2	0.756634067951757	
0.9	-1.5	0.764946535672376	
0.9	-1	0.768970086665059	
0.9	-0.5	0.769018468640118	
0.9	0	0.769478572484131	

1	-5	0.593379991651867	
1	-4	0.691867595245725	
1	-3	0.759776732245621	
1	-2	0.794558460742157	
1	-1.5	0.801691919730059	
1	-1	0.80380631189074	
1	-0.5	0.804793426977271	
1	0	0.804544424572065	

1.2	-5	0.673804634191065	
1.2	-4	0.768597394334592	
1.2	-3	0.8302965167454	
1.2	-2	0.859700480780017	
1.2	-1.5	0.865130032994327	
1.2	-1	0.866852311538961	
1.2	-0.5	0.866780920900989	
1.2	0	0.866971175822093	

1.4	-5	0.7427299646205	
1.4	-4	0.831752817125285	
1.4	-3	0.888061988381108	
1.4	-2	0.91437744551343	
1.4	-1.5	0.919423104816437	
1.4	-1	0.92130949127449	
1.4	-0.5	0.921534003382095	
1.4	0	0.92139507712822	

1.6	-5	0.801119872059564	
1.6	-4	0.88425262834352	
1.6	-3	0.936400920164763	
1.6	-2	0.961547921652176	
1.6	-1.5	0.966666990584823	
1.6	-1	0.96914021215699	
1.6	-0.5	0.969877447317441	
1.6	0	0.969932769966436	

1.8	-5	0.851306617122217	
1.8	-4	0.928639720839663	
1.8	-3	0.977860489976955	
1.8	-2	1.00251571322497	
1.8	-1.5	1.00832909316934	
1.8	-1	1.01137589675523	
1.8	-0.5	1.01264548856295	
1.8	0	1.01306473698803	

2	-5	0.894392736700691	
2	-4	0.966959847084474	
2	-3	1.01372991432027	
2	-2	1.0387628329454	
2	-1.5	1.04511459238779	
2	-1	1.04871979303704	
2	-0.5	1.05066947241471	
2	0	1.0511313767317	

2.2	-5	0.93208695415587	
2.2	-4	1.00025453963956	
2.2	-3	1.04519988243058	
2.2	-2	1.07036288475077	
2.2	-1.5	1.07738514274254	
2.2	-1	1.08174280805406	
2.2	-0.5	1.08412375631706	
2.2	0	1.08472337370356	

2.4	-5	0.965380114123073	
2.4	-4	1.02952776908739	
2.4	-3	1.0729882549973	
2.4	-2	1.0984640529696	
2.4	-1.5	1.10608798869719	
2.4	-1	1.11087113332109	
2.4	-0.5	1.11347308380933	
2.4	0	1.11435891804541	

2.6	-5	0.994828624906503	
2.6	-4	1.05570252950093	
2.6	-3	1.09769702769391	
2.6	-2	1.12335851743647	
2.6	-1.5	1.13134023986315	
2.6	-1	1.13650838539162	
2.6	-0.5	1.13959979220593	
2.6	0	1.1404625707395	

2.8	-5	1.02124700437289	
2.8	-4	1.07906988107335	
2.8	-3	1.11989680406425	
2.8	-2	1.1455605117065	
2.8	-1.5	1.15367525489202	
2.8	-1	1.15919652159148	
2.8	-0.5	1.16240842448089	
2.8	0	1.1634242307894	

3	-5	1.04515958816308	
3	-4	1.10025206992942	
3	-3	1.13971258605735	
3	-2	1.16525382736196	
3	-1.5	1.17358762060954	
3	-1	1.1792941307021	
3	-0.5	1.1826823360372	
3	0	1.18370587299533	

3.2	-5	1.06670577326955	
3.2	-4	1.11933546348029	
3.2	-3	1.15762040809687	
3.2	-2	1.18294608769894	
3.2	-1.5	1.19130440384503	
3.2	-1	1.19699890790971	
3.2	-0.5	1.20047747098181	
3.2	0	1.20160206732942	

3.4	-5	1.08641483782321	
3.4	-4	1.13671684443546	
3.4	-3	1.1737941447651	
3.4	-2	1.19869241844108	
3.4	-1.5	1.20705434040046	
3.4	-1	1.21285173814091	
3.4	-0.5	1.21627408549163	
3.4	0	1.21739446678498	

3.6	-5	1.10441802354978	
3.6	-4	1.15253772093082	
3.6	-3	1.18843612753755	
3.6	-2	1.21287656047272	
3.6	-1.5	1.22113731098266	
3.6	-1	1.22692126106184	
3.6	-0.5	1.23038620449305	
3.6	0	1.23148857958946	

3.8	-5	1.12092015067976	
3.8	-4	1.16704152275792	
3.8	-3	1.20174801632537	
3.8	-2	1.22561279409026	
3.8	-1.5	1.23374240371204	
3.8	-1	1.23941913758419	
3.8	-0.5	1.24286815724162	
3.8	0	1.24396593558514	

4	-5	1.13613579375319	
4	-4	1.18032802437622	
4	-3	1.21385220658136	
4	-2	1.23705814644791	
4	-1.5	1.24503333692646	
4	-1	1.2506238973277	
4	-0.5	1.25405445060801	
4	0	1.255126837931	

