0.25	0	0.690730456093711	

0.3	0	0.693924985404511	

0.35	0	0.697111708548071	

0.4	0	0.700686203630632	

0.5	-24	-0.000303605979122946	
0.5	-22	-0.000377006117836654	
0.5	-20	-0.000494629494589887	
0.5	-18	-0.000252618729806204	
0.5	-16	-0.000205917250789691	
0.5	-14	0.00150717611031432	
0.5	-12	0.039356665015353	
0.5	-11	0.0926170142382106	
0.5	-10	0.155891046940673	
0.5	-9	0.233811408351424	
0.5	-8	0.332145626578432	
0.5	-7	0.427517444039343	
0.5	-6	0.51824724899864	
0.5	-5	0.593109370829375	
0.5	-4	0.669875659754248	
0.5	-3	0.707124899317734	
0.5	-2	0.716892600128292	
0.5	-1.5	0.717080565580996	
0.5	-1	0.707732375353096	
0.5	-0.5	0.706262726685589	
0.5	0	0.703186380855318	

0.6	-24	-0.000149056747590664	
0.6	-22	-0.000293547639851124	
0.6	-20	-0.000420544429951892	
0.6	-18	-0.000128670748590044	
0.6	-16	-0.000113706418072144	
0.6	-14	0.00457255315711515	
0.6	-12	0.0549654238072932	
0.6	-11	0.113674045173484	
0.6	-10	0.191353265876253	
0.6	-9	0.282614385283025	
0.6	-8	0.385091560034135	
0.6	-7	0.489159922750584	
0.6	-6	0.584910595134001	
0.6	-5	0.653172339664409	
0.6	-4	0.703231782214015	
0.6	-3	0.73488327791663	
0.6	-2	0.730112146303651	
0.6	-1.5	0.722077144143714	
0.6	-1	0.717315150402332	
0.6	-0.5	0.711744449765648	
0.6	0	0.707314268692441	

0.7	-24	-6.48236436505975e-05	
0.7	-22	-0.000226318253605136	
0.7	-20	-0.000353753352204908	
0.7	-18	-9.85746105276792e-05	
0.7	-16	0.000648458395056849	
0.7	-14	0.0101072745710911	
0.7	-12	0.0702407646451433	
0.7	-11	0.140205522561783	
0.7	-10	0.229707157087769	
0.7	-9	0.332257001652667	
0.7	-8	0.44234915698528	
0.7	-7	0.545390784450321	
0.7	-6	0.63483039936682	
0.7	-5	0.701963586025333	
0.7	-4	0.741226109465563	
0.7	-3	0.757934005162797	
0.7	-2	0.742177834263717	
0.7	-1.5	0.7345795544403	
0.7	-1	0.72279956011991	
0.7	-0.5	0.716644486006258	
0.7	0	0.715793229563818	

0.8	-24	-5.13116049662092e-05	
0.8	-22	-0.000210088596471102	
0.8	-20	-0.00032900191075761	
0.8	-18	4.04904590176806e-05	
0.8	-16	0.00153429457045748	
0.8	-14	0.0152745423787214	
0.8	-12	0.0921655440930636	
0.8	-11	0.16848131999099	
0.8	-10	0.264872899205371	
0.8	-9	0.379102445972439	
0.8	-8	0.49449576319169	
0.8	-7	0.597342382918047	
0.8	-6	0.679787551882251	
0.8	-5	0.73988888046379	
0.8	-4	0.770907059382355	
0.8	-3	0.772886312056415	
0.8	-2	0.754424644070202	
0.8	-1.5	0.743927053460374	
0.8	-1	0.733449710399527	
0.8	-0.5	0.724897401787993	
0.8	0	0.724312593785839	

0.9	-24	-3.86560123206373e-05	
0.9	-22	-0.000180980853674941	
0.9	-20	-0.000301252268382585	
0.9	-18	0.000549617316212577	
0.9	-16	0.00426459851233559	
0.9	-14	0.0255720270787165	
0.9	-12	0.11417259279262	
0.9	-11	0.199225747382377	
0.9	-10	0.304903099463646	
0.9	-9	0.423438312642994	
0.9	-8	0.538735029152749	
0.9	-7	0.645993768078351	
0.9	-6	0.726335286862475	
0.9	-5	0.779079829999654	
0.9	-4	0.797784902031774	
0.9	-3	0.790671223543441	
0.9	-2	0.766876249623264	
0.9	-1.5	0.753614715682628	
0.9	-1	0.74204406253226	
0.9	-0.5	0.734527017714162	
0.9	0	0.731945268619103	

1	-24	-1.81156668164981e-05	
1	-22	-0.000152059428439887	
1	-20	5.86313995104797e-05	
1	-18	0.00133442353777406	
1	-16	0.00672316444353973	
1	-14	0.0354320833423936	
1	-12	0.139366394712542	
1	-11	0.231277885619018	
1	-10	0.341372158838813	
1	-9	0.466558141775188	
1	-8	0.584465679028184	
1	-7	0.688515117881309	
1	-6	0.765613611546484	
1	-5	0.808633343569338	
1	-4	0.821722654347898	
1	-3	0.805739676073611	
1	-2	0.779759466478386	
1	-1.5	0.764280274461147	
1	-1	0.752895024737868	
1	-0.5	0.746347054557608	
1	0	0.743756634878033	

1.2	-24	4.36586536063901e-05	
1.2	-22	4.54386024018847e-05	
1.2	-20	0.0006806879745087	
1.2	-18	0.00424486599225815	
1.2	-16	0.0169181946464034	
1.2	-14	0.0653426425191397	
1.2	-12	0.19431115495387	
1.2	-11	0.298396251830302	
1.2	-10	0.416985239868667	
1.2	-9	0.544239819596108	
1.2	-8	0.662754433618494	
1.2	-7	0.761377897344768	
1.2	-6	0.824444802902207	
1.2	-5	0.857535133930752	
1.2	-4	0.858561844627901	
1.2	-3	0.836139025293422	
1.2	-2	0.803939563958115	
1.2	-1.5	0.790527027294917	
1.2	-1	0.779136167374448	
1.2	-0.5	0.77363257586029	
1.2	0	0.77077637328733	

1.4	-24	0.000201282488445421	
1.4	-22	0.000636945139632259	
1.4	-20	0.00286787259766751	
1.4	-18	0.0101176857894509	
1.4	-16	0.0339154863351768	
1.4	-14	0.102674774546343	
1.4	-12	0.256631168743537	
1.4	-11	0.365879236415541	
1.4	-10	0.48948967916527	
1.4	-9	0.615856649269721	
1.4	-8	0.727916951859915	
1.4	-7	0.819281418158797	
1.4	-6	0.876171439587656	
1.4	-5	0.897782085207665	
1.4	-4	0.890763565038937	
1.4	-3	0.865237566575808	
1.4	-2	0.833240829325197	
1.4	-1.5	0.818453198808322	
1.4	-1	0.808563077347751	
1.4	-0.5	0.800463364788581	
1.4	0	0.79839957872059	

1.6	-24	0.000813892077735354	
1.6	-22	0.00214772017860949	
1.6	-20	0.00649666131295479	
1.6	-18	0.0203473128908062	
1.6	-16	0.0567056270687182	
1.6	-14	0.146037744233715	
1.6	-12	0.317855831696476	
1.6	-11	0.430064826633963	
1.6	-10	0.555467527229563	
1.6	-9	0.677415939881506	
1.6	-8	0.784267169799674	
1.6	-7	0.865588718311613	
1.6	-6	0.91282572021538	
1.6	-5	0.93082696114149	
1.6	-4	0.92011623590393	
1.6	-3	0.892513753141588	
1.6	-2	0.860994446404357	
1.6	-1.5	0.848531422767747	
1.6	-1	0.837043826146832	
1.6	-0.5	0.830947577219491	
1.6	0	0.828505323291062	

1.8	-24	0.00191407025771634	
1.8	-22	0.00534344834428608	
1.8	-20	0.0137758787649589	
1.8	-18	0.0355912593293598	
1.8	-16	0.0863406071253361	
1.8	-14	0.193678850200938	
1.8	-12	0.380061517700223	
1.8	-11	0.492472159601963	
1.8	-10	0.615357838209716	
1.8	-9	0.731241600954231	
1.8	-8	0.830065910446806	
1.8	-7	0.903523071861488	
1.8	-6	0.945470414788025	
1.8	-5	0.957504737323347	
1.8	-4	0.945451247079164	
1.8	-3	0.920270338685985	
1.8	-2	0.891862340513841	
1.8	-1.5	0.879896572721374	
1.8	-1	0.86865700280033	
1.8	-0.5	0.863393219814718	
1.8	0	0.861129971771243	

2	-24	0.00429689031150212	
2	-22	0.0102950392431408	
2	-20	0.0241819294067892	
2	-18	0.0552864850513858	
2	-16	0.122621070605864	
2	-14	0.245706284294782	
2	-12	0.437226334132492	
2	-11	0.550767600943885	
2	-10	0.669047446323511	
2	-9	0.778292442390713	
2	-8	0.869198905058444	
2	-7	0.93387004470783	
2	-6	0.971129883576507	
2	-5	0.981244517179447	
2	-4	0.969355364293275	
2	-3	0.946167848284705	
2	-2	0.919737225843462	
2	-1.5	0.909294428512506	
2	-1	0.901984894331344	
2	-0.5	0.896161842491197	
2	0	0.895006655111858	

2.2	-24	0.00787203720504789	
2.2	-22	0.0175282910488238	
2.2	-20	0.0379224328187226	
2.2	-18	0.080580028719943	
2.2	-16	0.160062143165291	
2.2	-14	0.297145181104812	
2.2	-12	0.493065132625573	
2.2	-11	0.605395580373551	
2.2	-10	0.716992277743753	
2.2	-9	0.819640855954832	
2.2	-8	0.90204660123568	
2.2	-7	0.960545447426938	
2.2	-6	0.993186545182993	
2.2	-5	1.001592253624	
2.2	-4	0.991328122132304	
2.2	-3	0.970238173390124	
2.2	-2	0.948052073472217	
2.2	-1.5	0.938493744204903	
2.2	-1	0.93226539818028	
2.2	-0.5	0.927427137681147	
2.2	0	0.925115675327605	

2.4	-24	0.0135523615128788	
2.4	-22	0.0277651427966365	
2.4	-20	0.0556378415674517	
2.4	-18	0.10815586126532	
2.4	-16	0.201645396327693	
2.4	-14	0.348275497053403	
2.4	-12	0.546069153883922	
2.4	-11	0.653136981516931	
2.4	-10	0.75864984458476	
2.4	-9	0.853365595726049	
2.4	-8	0.929335107350362	
2.4	-7	0.983230176965076	
2.4	-6	1.01266663861825	
2.4	-5	1.02040583021616	
2.4	-4	1.01222473904531	
2.4	-3	0.994442775217844	
2.4	-2	0.974845423543437	
2.4	-1.5	0.967860622141215	
2.4	-1	0.960406018012666	
2.4	-0.5	0.956726689423228	
2.4	0	0.955005383094313	

2.6	-24	0.0212628086420727	
2.6	-22	0.040388308065587	
2.6	-20	0.0775634569437307	
2.6	-18	0.13892587487442	
2.6	-16	0.244458314774002	
2.6	-14	0.397633028320473	
2.6	-12	0.593007316778173	
2.6	-11	0.696930747721943	
2.6	-10	0.796971091635199	
2.6	-9	0.883991537000209	
2.6	-8	0.95372091764443	
2.6	-7	1.00260451014538	
2.6	-6	1.02997666509094	
2.6	-5	1.03770224236338	
2.6	-4	1.03072738633678	
2.6	-3	1.0166286578979	
2.6	-2	1.00128556558409	
2.6	-1.5	0.993668662082495	
2.6	-1	0.989073135231458	
2.6	-0.5	0.986035786520955	
2.6	0	0.984809699184796	

2.8	-24	0.0310567983269868	
2.8	-22	0.0570840612381159	
2.8	-20	0.101121000046471	
2.8	-18	0.173528810020076	
2.8	-16	0.287647251299446	
2.8	-14	0.445575992166893	
2.8	-12	0.637077696542932	
2.8	-11	0.737192867912682	
2.8	-10	0.830165535399358	
2.8	-9	0.910479209265756	
2.8	-8	0.97517517517848	
2.8	-7	1.0197115916102	
2.8	-6	1.0452340076715	
2.8	-5	1.05360728331668	
2.8	-4	1.04917669573593	
2.8	-3	1.03809726715679	
2.8	-2	1.02498437273015	
2.8	-1.5	1.01915702457129	
2.8	-1	1.01576022970925	
2.8	-0.5	1.01207883968092	
2.8	0	1.01192042194859	

3	-24	0.0430870425349198	
3	-22	0.0753795061022623	
3	-20	0.127424226062508	
3	-18	0.208762224439233	
3	-16	0.330655334454128	
3	-14	0.491684339900542	
3	-12	0.677992952645071	
3	-11	0.77245167542748	
3	-10	0.859189457688733	
3	-9	0.934421806346212	
3	-8	0.993732877770879	
3	-7	1.03540953765865	
3	-6	1.05974872295503	
3	-5	1.06872995980348	
3	-4	1.06666264920989	
3	-3	1.05788592143874	
3	-2	1.04838148637966	
3	-1.5	1.0436376683843	
3	-1	1.04009439893474	
3	-0.5	1.03783777767236	
3	0	1.03680790830053	

3.2	-24	0.0578903836233309	
3.2	-22	0.0956176485809232	
3.2	-20	0.155818978618054	
3.2	-18	0.24637798227471	
3.2	-16	0.372733544225886	
3.2	-14	0.534622590981796	
3.2	-12	0.716030537028023	
3.2	-11	0.80485194983405	
3.2	-10	0.886227226722457	
3.2	-9	0.955578179905428	
3.2	-8	1.01036703639826	
3.2	-7	1.04952604699667	
3.2	-6	1.07322694394102	
3.2	-5	1.08342640678415	
3.2	-4	1.08286309829141	
3.2	-3	1.07654308980083	
3.2	-2	1.06922333104865	
3.2	-1.5	1.06566458006095	
3.2	-1	1.06261251112876	
3.2	-0.5	1.06091427494578	
3.2	0	1.06050255328448	

3.4	-24	0.0742411943555046	
3.4	-22	0.11805084235219	
3.4	-20	0.185353594745709	
3.4	-18	0.28265623872911	
3.4	-16	0.413123726639892	
3.4	-14	0.57441586429752	
3.4	-12	0.750154439380941	
3.4	-11	0.833635914831407	
3.4	-10	0.910053916636994	
3.4	-9	0.974771329815786	
3.4	-8	1.0258190402328	
3.4	-7	1.0627804070322	
3.4	-6	1.08575744415333	
3.4	-5	1.09654084098707	
3.4	-4	1.09817626339247	
3.4	-3	1.09475556359055	
3.4	-2	1.08959374705259	
3.4	-1.5	1.08594519728815	
3.4	-1	1.0841262313881	
3.4	-0.5	1.08301302108371	
3.4	0	1.08227525856729	

3.6	-24	0.092854178828913	
3.6	-22	0.142503838844007	
3.6	-20	0.216460459104443	
3.6	-18	0.319386462171414	
3.6	-16	0.452449399768468	
3.6	-14	0.612234842467383	
3.6	-12	0.780451714375789	
3.6	-11	0.859994289542302	
3.6	-10	0.93191586772369	
3.6	-9	0.991762240788493	
3.6	-8	1.04009149642356	
3.6	-7	1.07515966122063	
3.6	-6	1.09746097011789	
3.6	-5	1.10939622137647	
3.6	-4	1.11294073254782	
3.6	-3	1.11134563574442	
3.6	-2	1.10795896260897	
3.6	-1.5	1.10553891724203	
3.6	-1	1.1043628106776	
3.6	-0.5	1.10302165134164	
3.6	0	1.10265335944576	

3.8	-24	0.112213573355976	
3.8	-22	0.168649339727191	
3.8	-20	0.248142551470338	
3.8	-18	0.356145466661883	
3.8	-16	0.4910079780643	
3.8	-14	0.647718510570414	
3.8	-12	0.808727573975947	
3.8	-11	0.883668920814718	
3.8	-10	0.950939853044547	
3.8	-9	1.00752964902976	
3.8	-8	1.05335375352542	
3.8	-7	1.08685115656904	
3.8	-6	1.10890018660887	
3.8	-5	1.1213274480943	
3.8	-4	1.12626408031636	
3.8	-3	1.12685831469494	
3.8	-2	1.1245714317041	
3.8	-1.5	1.12354464342991	
3.8	-1	1.12248710525272	
3.8	-0.5	1.12222631598784	
3.8	0	1.1218634297534	

4	-24	0.1337723181609	
4	-22	0.195273738324767	
4	-20	0.28057242758947	
4	-18	0.391970138346044	
4	-16	0.527393388477606	
4	-14	0.68052682992922	
4	-12	0.834180743435835	
4	-11	0.904977181986068	
4	-10	0.968887685352689	
4	-9	1.02272877607401	
4	-8	1.06579227508052	
4	-7	1.09795502590644	
4	-6	1.11978031361996	
4	-5	1.13282678653929	
4	-4	1.13924015126904	
4	-3	1.14078237653972	
4	-2	1.14065402649673	
4	-1.5	1.14034493313467	
4	-1	1.13963218762956	
4	-0.5	1.13917720113063	
4	0	1.13907026755493	

4.2	-24	0.156400024214726	
4.2	-22	0.22300421235284	
4.2	-20	0.311949673701214	
4.2	-18	0.426360372417286	
4.2	-16	0.562773965623174	
4.2	-14	0.711175932790213	
4.2	-12	0.859024597917719	
4.2	-11	0.926031211856569	
4.2	-10	0.985507762793081	
4.2	-9	1.03650789968023	
4.2	-8	1.0773110476127	
4.2	-7	1.108561812089	
4.2	-6	1.13015739491147	
4.2	-5	1.14394986843478	
4.2	-4	1.151607976429	
4.2	-3	1.15436974962167	
4.2	-2	1.15507453910731	
4.2	-1.5	1.15488171204482	
4.2	-1	1.15427654817119	
4.2	-0.5	1.15398988703883	
4.2	0	1.15375121932856	

4.4	-24	0.179072576305583	
4.4	-22	0.251652539390798	
4.4	-20	0.345207576019063	
4.4	-18	0.460080311836726	
4.4	-16	0.594659714327612	
4.4	-14	0.739581612644108	
4.4	-12	0.880833088764242	
4.4	-11	0.944532967073546	
4.4	-10	1.00082085006913	
4.4	-9	1.04935989189928	
4.4	-8	1.08851390495067	
4.4	-7	1.11849318388958	
4.4	-6	1.14005666722828	
4.4	-5	1.15412323588392	
4.4	-4	1.16249867228982	
4.4	-3	1.16693117355035	
4.4	-2	1.16862600090995	
4.4	-1.5	1.16842089202533	
4.4	-1	1.16889359628375	
4.4	-0.5	1.16890815166477	
4.4	0	1.16891208523886	

4.6	-24	0.203714587727804	
4.6	-22	0.279767122504973	
4.6	-20	0.376839716047562	
4.6	-18	0.492537743520624	
4.6	-16	0.625139042973577	
4.6	-14	0.766232044695858	
4.6	-12	0.900754146713687	
4.6	-11	0.961435128107687	
4.6	-10	1.01542032085561	
4.6	-9	1.06125776225771	
4.6	-8	1.09889819251485	
4.6	-7	1.12810747760051	
4.6	-6	1.14968198441264	
4.6	-5	1.1642067255966	
4.6	-4	1.17356066897252	
4.6	-3	1.17849698568372	
4.6	-2	1.1814232148373	
4.6	-1.5	1.18203157270663	
4.6	-1	1.18270564297849	
4.6	-0.5	1.18249438294878	
4.6	0	1.18238274146489	

4.8	-24	0.228702783517033	
4.8	-22	0.307842422503806	
4.8	-20	0.406975922928245	
4.8	-18	0.523924947876098	
4.8	-16	0.655124929766555	
4.8	-14	0.790355004608039	
4.8	-12	0.919776166870623	
4.8	-11	0.977250366526077	
4.8	-10	1.02886005180667	
4.8	-9	1.07267506020612	
4.8	-8	1.10887169786735	
4.8	-7	1.13725787965967	
4.8	-6	1.15854289551846	
4.8	-5	1.17367681741956	
4.8	-4	1.18367112913341	
4.8	-3	1.18926865131008	
4.8	-2	1.19266490810459	
4.8	-1.5	1.19376525471334	
4.8	-1	1.19442655671741	
4.8	-0.5	1.19500115952514	
4.8	0	1.19501187651955	

5	-24	0.253525984483637	
5	-22	0.335826878733966	
5	-20	0.436934857487564	
5	-18	0.553945033988634	
5	-16	0.682987165546579	
5	-14	0.813743068484504	
5	-12	0.937172215386764	
5	-11	0.992448722169444	
5	-10	1.04146923161526	
5	-9	1.08335246148121	
5	-8	1.11844404753407	
5	-7	1.14608653393021	
5	-6	1.16716512073696	
5	-5	1.18232018797153	
5	-4	1.19258746767199	
5	-3	1.19971377289997	
5	-2	1.20359703546076	
5	-1.5	1.20434141398116	
5	-1	1.20528969426602	
5	-0.5	1.20565447169996	
5	0	1.20593828747977	

5.2	-24	0.279393063831867	
5.2	-22	0.364331158864349	
5.2	-20	0.466059060359264	
5.2	-18	0.581916854101898	
5.2	-16	0.708602291713685	
5.2	-14	0.835347171029754	
5.2	-12	0.953401197852376	
5.2	-11	1.00642031729458	
5.2	-10	1.05333710609785	
5.2	-9	1.09383804103124	
5.2	-8	1.12742010011286	
5.2	-7	1.15444470313283	
5.2	-6	1.17542372389963	
5.2	-5	1.1909010516392	
5.2	-4	1.20157065696	
5.2	-3	1.20898766562579	
5.2	-2	1.21354340598921	
5.2	-1.5	1.21547970165326	
5.2	-1	1.21606205242635	
5.2	-0.5	1.21655821895824	
5.2	0	1.21682987602594	

5.4	-24	0.304786265498077	
5.4	-22	0.391792228630854	
5.4	-20	0.494609165135754	
5.4	-18	0.60991051565794	
5.4	-16	0.732720399289258	
5.4	-14	0.856049854611806	
5.4	-12	0.968844917876381	
5.4	-11	1.01947318757113	
5.4	-10	1.06453768104115	
5.4	-9	1.10350220712936	
5.4	-8	1.13601417679231	
5.4	-7	1.16248895584354	
5.4	-6	1.18341129034644	
5.4	-5	1.19904496082743	
5.4	-4	1.21022421114176	
5.4	-3	1.21772885243982	
5.4	-2	1.22287356789769	
5.4	-1.5	1.22449133498015	
5.4	-1	1.22523521411175	
5.4	-0.5	1.22604764433391	
5.4	0	1.22614192161823	

5.6	-24	0.330301076741048	
5.6	-22	0.419208194888673	
5.6	-20	0.521965706802587	
5.6	-18	0.63668430234732	
5.6	-16	0.755922374422797	
5.6	-14	0.874984377861887	
5.6	-12	0.984079397105295	
5.6	-11	1.03252982681533	
5.6	-10	1.07535247321536	
5.6	-9	1.11282679863508	
5.6	-8	1.14428730683266	
5.6	-7	1.17025870948643	
5.6	-6	1.19070482109348	
5.6	-5	1.20652047497042	
5.6	-4	1.21788752747162	
5.6	-3	1.22628543045824	
5.6	-2	1.23119375586385	
5.6	-1.5	1.23315228756013	
5.6	-1	1.23440167671935	
5.6	-0.5	1.23513518894772	
5.6	0	1.23525856013012	

5.8	-24	0.35573042224289	
5.8	-22	0.445622694179948	
5.8	-20	0.547323045154178	
5.8	-18	0.661671006303387	
5.8	-16	0.778068787142229	
5.8	-14	0.89323074147551	
5.8	-12	0.998116767562343	
5.8	-11	1.04442171399568	
5.8	-10	1.08542045393103	
5.8	-9	1.12170904357304	
5.8	-8	1.15226978915172	
5.8	-7	1.17763697245091	
5.8	-6	1.19788548743057	
5.8	-5	1.21369215768101	
5.8	-4	1.22534218629725	
5.8	-3	1.23377672431944	
5.8	-2	1.23927317989577	
5.8	-1.5	1.24137804221938	
5.8	-1	1.24227195614679	
5.8	-0.5	1.24353218888285	
5.8	0	1.24363134686837	

6	-24	0.381022810034216	
6	-22	0.471328477580262	
6	-20	0.573805513175731	
6	-18	0.684691448091874	
6	-16	0.798930581670201	
6	-14	0.909295059813848	
6	-12	1.01046398424615	
6	-11	1.05516613311489	
6	-10	1.09507107333806	
6	-9	1.13022741888515	
6	-8	1.15990359896709	
6	-7	1.18472548176324	
6	-6	1.20478235108577	
6	-5	1.22041490275642	
6	-4	1.23227383248586	
6	-3	1.24108182972536	
6	-2	1.24660405019731	
6	-1.5	1.24877366433402	
6	-1	1.25010626416945	
6	-0.5	1.25113376260475	
6	0	1.251363610904	

6.2	-24	0.405211730808165	
6.2	-22	0.495839525653461	
6.2	-20	0.597217905573898	
6.2	-18	0.707063944162366	
6.2	-16	0.817651013031097	
6.2	-14	0.925417684764817	
6.2	-12	1.02313200468448	
6.2	-11	1.06611754074977	
6.2	-10	1.10443440424911	
6.2	-9	1.13824047139554	
6.2	-8	1.16725790973711	
6.2	-7	1.19150444971494	
6.2	-6	1.21123453550572	
6.2	-5	1.2269895241804	
6.2	-4	1.23897213690716	
6.2	-3	1.24738075389003	
6.2	-2	1.25350171625843	
6.2	-1.5	1.25560181584363	
6.2	-1	1.25682129066002	
6.2	-0.5	1.2578360009269	
6.2	0	1.25807765341945	

6.4	-24	0.429091767913213	
6.4	-22	0.520555442540869	
6.4	-20	0.620602599662102	
6.4	-18	0.728690204969458	
6.4	-16	0.836383253124431	
6.4	-14	0.940451900095121	
6.4	-12	1.03452178699665	
6.4	-11	1.0762020070677	
6.4	-10	1.11323057185597	
6.4	-9	1.14607928869309	
6.4	-8	1.17426251085366	
6.4	-7	1.19803782383694	
6.4	-6	1.21756611475889	
6.4	-5	1.23308311503192	
6.4	-4	1.24515360796833	
6.4	-3	1.25395876597857	
6.4	-2	1.2596400086733	
6.4	-1.5	1.2616634350406	
6.4	-1	1.26326849766718	
6.4	-0.5	1.26415081574517	
6.4	0	1.26440643753929	

6.6	-24	0.453026579160255	
6.6	-22	0.544341749840048	
6.6	-20	0.643624846766608	
6.6	-18	0.74919409966216	
6.6	-16	0.853931899382214	
6.6	-14	0.955342552095501	
6.6	-12	1.04558302922421	
6.6	-11	1.0857880559743	
6.6	-10	1.12173494153844	
6.6	-9	1.15360959377688	
6.6	-8	1.18098119490308	
6.6	-7	1.20433770550931	
6.6	-6	1.22350159832882	
6.6	-5	1.23880498160638	
6.6	-4	1.25087898234916	
6.6	-3	1.25968629419813	
6.6	-2	1.26578203093068	
6.6	-1.5	1.26790623437632	
6.6	-1	1.26902525856552	
6.6	-0.5	1.27003189403348	
6.6	0	1.27023766563161	

6.8	-24	0.47564395998412	
6.8	-22	0.566658212867944	
6.8	-20	0.665929308961538	
6.8	-18	0.768877650932647	
6.8	-16	0.871238378699833	
6.8	-14	0.968935382601426	
6.8	-12	1.05639051858827	
6.8	-11	1.09508414951774	
6.8	-10	1.12971648968056	
6.8	-9	1.16066015333368	
6.8	-8	1.18745075004854	
6.8	-7	1.21029504342508	
6.8	-6	1.22925235362842	
6.8	-5	1.24443614580805	
6.8	-4	1.25664239502971	
6.8	-3	1.2653879110897	
6.8	-2	1.27175441402094	
6.8	-1.5	1.27387652767017	
6.8	-1	1.27528034902702	
6.8	-0.5	1.27638967859042	
6.8	0	1.27663933394518	

7	-24	0.498133360501708	
7	-22	0.589144830638459	
7	-20	0.687069571682784	
7	-18	0.787560524308304	
7	-16	0.886684793688903	
7	-14	0.981965338594884	
7	-12	1.06652438777499	
7	-11	1.10360968000733	
7	-10	1.13748221621192	
7	-9	1.16744973031806	
7	-8	1.19363813987879	
7	-7	1.21596958567498	
7	-6	1.23465516661072	
7	-5	1.24974550285741	
7	-4	1.26191464790502	
7	-3	1.27069494886861	
7	-2	1.27695419776626	
7	-1.5	1.27943575678368	
7	-1	1.28073696218091	
7	-0.5	1.28160366598318	
7	0	1.28193361672587	

7.2	-24	0.520109912170899	
7.2	-22	0.610008238354325	
7.2	-20	0.706730984495789	
7.2	-18	0.805439678496472	
7.2	-16	0.902642975837752	
7.2	-14	0.994747029066769	
7.2	-12	1.07603712971864	
7.2	-11	1.1120410699244	
7.2	-10	1.14491315848263	
7.2	-9	1.17415592039498	
7.2	-8	1.19958630794623	
7.2	-7	1.22141726987254	
7.2	-6	1.2398851461833	
7.2	-5	1.25490528050229	
7.2	-4	1.26664679153451	
7.2	-3	1.27568091196844	
7.2	-2	1.28185818348224	
7.2	-1.5	1.28404366652019	
7.2	-1	1.28537191588543	
7.2	-0.5	1.28642201201667	
7.2	0	1.28671590396027	

7.4	-24	0.540647032326323	
7.4	-22	0.63139105527019	
7.4	-20	0.726099428917281	
7.4	-18	0.822192178548629	
7.4	-16	0.917003326318316	
7.4	-14	1.00614105706264	
7.4	-12	1.08515757988479	
7.4	-11	1.12023116757792	
7.4	-10	1.15221553323919	
7.4	-9	1.18045971210759	
7.4	-8	1.20529039086161	
7.4	-7	1.22667255752726	
7.4	-6	1.24477147917684	
7.4	-5	1.25961160214658	
7.4	-4	1.27152928847599	
7.4	-3	1.2801455744526	
7.4	-2	1.28644093542226	
7.4	-1.5	1.28878957928436	
7.4	-1	1.29015632414195	
7.4	-0.5	1.29116860962252	
7.4	0	1.29143784242055	

7.6	-24	0.561595580306503	
7.6	-22	0.651009924521934	
7.6	-20	0.744301627613183	
7.6	-18	0.837957379567325	
7.6	-16	0.930496339407048	
7.6	-14	1.01701391491942	
7.6	-12	1.09400116495154	
7.6	-11	1.12786008385518	
7.6	-10	1.15900393568358	
7.6	-9	1.18655201993237	
7.6	-8	1.21081338490212	
7.6	-7	1.23176395259977	
7.6	-6	1.24950295951954	
7.6	-5	1.26402359681281	
7.6	-4	1.27575620541992	
7.6	-3	1.28465277456665	
7.6	-2	1.29080226012059	
7.6	-1.5	1.29301116231472	
7.6	-1	1.29442590995723	
7.6	-0.5	1.29547646431111	
7.6	0	1.29579276650184	

7.8	-24	0.582661232085449	
7.8	-22	0.669611749553941	
7.8	-20	0.76160093791197	
7.8	-18	0.853580335929405	
7.8	-16	0.94384815514372	
7.8	-14	1.02811838355546	
7.8	-12	1.10229422411194	
7.8	-11	1.13546269327075	
7.8	-10	1.16550601567713	
7.8	-9	1.19238694550186	
7.8	-8	1.21610381228422	
7.8	-7	1.23656474201308	
7.8	-6	1.25399983568032	
7.8	-5	1.26844514398895	
7.8	-4	1.2798327980614	
7.8	-3	1.2886028665022	
7.8	-2	1.29486638434198	
7.8	-1.5	1.29713152341194	
7.8	-1	1.29857835072666	
7.8	-0.5	1.2995663041054	
7.8	0	1.29988494403381	

8	-24	0.601636878450112	
8	-22	0.688123269902027	
8	-20	0.778850314947353	
8	-18	0.868503512829834	
8	-16	0.956460018766724	
8	-14	1.03807187231466	
8	-12	1.11049463188934	
8	-11	1.14260899916934	
8	-10	1.17182103665031	
8	-9	1.19799934664056	
8	-8	1.22115532266795	
8	-7	1.24123395344893	
8	-6	1.25827550705522	
8	-5	1.27243852174233	
8	-4	1.28393225735297	
8	-3	1.29250788495127	
8	-2	1.29855316320339	
8	-1.5	1.30070500503904	
8	-1	1.30224639431697	
8	-0.5	1.30316662251172	
8	0	1.30348209766362	

8.2	-24	0.620227304388503	
8.2	-22	0.706681299159839	
8.2	-20	0.795092374752515	
8.2	-18	0.88329399275106	
8.2	-16	0.968595845345416	
8.2	-14	1.04801954330033	
8.2	-12	1.11824900132177	
8.2	-11	1.14948001506954	
8.2	-10	1.17789383913911	
8.2	-9	1.20343379568286	
8.2	-8	1.22601295224723	
8.2	-7	1.24570306941911	
8.2	-6	1.26245695403817	
8.2	-5	1.27625674033921	
8.2	-4	1.28752206922015	
8.2	-3	1.29634141282617	
8.2	-2	1.30216223515508	
8.2	-1.5	1.30438914248983	
8.2	-1	1.30586213318923	
8.2	-0.5	1.30675396483563	
8.2	0	1.30711882516597	

8.4	-24	0.638766177285123	
8.4	-22	0.723867672926259	
8.4	-20	0.810852221705334	
8.4	-18	0.897339925486795	
8.4	-16	0.980071485080644	
8.4	-14	1.0571614460405	
8.4	-12	1.12554207725057	
8.4	-11	1.15598172739438	
8.4	-10	1.18376544866703	
8.4	-9	1.20866190417023	
8.4	-8	1.23070657701006	
8.4	-7	1.25000592824702	
8.4	-6	1.26636702273156	
8.4	-5	1.27997475149359	
8.4	-4	1.29106344526314	
8.4	-3	1.29959578696867	
8.4	-2	1.30569349008792	
8.4	-1.5	1.307761112572	
8.4	-1	1.30906397452143	
8.4	-0.5	1.31001737537063	
8.4	0	1.3102866888693	

8.6	-24	0.657314091801386	
8.6	-22	0.740939237021756	
8.6	-20	0.825853807996343	
8.6	-18	0.910039805630822	
8.6	-16	0.991037915862568	
8.6	-14	1.06636220007827	
8.6	-12	1.13275064525806	
8.6	-11	1.16227011176348	
8.6	-10	1.18933751761908	
8.6	-9	1.21363625140531	
8.6	-8	1.2351911604436	
8.6	-7	1.25406023297071	
8.6	-6	1.27015402096267	
8.6	-5	1.28368151067842	
8.6	-4	1.29433277245289	
8.6	-3	1.30284134829567	
8.6	-2	1.30887010699345	
8.6	-1.5	1.31089560985352	
8.6	-1	1.3122415325768	
8.6	-0.5	1.31305727998203	
8.6	0	1.31319223430515	

8.8	-24	0.674649981681169	
8.8	-22	0.756773221720158	
8.8	-20	0.840817777394686	
8.8	-18	0.923008698698102	
8.8	-16	1.00193014738808	
8.8	-14	1.07494927723212	
8.8	-12	1.13954450780426	
8.8	-11	1.16832743611572	
8.8	-10	1.19471439819686	
8.8	-9	1.21845375100528	
8.8	-8	1.23949985600073	
8.8	-7	1.25794569146612	
8.8	-6	1.2738029172768	
8.8	-5	1.28698786312991	
8.8	-4	1.29773751998923	
8.8	-3	1.30585366470732	
8.8	-2	1.31178563747551	
8.8	-1.5	1.31374493049284	
8.8	-1	1.31534028945211	
8.8	-0.5	1.31606833181338	
8.8	0	1.31632800423623	

9	-24	0.691410686998798	
9	-22	0.772438240511816	
9	-20	0.854576244084124	
9	-18	0.93557277806791	
9	-16	1.01191353122364	
9	-14	1.08321416448897	
9	-12	1.14638439126503	
9	-11	1.17423487583658	
9	-10	1.19989933559007	
9	-9	1.22308814835719	
9	-8	1.24366317732448	
9	-7	1.26171528832643	
9	-6	1.27723632017988	
9	-5	1.29016642380871	
9	-4	1.3007700070605	
9	-3	1.3088373856314	
9	-2	1.31454710180446	
9	-1.5	1.31652347416327	
9	-1	1.31800085060179	
9	-0.5	1.31893148572463	
9	0	1.31916048266832	

9.2	-24	0.707640834808431	
9.2	-22	0.787758065991287	
9.2	-20	0.868094766322156	
9.2	-18	0.946950194373892	
9.2	-16	1.02205765218322	
9.2	-14	1.09115030823545	
9.2	-12	1.15260248783006	
9.2	-11	1.17983663989007	
9.2	-10	1.20492947222438	
9.2	-9	1.22754045951733	
9.2	-8	1.24766949248739	
9.2	-7	1.26536532538446	
9.2	-6	1.28046370283232	
9.2	-5	1.29339732304658	
9.2	-4	1.30365451869097	
9.2	-3	1.31151331739391	
9.2	-2	1.31739249088518	
9.2	-1.5	1.31938292971781	
9.2	-1	1.3207495324412	
9.2	-0.5	1.32159917526617	
9.2	0	1.32194520985753	

9.4	-24	0.723548071528534	
9.4	-22	0.802119909852366	
9.4	-20	0.880735468612952	
9.4	-18	0.958170811848066	
9.4	-16	1.03132047379448	
9.4	-14	1.09873382642393	
9.4	-12	1.15875429491955	
9.4	-11	1.18530816268852	
9.4	-10	1.20974961506827	
9.4	-9	1.23182212997925	
9.4	-8	1.2515036187985	
9.4	-7	1.26881728640452	
9.4	-6	1.28368146124779	
9.4	-5	1.29617484941157	
9.4	-4	1.30641720573499	
9.4	-3	1.31419987242988	
9.4	-2	1.31984376799393	
9.4	-1.5	1.32166441531487	
9.4	-1	1.32300101685759	
9.4	-0.5	1.32390851134814	
9.4	0	1.32420766238651	

9.6	-24	0.73874042212824	
9.6	-22	0.816020970681701	
9.6	-20	0.893530817045387	
9.6	-18	0.968994475273924	
9.6	-16	1.04060750321624	
9.6	-14	1.10612955231718	
9.6	-12	1.16461042710215	
9.6	-11	1.19065728666153	
9.6	-10	1.21441302949435	
9.6	-9	1.2359757571403	
9.6	-8	1.25524396751806	
9.6	-7	1.27214835682744	
9.6	-6	1.28673715305174	
9.6	-5	1.29903684982017	
9.6	-4	1.30908256726819	
9.6	-3	1.31680607384481	
9.6	-2	1.32221859240309	
9.6	-1.5	1.32407250408791	
9.6	-1	1.32553605766343	
9.6	-0.5	1.3263798655686	
9.6	0	1.32675807213317	

9.8	-24	0.753139406481633	
9.8	-22	0.829629246629664	
9.8	-20	0.905577379959781	
9.8	-18	0.979164765143438	
9.8	-16	1.04948930249954	
9.8	-14	1.11319075102794	
9.8	-12	1.17017474803617	
9.8	-11	1.195684268963	
9.8	-10	1.21892353987909	
9.8	-9	1.23997878561493	
9.8	-8	1.25880450607236	
9.8	-7	1.27533238717693	
9.8	-6	1.28967581385859	
9.8	-5	1.30162477652567	
9.8	-4	1.31156141791237	
9.8	-3	1.31921399410584	
9.8	-2	1.32453661253438	
9.8	-1.5	1.32655125154032	
9.8	-1	1.32782582933033	
9.8	-0.5	1.32864788386618	
9.8	0	1.32904268893449	

10	-24	0.767150630494598	
10	-22	0.842545322307184	
10	-20	0.917410877422089	
10	-18	0.989149205801642	
10	-16	1.05800793574099	
10	-14	1.12005243903361	
10	-12	1.17564713626104	
10	-11	1.20044867350758	
10	-10	1.22320267538355	
10	-9	1.24382901762961	
10	-8	1.26226361365712	
10	-7	1.27846865547921	
10	-6	1.29240762393958	
10	-5	1.30423355209209	
10	-4	1.31378452377031	
10	-3	1.32131628774229	
10	-2	1.32668698857782	
10	-1.5	1.32869132418445	
10	-1	1.33004287426893	
10	-0.5	1.33088725277612	
10	0	1.33111791082921	

10.2	-24	0.780778402551932	
10.2	-22	0.855177913349668	
10.2	-20	0.928177756040175	
10.2	-18	0.998828595430361	
10.2	-16	1.06594882897162	
10.2	-14	1.1267767380552	
10.2	-12	1.18090283283462	
10.2	-11	1.20524510754112	
10.2	-10	1.22734261270967	
10.2	-9	1.24752002938286	
10.2	-8	1.26555718666565	
10.2	-7	1.28146162458709	
10.2	-6	1.29507147336168	
10.2	-5	1.30673620810358	
10.2	-4	1.31629510080391	
10.2	-3	1.32355022204528	
10.2	-2	1.3287127972376	
10.2	-1.5	1.33049732366678	
10.2	-1	1.33181402110982	
10.2	-0.5	1.33267166735872	
10.2	0	1.33283361027703	

10.4	-24	0.794717170613017	
10.4	-22	0.867523112919139	
10.4	-20	0.939006484681364	
10.4	-18	1.00805014737734	
10.4	-16	1.07366895511355	
10.4	-14	1.13319371645788	
10.4	-12	1.18596815711341	
10.4	-11	1.2097872697444	
10.4	-10	1.23144371250145	
10.4	-9	1.25110693825085	
10.4	-8	1.26873786916392	
10.4	-7	1.28436462844044	
10.4	-6	1.29778689848534	
10.4	-5	1.30905531007525	
10.4	-4	1.31834759243351	
10.4	-3	1.3256048496357	
10.4	-2	1.33077538621252	
10.4	-1.5	1.3325428247103	
10.4	-1	1.33381854997617	
10.4	-0.5	1.33460007731244	
10.4	0	1.33482241045946	

10.6	-24	0.807847312372317	
10.6	-22	0.879421975565786	
10.6	-20	0.949266425415436	
10.6	-18	1.01717446140589	
10.6	-16	1.08116064836355	
10.6	-14	1.13944080065039	
10.6	-12	1.19092510705667	
10.6	-11	1.21414020142029	
10.6	-10	1.23527011396439	
10.6	-9	1.25454856616435	
10.6	-8	1.27181567654043	
10.6	-7	1.28709842540072	
10.6	-6	1.30030049829336	
10.6	-5	1.31136661803223	
10.6	-4	1.32046613263501	
10.6	-3	1.32752566954926	
10.6	-2	1.33260934632972	
10.6	-1.5	1.33437878487309	
10.6	-1	1.33563231897676	
10.6	-0.5	1.33643165635935	
10.6	0	1.33667313292585	

10.8	-24	0.820567772461709	
10.8	-22	0.8907032386333	
10.8	-20	0.959574000332891	
10.8	-18	1.02582581615582	
10.8	-16	1.08829438884457	
10.8	-14	1.14516754689907	
10.8	-12	1.19567160045891	
10.8	-11	1.21827321901275	
10.8	-10	1.23903919571826	
10.8	-9	1.25787838278289	
10.8	-8	1.27479744563005	
10.8	-7	1.28968709891972	
10.8	-6	1.30269458669037	
10.8	-5	1.31359229029146	
10.8	-4	1.32240861905941	
10.8	-3	1.32941862179713	
10.8	-2	1.33430434886497	
10.8	-1.5	1.33604416036406	
10.8	-1	1.33734601361681	
10.8	-0.5	1.33802431942491	
10.8	0	1.33826271177445	

11	-24	0.832734161529867	
11	-22	0.90168864816189	
11	-20	0.969175924823034	
11	-18	1.03411280101256	
11	-16	1.09523693231894	
11	-14	1.15092422224076	
11	-12	1.20025624291303	
11	-11	1.22232470888887	
11	-10	1.24265874686272	
11	-9	1.26109627127266	
11	-8	1.27765734241318	
11	-7	1.29226240054853	
11	-6	1.30497611859412	
11	-5	1.31566886229876	
11	-4	1.32442996013855	
11	-3	1.33121940620903	
11	-2	1.33600861678406	
11	-1.5	1.33764558134923	
11	-1	1.33891835120434	
11	-0.5	1.33964619967269	
11	0	1.33987963774088	

11.2	-24	0.844357942691569	
11.2	-22	0.912550743502428	
11.2	-20	0.978659352608881	
11.2	-18	1.04235143837448	
11.2	-16	1.10215265101405	
11.2	-14	1.15630126868195	
11.2	-12	1.20454443106193	
11.2	-11	1.2262914829299	
11.2	-10	1.24616550845172	
11.2	-9	1.26419923814481	
11.2	-8	1.28040192120048	
11.2	-7	1.29475435987575	
11.2	-6	1.3070900496629	
11.2	-5	1.31765540251652	
11.2	-4	1.32627937951099	
11.2	-3	1.33284737812987	
11.2	-2	1.33764974219099	
11.2	-1.5	1.33931508589008	
11.2	-1	1.3405120879181	
11.2	-0.5	1.3412399363738	
11.2	0	1.3414533738881	

11.4	-24	0.8557702441719	
11.4	-22	0.922802947455892	
11.4	-20	0.987681145693409	
11.4	-18	1.05000622233221	
11.4	-16	1.10859685470214	
11.4	-14	1.16164855877911	
11.4	-12	1.20887693360057	
11.4	-11	1.23007441359574	
11.4	-10	1.24952382625651	
11.4	-9	1.26718816576728	
11.4	-8	1.2830200426732	
11.4	-7	1.29713318305393	
11.4	-6	1.30925435395288	
11.4	-5	1.31955120420744	
11.4	-4	1.32799694644378	
11.4	-3	1.33456848495811	
11.4	-2	1.33924270406114	
11.4	-1.5	1.34083282454722	
11.4	-1	1.34202858759342	
11.4	-0.5	1.34267147806814	
11.4	0	1.34288491557034	

11.6	-24	0.867189306616635	
11.6	-22	0.932790910541423	
11.6	-20	0.99667872904292	
11.6	-18	1.05758543950738	
11.6	-16	1.11471311327177	
11.6	-14	1.16684475937434	
11.6	-12	1.21303982118983	
11.6	-11	1.23375120197201	
11.6	-10	1.25277469084784	
11.6	-9	1.27008476055174	
11.6	-8	1.28563158678492	
11.6	-7	1.29934402140386	
11.6	-6	1.31127840497301	
11.6	-5	1.32141264241869	
11.6	-4	1.32959420406852	
11.6	-3	1.33609669734639	
11.6	-2	1.34062256486575	
11.6	-1.5	1.3423082529667	
11.6	-1	1.34338670869882	
11.6	-0.5	1.34413534095718	
11.6	0	1.34434164783365	

11.8	-24	0.877961409288637	
11.8	-22	0.942224678757958	
11.8	-20	1.00515739708733	
11.8	-18	1.06483850506598	
11.8	-16	1.12095042760336	
11.8	-14	1.17193483209521	
11.8	-12	1.21706043196713	
11.8	-11	1.2373017158279	
11.8	-10	1.25594126372457	
11.8	-9	1.27287901666282	
11.8	-8	1.28810241620818	
11.8	-7	1.30156441736793	
11.8	-6	1.31328563334116	
11.8	-5	1.32316003538718	
11.8	-4	1.33135766578794	
11.8	-3	1.33753929653738	
11.8	-2	1.34206259987324	
11.8	-1.5	1.34372486859105	
11.8	-1	1.34475221195793	
11.8	-0.5	1.34558033332041	
11.8	0	1.34566475687767	

12	-24	0.888271117539493	
12	-22	0.951857107208157	
12	-20	1.01330616037398	
12	-18	1.07188236840128	
12	-16	1.1267132523861	
12	-14	1.1766256316435	
12	-12	1.22090590068707	
12	-11	1.24074045228027	
12	-10	1.25900856285654	
12	-9	1.27558597117137	
12	-8	1.29047759819318	
12	-7	1.30368698835489	
12	-6	1.3151377777838	
12	-5	1.32486763859947	
12	-4	1.33283568375097	
12	-3	1.3391299221758	
12	-2	1.34353389495541	
12	-1.5	1.34514490195378	
12	-1	1.34618417836523	
12	-0.5	1.34681691696954	
12	0	1.34701201539002	

12.4	-24	0.908334167575771	
12.4	-22	0.970013816041875	
12.4	-20	1.02874593736479	
12.4	-18	1.08535518233182	
12.4	-16	1.13799291904537	
12.4	-14	1.18583416193403	
12.4	-12	1.22830066189331	
12.4	-11	1.24728710468949	
12.4	-10	1.26480416433395	
12.4	-9	1.28072216926134	
12.4	-8	1.29501669354965	
12.4	-7	1.30771243106672	
12.4	-6	1.31868432505452	
12.4	-5	1.3280453002734	
12.4	-4	1.3356710195761	
12.4	-3	1.34168949548275	
12.4	-2	1.34587672741543	
12.4	-1.5	1.34735837850171	
12.4	-1	1.34837634146143	
12.4	-0.5	1.34904564064739	
12.4	0	1.34921811401957	

12.8	-24	0.927323153105791	
12.8	-22	0.986561904582004	
12.8	-20	1.04371884602661	
12.8	-18	1.09801888121909	
12.8	-16	1.14856256906063	
12.8	-14	1.19448441264014	
12.8	-12	1.23523013311805	
12.8	-11	1.25348064105796	
12.8	-10	1.27024398656972	
12.8	-9	1.28552796994692	
12.8	-8	1.29927578159626	
12.8	-7	1.31143639474259	
12.8	-6	1.3220357176832	
12.8	-5	1.33100840624339	
12.8	-4	1.33836902382622	
12.8	-3	1.3441201755978	
12.8	-2	1.34818136509153	
12.8	-1.5	1.34958848605313	
12.8	-1	1.3506358958701	
12.8	-0.5	1.35121471120777	
12.8	0	1.35144020484167	

13.2	-24	0.945078400337018	
13.2	-22	1.00257950707374	
13.2	-20	1.05786156217262	
13.2	-18	1.10990877350477	
13.2	-16	1.1585327406644	
13.2	-14	1.2026859831549	
13.2	-12	1.24176080253762	
13.2	-11	1.25925971268953	
13.2	-10	1.27535485160043	
13.2	-9	1.29004278790882	
13.2	-8	1.30323486335554	
13.2	-7	1.31491343841395	
13.2	-6	1.32513873177974	
13.2	-5	1.33381693549469	
13.2	-4	1.34087291357957	
13.2	-3	1.34636389089297	
13.2	-2	1.35033476547337	
13.2	-1.5	1.35166526495612	
13.2	-1	1.35262712951218	
13.2	-0.5	1.35326579567011	
13.2	0	1.35346190231561	

13.6	-24	0.962277797135473	
13.6	-22	1.01764334236026	
13.6	-20	1.07068397733144	
13.6	-18	1.12096365444578	
13.6	-16	1.16786158299112	
13.6	-14	1.2102802787572	
13.6	-12	1.24782304404157	
13.6	-11	1.26467295074975	
13.6	-10	1.28013998328596	
13.6	-9	1.2942593698748	
13.6	-8	1.30695603535482	
13.6	-7	1.31821010122715	
13.6	-6	1.32798192802871	
13.6	-5	1.33626234094922	
13.6	-4	1.34312084161155	
13.6	-3	1.34843150695078	
13.6	-2	1.3522790887101	
13.6	-1.5	1.35359622894681	
13.6	-1	1.35453801733918	
13.6	-0.5	1.35514212864551	
13.6	0	1.3553303988394	

14	-24	0.978359242127551	
14	-22	1.03166620848578	
14	-20	1.08323053721724	
14	-18	1.13157083219169	
14	-16	1.17662582011721	
14	-14	1.21745643366657	
14	-12	1.25350402177238	
14	-11	1.26974968325139	
14	-10	1.28464087833974	
14	-9	1.29819515286504	
14	-8	1.31042004614357	
14	-7	1.32123813941727	
14	-6	1.3306795082473	
14	-5	1.33865845072809	
14	-4	1.34521635057256	
14	-3	1.35032975565567	
14	-2	1.35395398837214	
14	-1.5	1.35523395205346	
14	-1	1.35613581007346	
14	-0.5	1.35671803574756	
14	0	1.35694181562957	

14.4	-24	0.993271636883273	
14.4	-22	1.04498917422718	
14.4	-20	1.09485716546037	
14.4	-18	1.14162242671904	
14.4	-16	1.18489848011558	
14.4	-14	1.2242022321242	
14.4	-12	1.25895057935601	
14.4	-11	1.2745421130528	
14.4	-10	1.288873271082	
14.4	-9	1.30194075282278	
14.4	-8	1.31363941408647	
14.4	-7	1.32414847279744	
14.4	-6	1.33315065761285	
14.4	-5	1.34087986521794	
14.4	-4	1.34718605822159	
14.4	-3	1.35214311487617	
14.4	-2	1.35574143031726	
14.4	-1.5	1.35692110564312	
14.4	-1	1.35779958179886	
14.4	-0.5	1.35837110250206	
14.4	0	1.35856107729375	

14.8	-24	1.00764089206982	
14.8	-22	1.05779540016443	
14.8	-20	1.10577535551667	
14.8	-18	1.15106737394508	
14.8	-16	1.19258416661678	
14.8	-14	1.23052728555547	
14.8	-12	1.26405528245015	
14.8	-11	1.27903759993794	
14.8	-10	1.29285598614181	
14.8	-9	1.30544069793014	
14.8	-8	1.31677769270108	
14.8	-7	1.32681137917611	
14.8	-6	1.33550094165486	
14.8	-5	1.34297807865158	
14.8	-4	1.34901165181334	
14.8	-3	1.35374499579047	
14.8	-2	1.35714535358591	
14.8	-1.5	1.35830304120317	
14.8	-1	1.35925131621082	
14.8	-0.5	1.35970721321183	
14.8	0	1.35989814693282	

15.2	-24	1.02111651749739	
15.2	-22	1.06998140252176	
15.2	-20	1.11637966416118	
15.2	-18	1.15993349959851	
15.2	-16	1.20007501076771	
15.2	-14	1.23654737587227	
15.2	-12	1.26885023347242	
15.2	-11	1.28332038725685	
15.2	-10	1.29661167553663	
15.2	-9	1.30872729283416	
15.2	-8	1.31964452936745	
15.2	-7	1.32931112738872	
15.2	-6	1.33772480681369	
15.2	-5	1.34479285286276	
15.2	-4	1.35067628374696	
15.2	-3	1.35522668350048	
15.2	-2	1.35847263209309	
15.2	-1.5	1.35961665220497	
15.2	-1	1.36053565878247	
15.2	-0.5	1.36096362076473	
15.2	0	1.361123552618	

15.6	-24	1.03426819214771	
15.6	-22	1.08131754655733	
15.6	-20	1.1262415175325	
15.6	-18	1.16824825301146	
15.6	-16	1.20699124399319	
15.6	-14	1.24224250147005	
15.6	-12	1.27336892926907	
15.6	-11	1.28733204154259	
15.6	-10	1.3001521344795	
15.6	-9	1.31184331230618	
15.6	-8	1.32233974593415	
15.6	-7	1.33165775289817	
15.6	-6	1.33976829836356	
15.6	-5	1.34670763583776	
15.6	-4	1.35236391105327	
15.6	-3	1.35673469027452	
15.6	-2	1.35995037737576	
15.6	-1.5	1.36097257243293	
15.6	-1	1.3617480644245	
15.6	-0.5	1.36222856179931	
15.6	0	1.36237115498767	

16	-24	1.04643101916642	
16	-22	1.09211819957283	
16	-20	1.13561204354371	
16	-18	1.1762689347791	
16	-16	1.21370679275809	
16	-14	1.24756860892591	
16	-12	1.27764915805488	
16	-11	1.2911200921263	
16	-10	1.30349687022731	
16	-9	1.31476574699611	
16	-8	1.32493330227347	
16	-7	1.33389293563895	
16	-6	1.34173144122697	
16	-5	1.34837797821943	
16	-4	1.35389513204209	
16	-3	1.35812210607377	
16	-2	1.36121348269494	
16	-1.5	1.36223270288601	
16	-1	1.3630209170516	
16	-0.5	1.36347343822435	
16	0	1.36366540111186	

16.8	-24	1.06915999149603	
16.8	-22	1.11224199682278	
16.8	-20	1.15289639971757	
16.8	-18	1.19089403189363	
16.8	-16	1.22593068192276	
16.8	-14	1.25754937020838	
16.8	-12	1.28554950658593	
16.8	-11	1.2981116017671	
16.8	-10	1.30965589756423	
16.8	-9	1.32015974441105	
16.8	-8	1.32961374337079	
16.8	-7	1.33795300960946	
16.8	-6	1.34525213972188	
16.8	-5	1.35145200252798	
16.8	-4	1.35656297798205	
16.8	-3	1.36051770261928	
16.8	-2	1.36338269258142	
16.8	-1.5	1.36437391925424	
16.8	-1	1.36506217441149	
16.8	-0.5	1.36549438650852	
16.8	0	1.36562164127078	

17.6	-24	1.09006387787515	
17.6	-22	1.13041187874475	
17.6	-20	1.16846083520155	
17.6	-18	1.20414479442039	
17.6	-16	1.23690056806176	
17.6	-14	1.26652610619392	
17.6	-12	1.29264613600404	
17.6	-11	1.30438401271522	
17.6	-10	1.31515875104514	
17.6	-9	1.32497538083467	
17.6	-8	1.33380031274056	
17.6	-7	1.34164576884894	
17.6	-6	1.34845062361886	
17.6	-5	1.35424331979323	
17.6	-4	1.35897597101071	
17.6	-3	1.36268344153349	
17.6	-2	1.36531769197309	
17.6	-1.5	1.36620546963294	
17.6	-1	1.36686587079415	
17.6	-0.5	1.3672601107893	
17.6	0	1.36740451966123	

18.4	-24	1.10858443903995	
18.4	-22	1.14665817668308	
18.4	-20	1.18263650339607	
18.4	-18	1.21619033416112	
18.4	-16	1.2467981986122	
18.4	-14	1.27456876461665	
18.4	-12	1.29905652557908	
18.4	-11	1.3100318322231	
18.4	-10	1.32013068140775	
18.4	-9	1.32932376398945	
18.4	-8	1.33758493629454	
18.4	-7	1.34491275149303	
18.4	-6	1.35126753201779	
18.4	-5	1.35662682334688	
18.4	-4	1.36110098738333	
18.4	-3	1.36453385695207	
18.4	-2	1.36706597925507	
18.4	-1.5	1.36790774923028	
18.4	-1	1.36853603387942	
18.4	-0.5	1.36892004985148	
18.4	0	1.36904901161619	

19.2	-24	1.12536582360302	
19.2	-22	1.1613635884292	
19.2	-20	1.19549780706766	
19.2	-18	1.22694408573529	
19.2	-16	1.25582466819405	
19.2	-14	1.28189199835937	
19.2	-12	1.30484250593954	
19.2	-11	1.31512355880289	
19.2	-10	1.32457858733924	
19.2	-9	1.33318817751465	
19.2	-8	1.34095246621569	
19.2	-7	1.34779616568564	
19.2	-6	1.35383813291164	
19.2	-5	1.35883673137021	
19.2	-4	1.36303127858884	
19.2	-3	1.36626667138223	
19.2	-2	1.36857876030751	
19.2	-1.5	1.36940483633044	
19.2	-1	1.36995220442009	
19.2	-0.5	1.37032515479358	
19.2	0	1.3704309214683	

20	-24	1.14097574690983	
20	-22	1.1751818344302	
20	-20	1.20714024079609	
20	-18	1.23682443806125	
20	-16	1.26401519402193	
20	-14	1.28850271293524	
20	-12	1.31008017262995	
20	-11	1.3197424660484	
20	-10	1.32861200505723	
20	-9	1.33669693046715	
20	-8	1.3439408407054	
20	-7	1.35039724140072	
20	-6	1.35600088235529	
20	-5	1.36073515827749	
20	-4	1.36469150902829	
20	-3	1.3677248328101	
20	-2	1.36989588159541	
20	-1.5	1.37072501918699	
20	-1	1.37122646245266	
20	-0.5	1.37162946793377	
20	0	1.37171681359849	

20.8	-24	1.15530778065912	
20.8	-22	1.18754675335049	
20.8	-20	1.21776199513101	
20.8	-18	1.24581951330545	
20.8	-16	1.27145987444016	
20.8	-14	1.29453446710077	
20.8	-12	1.31484411715389	
20.8	-11	1.32393300369077	
20.8	-10	1.33228522142968	
20.8	-9	1.33988616316885	
20.8	-8	1.34670570521183	
20.8	-7	1.35278803826859	
20.8	-6	1.35802976999948	
20.8	-5	1.36249254043166	
20.8	-4	1.36616052078114	
20.8	-3	1.36905804272237	
20.8	-2	1.37106779619912	
20.8	-1.5	1.37176927030693	
20.8	-1	1.37228591152767	
20.8	-0.5	1.37257895186807	
20.8	0	1.37266830752094	

21.6	-24	1.16836555742611	
21.6	-22	1.19891791488231	
21.6	-20	1.22754617587467	
21.6	-18	1.2540840797285	
21.6	-16	1.27827691055001	
21.6	-14	1.30002681764299	
21.6	-12	1.31918368929746	
21.6	-11	1.32773958800365	
21.6	-10	1.33561316397721	
21.6	-9	1.34276386354202	
21.6	-8	1.34922713681838	
21.6	-7	1.35490678050276	
21.6	-6	1.35990923846911	
21.6	-5	1.3640949948059	
21.6	-4	1.36753389126958	
21.6	-3	1.37023299333546	
21.6	-2	1.3721554721927	
21.6	-1.5	1.37281401662008	
21.6	-1	1.37329838980147	
21.6	-0.5	1.37358067408716	
21.6	0	1.37366125505134	

22.4	-24	1.18050635054034	
22.4	-22	1.20938634189937	
22.4	-20	1.23648734367649	
22.4	-18	1.26158254307155	
22.4	-16	1.28449068682807	
22.4	-14	1.30507337432787	
22.4	-12	1.32314867217322	
22.4	-11	1.33122851837315	
22.4	-10	1.33862131404322	
22.4	-9	1.34537978851047	
22.4	-8	1.35141901499824	
22.4	-7	1.35680853573395	
22.4	-6	1.36148450310528	
22.4	-5	1.365449598683	
22.4	-4	1.36871438496616	
22.4	-3	1.37126147019051	
22.4	-2	1.37307993749046	
22.4	-1.5	1.37371793414852	
22.4	-1	1.37416121184158	
22.4	-0.5	1.37445649750625	
22.4	0	1.37453207786537	

23.2	-24	1.19151800727323	
23.2	-22	1.21907154674809	
23.2	-20	1.24474275269817	
23.2	-18	1.26855817164165	
23.2	-16	1.2902200471444	
23.2	-14	1.30967384683878	
23.2	-12	1.32677729051637	
23.2	-11	1.3344122664703	
23.2	-10	1.34142616356975	
23.2	-9	1.34780802039894	
23.2	-8	1.35354712831947	
23.2	-7	1.35861863391238	
23.2	-6	1.36298588533699	
23.2	-5	1.36670086746642	
23.2	-4	1.36977958195402	
23.2	-3	1.37218533681046	
23.2	-2	1.37390002144982	
23.2	-1.5	1.37451841078925	
23.2	-1	1.37492374594897	
23.2	-0.5	1.37518652823383	
23.2	0	1.37524987044867	

24	-24	1.20173271482546	
24	-22	1.22794697350679	
24	-20	1.25237517905746	
24	-18	1.27492318847616	
24	-16	1.29548716219643	
24	-14	1.31391950809451	
24	-12	1.33010981341901	
24	-11	1.33733491957809	
24	-10	1.34397454350795	
24	-9	1.35000933315903	
24	-8	1.35542663055377	
24	-7	1.3602441287189	
24	-6	1.36442432827492	
24	-5	1.36794395265315	
24	-4	1.37088002629763	
24	-3	1.37311339169766	
24	-2	1.37474772958709	
24	-1.5	1.37532522514256	
24	-1	1.37570856663192	
24	-0.5	1.37598363818855	
24	0	1.37604418348452	

24.8	-24	1.21119553027341	
24.8	-22	1.23617131734871	
24.8	-20	1.25939466085282	
24.8	-18	1.28084667042493	
24.8	-16	1.30033481003071	
24.8	-14	1.31782821931118	
24.8	-12	1.33317484244117	
24.8	-11	1.34002745618121	
24.8	-10	1.34631360578631	
24.8	-9	1.35203566246373	
24.8	-8	1.35716531109605	
24.8	-7	1.36171196528002	
24.8	-6	1.36564410977855	
24.8	-5	1.36898830855188	
24.8	-4	1.37175551455343	
24.8	-3	1.37392034916233	
24.8	-2	1.37544959560712	
24.8	-1.5	1.37598655471154	
24.8	-1	1.37635608345389	
24.8	-0.5	1.37658127345909	
24.8	0	1.3766525983731	

25.6	-24	1.22008595995417	
25.6	-22	1.24376528893809	
25.6	-20	1.26587234820109	
25.6	-18	1.28628331793778	
25.6	-16	1.30481502797915	
25.6	-14	1.32142598215251	
25.6	-12	1.33599952442985	
25.6	-11	1.34250282308819	
25.6	-10	1.34846458033698	
25.6	-9	1.35389780319704	
25.6	-8	1.35877751016413	
25.6	-7	1.36309041451645	
25.6	-6	1.36682309777432	
25.6	-5	1.36999926651526	
25.6	-4	1.37261733295723	
25.6	-3	1.37465255345333	
25.6	-2	1.37609980882909	
25.6	-1.5	1.37662883072925	
25.6	-1	1.37698700928185	
25.6	-0.5	1.37722898637973	
25.6	0	1.37728042864058	

26.4	-24	1.2281307489436	
26.4	-22	1.25081553791452	
26.4	-20	1.27187189888346	
26.4	-18	1.2913260238762	
26.4	-16	1.30896150933309	
26.4	-14	1.32475824538338	
26.4	-12	1.3386061919053	
26.4	-11	1.34478700355501	
26.4	-10	1.35045950718379	
26.4	-9	1.35562301642479	
26.4	-8	1.3602462415839	
26.4	-7	1.36433989783232	
26.4	-6	1.3678939515727	
26.4	-5	1.37089664504706	
26.4	-4	1.37339231717248	
26.4	-3	1.37533106847186	
26.4	-2	1.37670277937635	
26.4	-1.5	1.37719237506362	
26.4	-1	1.3775248977197	
26.4	-0.5	1.37775018116592	
26.4	0	1.37780631607676	

27.2	-24	1.23568011590013	
27.2	-22	1.25734214235046	
27.2	-20	1.27747067321373	
27.2	-18	1.29597562322763	
27.2	-16	1.31280045144523	
27.2	-14	1.3278405641124	
27.2	-12	1.34102025201383	
27.2	-11	1.34689544393009	
27.2	-10	1.35228262783831	
27.2	-9	1.35718828208255	
27.2	-8	1.36158544564822	
27.2	-7	1.36547184766791	
27.2	-6	1.36884879866995	
27.2	-5	1.37171252656375	
27.2	-4	1.37409162282879	
27.2	-3	1.37593745673886	
27.2	-2	1.37725744734041	
27.2	-1.5	1.37770286062003	
27.2	-1	1.37804224943358	
27.2	-0.5	1.37822738062129	
27.2	0	1.37828456036117	

28	-24	1.24271988450772	
28	-22	1.26340923415456	
28	-20	1.2826146568966	
28	-18	1.30034042190129	
28	-16	1.31637099158624	
28	-14	1.33070366338645	
28	-12	1.34325490145174	
28	-11	1.34885195793044	
28	-10	1.353984051491	
28	-9	1.35864700755797	
28	-8	1.36283930167963	
28	-7	1.36653815430681	
28	-6	1.36974610793809	
28	-5	1.37248221816757	
28	-4	1.37474210315243	
28	-3	1.37648300214248	
28	-2	1.37771921872399	
28	-1.5	1.37815252968639	
28	-1	1.37846633697814	
28	-0.5	1.37866491111411	
28	0	1.37871502512018	

28.8	-24	1.24931003892347	
28.8	-22	1.26907143987892	
28.8	-20	1.28748596523854	
28.8	-18	1.30437477347424	
28.8	-16	1.31968473210485	
28.8	-14	1.33336440294945	
28.8	-12	1.34533546176983	
28.8	-11	1.35067186719009	
28.8	-10	1.35556852262531	
28.8	-9	1.36000956258641	
28.8	-8	1.36397486984334	
28.8	-7	1.36751878262059	
28.8	-6	1.37058475500387	
28.8	-5	1.3731722638283	
28.8	-4	1.37531242255507	
28.8	-3	1.37699050045584	
28.8	-2	1.37816375509251	
28.8	-1.5	1.37859579834681	
28.8	-1	1.37887256091737	
28.8	-0.5	1.37907233229633	
28.8	0	1.37911265690337	

29.6	-24	1.25553933298629	
29.6	-22	1.27440492447651	
29.6	-20	1.29197432846854	
29.6	-18	1.30813925579089	
29.6	-16	1.32277013082622	
29.6	-14	1.33583962649018	
29.6	-12	1.34726832258556	
29.6	-11	1.3523603976359	
29.6	-10	1.35702395627938	
29.6	-9	1.36126840857992	
29.6	-8	1.36508041855345	
29.6	-7	1.36843705931917	
29.6	-6	1.37136014602699	
29.6	-5	1.37382285249746	
29.6	-4	1.37587053965799	
29.6	-3	1.37747053045262	
29.6	-2	1.37860350856555	
29.6	-1.5	1.37899667950947	
29.6	-1	1.37928710730108	
29.6	-0.5	1.37945691103553	
29.6	0	1.37951048987852	

30.4	-24	1.26126420585413	
30.4	-22	1.279403087604	
30.4	-20	1.29622111372471	
30.4	-18	1.31165586442859	
30.4	-16	1.3256559020603	
30.4	-14	1.33814829683397	
30.4	-12	1.34907482980825	
30.4	-11	1.3539444916617	
30.4	-10	1.35840030464297	
30.4	-9	1.36245814586577	
30.4	-8	1.3660778110877	
30.4	-7	1.36929364348719	
30.4	-6	1.37206605457672	
30.4	-5	1.37442568824795	
30.4	-4	1.37637936981214	
30.4	-3	1.37788682176309	
30.4	-2	1.37896419655278	
30.4	-1.5	1.37935620074589	
30.4	-1	1.37962806075567	
30.4	-0.5	1.3797948309616	
30.4	0	1.37983130877585	

31.2	-24	1.26669321263478	
31.2	-22	1.2840645187559	
31.2	-20	1.30017445310773	
31.2	-18	1.3149574788442	
31.2	-16	1.32834917056703	
31.2	-14	1.34030517152466	
31.2	-12	1.35075388540046	
31.2	-11	1.35541171714753	
31.2	-10	1.35967790906203	
31.2	-9	1.36355158406932	
31.2	-8	1.36702981274913	
31.2	-7	1.37010336440246	
31.2	-6	1.37277934147752	
31.2	-5	1.37502682596458	
31.2	-4	1.3768883594679	
31.2	-3	1.37833723667262	
31.2	-2	1.37937629759423	
31.2	-1.5	1.37973891700546	
31.2	-1	1.3799939903438	
31.2	-0.5	1.38015767594685	
31.2	0	1.38019288744203	

32	-24	1.27175069818512	
32	-22	1.28840968777266	
32	-20	1.30386857468256	
32	-18	1.31804966952111	
32	-16	1.33087373597261	
32	-14	1.34232084896963	
32	-12	1.35233118497594	
32	-11	1.35678242339647	
32	-10	1.36087328947597	
32	-9	1.36458087964729	
32	-8	1.3679020113121	
32	-7	1.37083416299036	
32	-6	1.37338595619873	
32	-5	1.37553096683828	
32	-4	1.37732496506769	
32	-3	1.37871162373736	
32	-2	1.37970580882133	
32	-1.5	1.3800493132757	
32	-1	1.38029831032786	
32	-0.5	1.38045607788083	
32	0	1.38049113112696	

32.8	-24	1.2764860007125	
32.8	-22	1.29249779691755	
32.8	-20	1.30733739309451	
32.8	-18	1.320934013781	
32.8	-16	1.33323817725883	
32.8	-14	1.34421094514921	
32.8	-12	1.35379903745809	
32.8	-11	1.35806724187526	
32.8	-10	1.36197334546797	
32.8	-9	1.36552654506477	
32.8	-8	1.3687162502837	
32.8	-7	1.37153487765923	
32.8	-6	1.37398512248115	
32.8	-5	1.37604167181803	
32.8	-4	1.37774572718743	
32.8	-3	1.37906898755448	
32.8	-2	1.38001965188794	
32.8	-1.5	1.38035229158191	
32.8	-1	1.38058048509715	
32.8	-0.5	1.38073035100286	
32.8	0	1.38076657713652	

33.6	-24	1.28095694013997	
33.6	-22	1.29634400731416	
33.6	-20	1.31058405639928	
33.6	-18	1.32364209679631	
33.6	-16	1.33545551362167	
33.6	-14	1.34597958508425	
33.6	-12	1.35517344142877	
33.6	-11	1.35926934834063	
33.6	-10	1.36301713100713	
33.6	-9	1.36643695064261	
33.6	-8	1.3694850827323	
33.6	-7	1.37218460794446	
33.6	-6	1.37453285986377	
33.6	-5	1.37651127287309	
33.6	-4	1.37814586703279	
33.6	-3	1.37941147398963	
33.6	-2	1.38031243710421	
33.6	-1.5	1.38062850972173	
33.6	-1	1.38083971445323	
33.6	-0.5	1.38099837595476	
33.6	0	1.38103213207897	

34.4	-24	1.28517219362721	
34.4	-22	1.2999445265509	
34.4	-20	1.31365278638568	
34.4	-18	1.32620245037513	
34.4	-16	1.33753784513224	
34.4	-14	1.34764036771749	
34.4	-12	1.35645985382928	
34.4	-11	1.36039116490117	
34.4	-10	1.36398658758566	
34.4	-9	1.3672525765826	
34.4	-8	1.37017040853024	
34.4	-7	1.37276551714655	
34.4	-6	1.37501005838444	
34.4	-5	1.37690870299253	
34.4	-4	1.37848011775087	
34.4	-3	1.37970025200484	
34.4	-2	1.38057350794129	
34.4	-1.5	1.38088093309201	
34.4	-1	1.38108831410847	
34.4	-0.5	1.38123694572627	
34.4	0	1.38126731933202	

35.2	-24	1.28911662038555	
35.2	-22	1.30334663056803	
35.2	-20	1.31651946451544	
35.2	-18	1.32859519957613	
35.2	-16	1.33949517284524	
35.2	-14	1.34920491949643	
35.2	-12	1.35767691902261	
35.2	-11	1.36144724598347	
35.2	-10	1.36490421428397	
35.2	-9	1.36804082975602	
35.2	-8	1.37085768023285	
35.2	-7	1.37333117428569	
35.2	-6	1.37548203322382	
35.2	-5	1.37729205322565	
35.2	-4	1.37880955754921	
35.2	-3	1.37998152874741	
35.2	-2	1.38082857661718	
35.2	-1.5	1.38111700667044	
35.2	-1	1.38131700229585	
35.2	-0.5	1.38145201261577	
35.2	0	1.38148503000739	

36	-24	1.29282969815104	
36	-22	1.30655845127743	
36	-20	1.31924744463036	
36	-18	1.33085169916569	
36	-16	1.34133828423941	
36	-14	1.35067498146933	
36	-12	1.35881820309805	
36	-11	1.36243897319422	
36	-10	1.36576323927126	
36	-9	1.36878389479681	
36	-8	1.37147939184144	
36	-7	1.37387085995877	
36	-6	1.37593519838991	
36	-5	1.37767566489024	
36	-4	1.3791296833829	
36	-3	1.38025474248072	
36	-2	1.38104948476441	
36	-1.5	1.38133937554564	
36	-1	1.38153055056755	
36	-0.5	1.38166151576566	
36	0	1.38168807220341	

36.8	-24	1.29637467616168	
36.8	-22	1.30957791362311	
36.8	-20	1.32180029477892	
36.8	-18	1.3329878292333	
36.8	-16	1.34307758513506	
36.8	-14	1.35206327921147	
36.8	-12	1.35989670813477	
36.8	-11	1.36338516520403	
36.8	-10	1.36657459067959	
36.8	-9	1.36947463694517	
36.8	-8	1.37206293186239	
36.8	-7	1.3743608247739	
36.8	-6	1.3763492810185	
36.8	-5	1.37801837100774	
36.8	-4	1.37941716748514	
36.8	-3	1.38050321401081	
36.8	-2	1.3812742190619	
36.8	-1.5	1.3815365537823	
36.8	-1	1.38173440488994	
36.8	-0.5	1.38185369378688	
36.8	0	1.38188038758554	

37.6	-24	1.2997263108505	
37.6	-22	1.31245189548847	
37.6	-20	1.32422189361044	
37.6	-18	1.33500091768784	
37.6	-16	1.34471732585644	
37.6	-14	1.35336849089834	
37.6	-12	1.36090760738908	
37.6	-11	1.36426976926033	
37.6	-10	1.36734333004696	
37.6	-9	1.37013385595375	
37.6	-8	1.37263521202699	
37.6	-7	1.37483858515699	
37.6	-6	1.37675015670778	
37.6	-5	1.37835935190477	
37.6	-4	1.37970621088541	
37.6	-3	1.38074445985844	
37.6	-2	1.38148584009971	
37.6	-1.5	1.38174344344862	
37.6	-1	1.38192371322727	
37.6	-0.5	1.38204165797984	
37.6	0	1.38207125510952	

38.4	-24	1.30289221738586	
38.4	-22	1.31517020653886	
38.4	-20	1.32651692586213	
38.4	-18	1.33690098797474	
38.4	-16	1.34626685687026	
38.4	-14	1.35460422083652	
38.4	-12	1.36186837978992	
38.4	-11	1.36509969471591	
38.4	-10	1.36805904075	
38.4	-9	1.37074382590106	
38.4	-8	1.37314459930347	
38.4	-7	1.3752697590093	
38.4	-6	1.37710974895943	
38.4	-5	1.37865873139628	
38.4	-4	1.3799557990539	
38.4	-3	1.38096683648466	
38.4	-2	1.38168363685949	
38.4	-1.5	1.38193837167554	
38.4	-1	1.38211745719399	
38.4	-0.5	1.38222855958262	
38.4	0	1.38225020904435	

39.2	-24	1.30587758100263	
39.2	-22	1.31772648278376	
39.2	-20	1.32869690010874	
39.2	-18	1.33870610357221	
39.2	-16	1.34773257899112	
39.2	-14	1.35576642703904	
39.2	-12	1.3627705767685	
39.2	-11	1.36588719690267	
39.2	-10	1.36873927108799	
39.2	-9	1.37132750641921	
39.2	-8	1.37365028735975	
39.2	-7	1.37569528957834	
39.2	-6	1.3774709988919	
39.2	-5	1.37895802036169	
39.2	-4	1.38021292156743	
39.2	-3	1.38116524556832	
39.2	-2	1.38186302464032	
39.2	-1.5	1.38209842886946	
39.2	-1	1.38226529745493	
39.2	-0.5	1.38237560084064	
39.2	0	1.38240433817662	

40	-24	1.30869	
40	-22	1.32016	
40	-20	1.33074	
40	-18	1.34041	
40	-16	1.34912	
40	-14	1.35687	
40	-12	1.36363	
40	-11	1.36663	
40	-10	1.36938	
40	-9	1.37188	
40	-8	1.37411	
40	-7	1.37609	
40	-6	1.3778	
40	-5	1.37925	
40	-4	1.38044	
40	-3	1.38137	
40	-2	1.38203	
40	-1.5	1.38226	
40	-1	1.38243	
40	-0.5	1.38253	
40	0	1.38256	

