0.3	-24	-0.0201495956789493	
0.3	-22	-0.0169774650752414	
0.3	-20	-0.0140222548052126	
0.3	-18	-0.0110975635614089	
0.3	-16	-0.00860106615609992	
0.3	-14	-0.00675749390265373	
0.3	-12	-0.00499076033073695	
0.3	-11	-0.00433504165671414	
0.3	-10	-0.00139158006403192	
0.3	-9	0.0152933143181558	
0.3	-8	0.0529069376322369	
0.3	-7	0.0897996286132791	
0.3	-6	0.133920308947275	
0.3	-5	0.203002607728274	
0.3	-4	0.278989876062953	
0.3	-3	0.330847788699819	
0.3	-2	0.377762395823822	
0.3	-1.5	0.397076607884953	
0.3	-1	0.416376353617041	
0.3	-0.5	0.424619802043937	
0.3	0	0.427949593826353	

0.4	-24	-0.00700933782522414	
0.4	-22	-0.00582814156820602	
0.4	-20	-0.00486841119555577	
0.4	-18	-0.00379806846729254	
0.4	-16	-0.00294797382108668	
0.4	-14	-0.0025949980180412	
0.4	-12	-0.00208074002440465	
0.4	-11	-0.00156908558900689	
0.4	-10	0.00323137138998716	
0.4	-9	0.0251868024166661	
0.4	-8	0.069889326722301	
0.4	-7	0.123860884362574	
0.4	-6	0.18703135253831	
0.4	-5	0.267315132180103	
0.4	-4	0.353444730879483	
0.4	-3	0.419633033631229	
0.4	-2	0.473409285297198	
0.4	-1.5	0.49479915336171	
0.4	-1	0.511911006160479	
0.4	-0.5	0.522770724347705	
0.4	0	0.52676045113024	

0.5	-24	-0.00306160807851346	
0.5	-22	-0.00256030859063433	
0.5	-20	-0.00217446944514473	
0.5	-18	-0.00168979744442859	
0.5	-16	-0.00132260839188466	
0.5	-14	-0.00141738162967632	
0.5	-12	-0.000941744397915094	
0.5	-11	0.000402848460133085	
0.5	-10	0.00974735125539851	
0.5	-9	0.0389835775752557	
0.5	-8	0.0918439433607532	
0.5	-7	0.158951431909092	
0.5	-6	0.236377021511098	
0.5	-5	0.331660197371322	
0.5	-4	0.422894849010502	
0.5	-3	0.493152614873384	
0.5	-2	0.548356119539802	
0.5	-1.5	0.569337136521018	
0.5	-1	0.585669679245581	
0.5	-0.5	0.591780329816326	
0.5	0	0.594296694705993	

0.6	-24	-0.00159688266626866	
0.6	-22	-0.00130072787415565	
0.6	-20	-0.00117838162520702	
0.6	-18	-0.000922837968138973	
0.6	-16	-0.000734167013016822	
0.6	-14	-0.000917744498026895	
0.6	-12	0.000131584712612361	
0.6	-11	0.00359127039116969	
0.6	-10	0.0180883011961366	
0.6	-9	0.0544353941618259	
0.6	-8	0.116406285113462	
0.6	-7	0.194409273869291	
0.6	-6	0.288867259135903	
0.6	-5	0.390498740195079	
0.6	-4	0.485087901298489	
0.6	-3	0.559597106824616	
0.6	-2	0.613119226989343	
0.6	-1.5	0.630546579661378	
0.6	-1	0.643908868168851	
0.6	-0.5	0.6518424750978	
0.6	0	0.654351274227031	

0.7	-24	-0.000941448475763371	
0.7	-22	-0.000814693611354769	
0.7	-20	-0.000752607420594003	
0.7	-18	-0.000550600201628833	
0.7	-16	-0.000485666951544102	
0.7	-14	-0.00058331122016408	
0.7	-12	0.00212763831000337	
0.7	-11	0.00839766112708762	
0.7	-10	0.0277663388254865	
0.7	-9	0.071482356662573	
0.7	-8	0.142298346491585	
0.7	-7	0.231009547555798	
0.7	-6	0.338534536690046	
0.7	-5	0.447972139935345	
0.7	-4	0.546337886827717	
0.7	-3	0.619838798323582	
0.7	-2	0.666473276785009	
0.7	-1.5	0.68255786521079	
0.7	-1	0.691478953794026	
0.7	-0.5	0.698670965843595	
0.7	0	0.701415476543228	

0.8	-24	-0.00062596315903074	
0.8	-22	-0.000575708634838981	
0.8	-20	-0.000561755201930737	
0.8	-18	-0.000419643050197271	
0.8	-16	-0.000288736724642356	
0.8	-14	-2.64752112227112e-05	
0.8	-12	0.0050178198487737	
0.8	-11	0.015314787337124	
0.8	-10	0.0420524031251996	
0.8	-9	0.0922614375640489	
0.8	-8	0.173032722832725	
0.8	-7	0.269674877970272	
0.8	-6	0.385008762310406	
0.8	-5	0.499167998668304	
0.8	-4	0.598997191303303	
0.8	-3	0.670366859005701	
0.8	-2	0.714725854007121	
0.8	-1.5	0.727564232583212	
0.8	-1	0.735923085352056	
0.8	-0.5	0.739924960745061	
0.8	0	0.741442240714354	

0.9	-24	-0.000452440984781288	
0.9	-22	-0.000417364851789892	
0.9	-20	-0.000427817859396077	
0.9	-18	-0.000291664312628577	
0.9	-16	-0.000100383606044558	
0.9	-14	0.000870940949548771	
0.9	-12	0.00972380642499615	
0.9	-11	0.0245717300892091	
0.9	-10	0.0570465329844379	
0.9	-9	0.115621106094902	
0.9	-8	0.202637953514604	
0.9	-7	0.310516367358177	
0.9	-6	0.429768646717422	
0.9	-5	0.547454285238344	
0.9	-4	0.647537854473677	
0.9	-3	0.718822667570484	
0.9	-2	0.759457298093456	
0.9	-1.5	0.769644343095063	
0.9	-1	0.774353059444056	
0.9	-0.5	0.775665904693206	
0.9	0	0.777050042738599	

1	-24	-0.000335486790987766	
1	-22	-0.000357389887778785	
1	-20	-0.000361136481060887	
1	-18	-0.000199639445412258	
1	-16	0.000261747780302374	
1	-14	0.00236361854216087	
1	-12	0.0158130315309343	
1	-11	0.0359070016247894	
1	-10	0.0749260401312367	
1	-9	0.141965865980173	
1	-8	0.234733078975332	
1	-7	0.349544422053269	
1	-6	0.473562782293778	
1	-5	0.593715950370842	
1	-4	0.691726003229644	
1	-3	0.759281022831796	
1	-2	0.795513649820984	
1	-1.5	0.804302536457806	
1	-1	0.808531835769764	
1	-0.5	0.810294541616173	
1	0	0.811380479349342	

1.2	-24	-0.000261163130150983	
1.2	-22	-0.000231711336428359	
1.2	-20	-0.000215861332429082	
1.2	-18	0.000273471017749162	
1.2	-16	0.00182505269035361	
1.2	-14	0.00810680828636963	
1.2	-12	0.034234276863376	
1.2	-11	0.0655094744531967	
1.2	-10	0.118117661822677	
1.2	-9	0.198599652170578	
1.2	-8	0.303042004468053	
1.2	-7	0.426634306903523	
1.2	-6	0.554879945737438	
1.2	-5	0.673601833303294	
1.2	-4	0.768607128933434	
1.2	-3	0.830469926696473	
1.2	-2	0.860899069477604	
1.2	-1.5	0.867005895839401	
1.2	-1	0.870374516378584	
1.2	-0.5	0.871047722236443	
1.2	0	0.870684979842985	

1.4	-24	-0.000197426035800804	
1.4	-22	-9.5670927477717e-05	
1.4	-20	0.000165812535529931	
1.4	-18	0.00145880479723752	
1.4	-16	0.00565776797227069	
1.4	-14	0.0191739155960583	
1.4	-12	0.0607025819644612	
1.4	-11	0.103199420895432	
1.4	-10	0.168589347730894	
1.4	-9	0.25864933699128	
1.4	-8	0.37166678285868	
1.4	-7	0.499234936722974	
1.4	-6	0.627944248483452	
1.4	-5	0.743219299739665	
1.4	-4	0.831358677189478	
1.4	-3	0.888035773402542	
1.4	-2	0.915192199624992	
1.4	-1.5	0.921186438276219	
1.4	-1	0.922908668611655	
1.4	-0.5	0.923589515832942	
1.4	0	0.924183978684397	

1.6	-24	-5.57090853291829e-05	
1.6	-22	0.000254391610738485	
1.6	-20	0.00114300786338785	
1.6	-18	0.00406324188815776	
1.6	-16	0.0125939194347208	
1.6	-14	0.0353525321526236	
1.6	-12	0.0939288386570732	
1.6	-11	0.147017732485036	
1.6	-10	0.223221697895149	
1.6	-9	0.32063619683374	
1.6	-8	0.43923899483932	
1.6	-7	0.567218425545337	
1.6	-6	0.692184847718819	
1.6	-5	0.801110467740798	
1.6	-4	0.883709600920237	
1.6	-3	0.93643279132244	
1.6	-2	0.962148358141711	
1.6	-1.5	0.967552355900417	
1.6	-1	0.96972722236746	
1.6	-0.5	0.97158577868923	
1.6	0	0.9711693703646	

1.8	-24	0.000281406661998213	
1.8	-22	0.00111465277185818	
1.8	-20	0.00313037228638709	
1.8	-18	0.00878376751008132	
1.8	-16	0.0230285776180983	
1.8	-14	0.0568093200346912	
1.8	-12	0.132695229508566	
1.8	-11	0.196255975828824	
1.8	-10	0.279415854579764	
1.8	-9	0.383738447046886	
1.8	-8	0.502666328960333	
1.8	-7	0.628364303494546	
1.8	-6	0.748615868451667	
1.8	-5	0.850887916918782	
1.8	-4	0.928508344900248	
1.8	-3	0.978205663887406	
1.8	-2	1.00305902503976	
1.8	-1.5	1.00895415819626	
1.8	-1	1.01226796499408	
1.8	-0.5	1.01376372736592	
1.8	0	1.01423608576511	

2	-24	0.000981283687476093	
2	-22	0.00266496222642829	
2	-20	0.00662042569022238	
2	-18	0.0165642937652611	
2	-16	0.0372985704349289	
2	-14	0.0835257479815033	
2	-12	0.176228815620701	
2	-11	0.247340223054576	
2	-10	0.337524066175523	
2	-9	0.444138251766465	
2	-8	0.562363591853896	
2	-7	0.683771287709269	
2	-6	0.798455601929894	
2	-5	0.894298546745906	
2	-4	0.966554007085575	
2	-3	1.0134697923001	
2	-2	1.03915864013277	
2	-1.5	1.04593246714822	
2	-1	1.04972986509031	
2	-0.5	1.05153410863306	
2	0	1.05202710258885	

2.2	-24	0.00206537619628981	
2.2	-22	0.00512022239655848	
2.2	-20	0.01203115758007	
2.2	-18	0.0266016924833047	
2.2	-16	0.0560737759148972	
2.2	-14	0.114733363790191	
2.2	-12	0.221240565772669	
2.2	-11	0.299623949118352	
2.2	-10	0.393426434858756	
2.2	-9	0.501965792120143	
2.2	-8	0.617560573200327	
2.2	-7	0.733784349704578	
2.2	-6	0.841755014532868	
2.2	-5	0.932008966921076	
2.2	-4	1.00022136232034	
2.2	-3	1.04516230960936	
2.2	-2	1.07078919121055	
2.2	-1.5	1.0778222534876	
2.2	-1	1.08228566979467	
2.2	-0.5	1.08462935923957	
2.2	0	1.08543572287893	

2.4	-24	0.00429051158346889	
2.4	-22	0.00934838191384516	
2.4	-20	0.019401319987089	
2.4	-18	0.0400396574634196	
2.4	-16	0.0784896778029437	
2.4	-14	0.149097196685619	
2.4	-12	0.268815335214689	
2.4	-11	0.351736275301205	
2.4	-10	0.448123260889391	
2.4	-9	0.55581417178754	
2.4	-8	0.66812723331269	
2.4	-7	0.778532560165055	
2.4	-6	0.880663891120176	
2.4	-5	0.965386527900266	
2.4	-4	1.02960770653028	
2.4	-3	1.07300767461572	
2.4	-2	1.09855536572468	
2.4	-1.5	1.10625753954132	
2.4	-1	1.11146002409429	
2.4	-0.5	1.11419682422595	
2.4	0	1.11490120355553	

2.6	-24	0.00774285061825496	
2.6	-22	0.0153547840899044	
2.6	-20	0.0296992208842244	
2.6	-18	0.0563187649089056	
2.6	-16	0.103975552511296	
2.6	-14	0.186232766163982	
2.6	-12	0.317501147090945	
2.6	-11	0.402211202612863	
2.6	-10	0.499589598134677	
2.6	-9	0.606068663645315	
2.6	-8	0.713904457644111	
2.6	-7	0.819464800059512	
2.6	-6	0.914985403731582	
2.6	-5	0.994879062163407	
2.6	-4	1.05559036448602	
2.6	-3	1.09793936621046	
2.6	-2	1.12348785047443	
2.6	-1.5	1.13134082059334	
2.6	-1	1.13696112356557	
2.6	-0.5	1.14019658493595	
2.6	0	1.14113142617484	

2.8	-24	0.0123647626019309	
2.8	-22	0.0227800165129537	
2.8	-20	0.042225363666512	
2.8	-18	0.0762182795186326	
2.8	-16	0.133004434758891	
2.8	-14	0.225847178612407	
2.8	-12	0.364677537368614	
2.8	-11	0.45238303751597	
2.8	-10	0.549201844705263	
2.8	-9	0.652446024368869	
2.8	-8	0.756411308128337	
2.8	-7	0.856632912830966	
2.8	-6	0.946118163152979	
2.8	-5	1.02119776642493	
2.8	-4	1.0791011149574	
2.8	-3	1.11991533654961	
2.8	-2	1.14566716771287	
2.8	-1.5	1.15381404696886	
2.8	-1	1.15925337505833	
2.8	-0.5	1.16249402052162	
2.8	0	1.16351413411215	

3	-24	0.0185622058943236	
3	-22	0.0326057800189818	
3	-20	0.0573414241218725	
3	-18	0.0978493086745592	
3	-16	0.163848867854364	
3	-14	0.266211109734574	
3	-12	0.410978995479456	
3	-11	0.498519948383197	
3	-10	0.595243408081767	
3	-9	0.694829862686879	
3	-8	0.795224628034993	
3	-7	0.889761910587769	
3	-6	0.9741499673812	
3	-5	1.0449768490277	
3	-4	1.10017981452238	
3	-3	1.13972180450743	
3	-2	1.16527327639456	
3	-1.5	1.17388164662784	
3	-1	1.17953050359595	
3	-0.5	1.18278713058599	
3	0	1.18399644205734	

3.2	-24	0.0261538003479759	
3.2	-22	0.0445969779349185	
3.2	-20	0.0745160200299028	
3.2	-18	0.123020291239146	
3.2	-16	0.196951059861174	
3.2	-14	0.306342837449672	
3.2	-12	0.456135821981097	
3.2	-11	0.54320099752682	
3.2	-10	0.638022507750757	
3.2	-9	0.734197844120814	
3.2	-8	0.830827303625878	
3.2	-7	0.919927216172015	
3.2	-6	0.999594925361498	
3.2	-5	1.06653916875967	
3.2	-4	1.11932710119978	
3.2	-3	1.15772649885496	
3.2	-2	1.18295204818333	
3.2	-1.5	1.19140752494818	
3.2	-1	1.19711181863316	
3.2	-0.5	1.20058912158808	
3.2	0	1.20155013050985	

3.4	-24	0.0356060813312543	
3.4	-22	0.0582600205089327	
3.4	-20	0.0942099146585278	
3.4	-18	0.149325312628659	
3.4	-16	0.23105204353447	
3.4	-14	0.346878639765247	
3.4	-12	0.498655747611131	
3.4	-11	0.58502749924223	
3.4	-10	0.677676708634409	
3.4	-9	0.770079617934501	
3.4	-8	0.86208111560781	
3.4	-7	0.94728832133636	
3.4	-6	1.02242070243238	
3.4	-5	1.08640949478657	
3.4	-4	1.13667059177071	
3.4	-3	1.17392781972438	
3.4	-2	1.19904509109754	
3.4	-1.5	1.20736246364017	
3.4	-1	1.21318056040037	
3.4	-0.5	1.21645136224513	
3.4	0	1.21753210313565	

3.6	-24	0.0466824150747003	
3.6	-22	0.0738237752833205	
3.6	-20	0.11535253606804	
3.6	-18	0.176949057692158	
3.6	-16	0.26559470008055	
3.6	-14	0.386157671300144	
3.6	-12	0.539139393339559	
3.6	-11	0.625096461053905	
3.6	-10	0.714810815102898	
3.6	-9	0.804220567345144	
3.6	-8	0.891448994974826	
3.6	-7	0.972479178296199	
3.6	-6	1.04407345337812	
3.6	-5	1.10442857055046	
3.6	-4	1.15258783734137	
3.6	-3	1.18863239095488	
3.6	-2	1.21309679710165	
3.6	-1.5	1.22152969715059	
3.6	-1	1.22715548901765	
3.6	-0.5	1.23056473873353	
3.6	0	1.23167388605402	

3.8	-24	0.059570033827809	
3.8	-22	0.0914481581346105	
3.8	-20	0.137996633060379	
3.8	-18	0.206080096380408	
3.8	-16	0.30069703073452	
3.8	-14	0.425847443626611	
3.8	-12	0.577920782974125	
3.8	-11	0.662766931860031	
3.8	-10	0.749137120644246	
3.8	-9	0.835464825374461	
3.8	-8	0.918646646209793	
3.8	-7	0.995888880110856	
3.8	-6	1.06338421091746	
3.8	-5	1.12092804838691	
3.8	-4	1.16711699669329	
3.8	-3	1.20187550624529	
3.8	-2	1.22568212912058	
3.8	-1.5	1.23395994191279	
3.8	-1	1.23959948756111	
3.8	-0.5	1.24309675772591	
3.8	0	1.24427781340457	

4	-24	0.0735800730991523	
4	-22	0.109823420693808	
4	-20	0.162088374019468	
4	-18	0.236485733909992	
4	-16	0.33495187105152	
4	-14	0.463553245703646	
4	-12	0.615244040180182	
4	-11	0.697923252940302	
4	-10	0.781853830396968	
4	-9	0.864493034684858	
4	-8	0.943210287475542	
4	-7	1.01690405134148	
4	-6	1.08108368087705	
4	-5	1.1360858326292	
4	-4	1.18031660747874	
4	-3	1.21386069606923	
4	-2	1.23715338971954	
4	-1.5	1.24528001997617	
4	-1	1.25091078346938	
4	-0.5	1.25429166836665	
4	0	1.25544548646694	

4.2	-24	0.0891329860720426	
4.2	-22	0.130324363551747	
4.2	-20	0.187612068955357	
4.2	-18	0.266445723274051	
4.2	-16	0.370002138220188	
4.2	-14	0.499910845648254	
4.2	-12	0.65035900392461	
4.2	-11	0.730530109853999	
4.2	-10	0.811330701034745	
4.2	-9	0.891036836054834	
4.2	-8	0.966435382044018	
4.2	-7	1.03634176070894	
4.2	-6	1.09783646735755	
4.2	-5	1.15014247433199	
4.2	-4	1.19249336362151	
4.2	-3	1.22493440341823	
4.2	-2	1.24759512686509	
4.2	-1.5	1.25539929262574	
4.2	-1	1.26095394285976	
4.2	-0.5	1.26430550422137	
4.2	0	1.26530616931923	

4.4	-24	0.105944360598872	
4.4	-22	0.151720304063553	
4.4	-20	0.213842332146419	
4.4	-18	0.297746295925384	
4.4	-16	0.403677790431585	
4.4	-14	0.534367290106883	
4.4	-12	0.683319644226009	
4.4	-11	0.761388510912718	
4.4	-10	0.83951075896451	
4.4	-9	0.915786415230649	
4.4	-8	0.988070632380943	
4.4	-7	1.05428806691383	
4.4	-6	1.11308517077488	
4.4	-5	1.163032984845	
4.4	-4	1.20373948416675	
4.4	-3	1.2349841215798	
4.4	-2	1.25689374137011	
4.4	-1.5	1.26440147183716	
4.4	-1	1.26990625211432	
4.4	-0.5	1.27316202823376	
4.4	0	1.27422312225775	

4.6	-24	0.123868128408533	
4.6	-22	0.17437254795118	
4.6	-20	0.240533836511846	
4.6	-18	0.327510395073485	
4.6	-16	0.437102314469874	
4.6	-14	0.567678684719404	
4.6	-12	0.71423237769285	
4.6	-11	0.789776384515452	
4.6	-10	0.865574516803651	
4.6	-9	0.939092563688187	
4.6	-8	1.00799809139686	
4.6	-7	1.07114764310635	
4.6	-6	1.12720269544736	
4.6	-5	1.17497797383858	
4.6	-4	1.2140172649778	
4.6	-3	1.24416181853853	
4.6	-2	1.26546804054804	
4.6	-1.5	1.27269861389956	
4.6	-1	1.27795646423141	
4.6	-0.5	1.28105959256015	
4.6	0	1.28213642203221	

4.8	-24	0.143521842634062	
4.8	-22	0.19721105766353	
4.8	-20	0.267864683679015	
4.8	-18	0.358223795295643	
4.8	-16	0.469246271179014	
4.8	-14	0.59983268575093	
4.8	-12	0.743436444553649	
4.8	-11	0.816831446396958	
4.8	-10	0.889623423083346	
4.8	-9	0.960209623398951	
4.8	-8	1.02625284688096	
4.8	-7	1.08672012145126	
4.8	-6	1.14037047036303	
4.8	-5	1.18612612460795	
4.8	-4	1.22356440785463	
4.8	-3	1.25258216113981	
4.8	-2	1.27324138282329	
4.8	-1.5	1.28030099388198	
4.8	-1	1.28536694256986	
4.8	-0.5	1.28836890632425	
4.8	0	1.28946858990898	

5	-24	0.163646709669611	
5	-22	0.221224023653199	
5	-20	0.294640768027612	
5	-18	0.388933323731878	
5	-16	0.501618561223721	
5	-14	0.630718483982305	
5	-12	0.770815674635586	
5	-11	0.842367073710092	
5	-10	0.912234562879839	
5	-9	0.980149698565431	
5	-8	1.04355386180579	
5	-7	1.101264835313	
5	-6	1.15259584170148	
5	-5	1.19639636716724	
5	-4	1.23241837185928	
5	-3	1.26030542084378	
5	-2	1.2801731199205	
5	-1.5	1.28717647799246	
5	-1	1.29215710841633	
5	-0.5	1.29512698576553	
5	0	1.29622462791307	

5.2	-24	0.184031619792285	
5.2	-22	0.244705738502138	
5.2	-20	0.322798611538412	
5.2	-18	0.418007755441566	
5.2	-16	0.531972215839868	
5.2	-14	0.659608696380342	
5.2	-12	0.796864817289434	
5.2	-11	0.866136081133496	
5.2	-10	0.933417042843777	
5.2	-9	0.998648383671343	
5.2	-8	1.0594525274472	
5.2	-7	1.1148699520762	
5.2	-6	1.16392184275322	
5.2	-5	1.20596551543813	
5.2	-4	1.24058826604417	
5.2	-3	1.26748414453505	
5.2	-2	1.28667771759554	
5.2	-1.5	1.29341904185613	
5.2	-1	1.29816446541903	
5.2	-0.5	1.30106147041474	
5.2	0	1.301971245068	

5.4	-24	0.205333996360694	
5.4	-22	0.26928110723694	
5.4	-20	0.350082226223546	
5.4	-18	0.446965116010226	
5.4	-16	0.561441259917877	
5.4	-14	0.687492005320283	
5.4	-12	0.821429393008375	
5.4	-11	0.888335395151144	
5.4	-10	0.953520108176373	
5.4	-9	1.01591269711037	
5.4	-8	1.07429315706178	
5.4	-7	1.12761780500384	
5.4	-6	1.17452989450034	
5.4	-5	1.2148438523398	
5.4	-4	1.24814873313266	
5.4	-3	1.27408960744572	
5.4	-2	1.29253735580684	
5.4	-1.5	1.2990183093504	
5.4	-1	1.30359499569468	
5.4	-0.5	1.30638681816771	
5.4	0	1.30733037016588	

5.6	-24	0.22694543199404	
5.6	-22	0.294222800744853	
5.6	-20	0.376580782270376	
5.6	-18	0.474830950086235	
5.6	-16	0.589396231230399	
5.6	-14	0.713581498530409	
5.6	-12	0.844536957815117	
5.6	-11	0.909622395784753	
5.6	-10	0.97222042385308	
5.6	-9	1.03228672012361	
5.6	-8	1.08822960239261	
5.6	-7	1.13936069949791	
5.6	-6	1.1843757071395	
5.6	-5	1.22317942569646	
5.6	-4	1.25517655492358	
5.6	-3	1.28006801153822	
5.6	-2	1.29802676025414	
5.6	-1.5	1.30422048197789	
5.6	-1	1.30869010179225	
5.6	-0.5	1.31134881849179	
5.6	0	1.31226109410437	

5.8	-24	0.248599197127043	
5.8	-22	0.31870562806627	
5.8	-20	0.402674301219542	
5.8	-18	0.502729531485107	
5.8	-16	0.616404721463285	
5.8	-14	0.739223146924696	
5.8	-12	0.86619377652357	
5.8	-11	0.929419865906059	
5.8	-10	0.989776330724265	
5.8	-9	1.04754470706388	
5.8	-8	1.10162136277258	
5.8	-7	1.15039684976013	
5.8	-6	1.19363792094324	
5.8	-5	1.23093828514405	
5.8	-4	1.26169083739599	
5.8	-3	1.28580319631723	
5.8	-2	1.30299934022082	
5.8	-1.5	1.30899304127434	
5.8	-1	1.31330180232013	
5.8	-0.5	1.3158110298283	
5.8	0	1.31668259932686	

6	-24	0.271386802632436	
6	-22	0.342742234582871	
6	-20	0.429360381805022	
6	-18	0.529433240986598	
6	-16	0.642103012791876	
6	-14	0.762891311798777	
6	-12	0.886864298558477	
6	-11	0.947846308718406	
6	-10	1.00593021699106	
6	-9	1.06192825433237	
6	-8	1.11365743102463	
6	-7	1.16083466323192	
6	-6	1.20235832243629	
6	-5	1.23817801593464	
6	-4	1.26776213073122	
6	-3	1.29090090471545	
6	-2	1.30750072010139	
6	-1.5	1.31342888932231	
6	-1	1.31751305245262	
6	-0.5	1.32002329685461	
6	0	1.32084028469609	

6.2	-24	0.293450221462842	
6.2	-22	0.368014104756238	
6.2	-20	0.455299295413934	
6.2	-18	0.555866034985706	
6.2	-16	0.66724014986971	
6.2	-14	0.7859156040012	
6.2	-12	0.906491171797008	
6.2	-11	0.965500611865289	
6.2	-10	1.02165995432711	
6.2	-9	1.07535876933802	
6.2	-8	1.12524922393354	
6.2	-7	1.17052353155014	
6.2	-6	1.2105572473842	
6.2	-5	1.24495739723308	
6.2	-4	1.27344008208651	
6.2	-3	1.29577052119927	
6.2	-2	1.31173467288595	
6.2	-1.5	1.31744170743066	
6.2	-1	1.32141110605869	
6.2	-0.5	1.32376527077589	
6.2	0	1.32457701210498	

6.4	-24	0.315727933453959	
6.4	-22	0.392250203466779	
6.4	-20	0.48055748001871	
6.4	-18	0.581486059578535	
6.4	-16	0.691534761676729	
6.4	-14	0.807910467234432	
6.4	-12	0.924919513402963	
6.4	-11	0.981891830057034	
6.4	-10	1.03624359217007	
6.4	-9	1.08807888561201	
6.4	-8	1.13612759822629	
6.4	-7	1.17955635399758	
6.4	-6	1.2181914761246	
6.4	-5	1.25131691566019	
6.4	-4	1.27873513004988	
6.4	-3	1.30025089742458	
6.4	-2	1.31570694276906	
6.4	-1.5	1.32114820886412	
6.4	-1	1.32499426369196	
6.4	-0.5	1.32727556503124	
6.4	0	1.32803888947314	

6.6	-24	0.338445787081131	
6.6	-22	0.416060143296937	
6.6	-20	0.50513594207499	
6.6	-18	0.606377069437981	
6.6	-16	0.71439945794353	
6.6	-14	0.828440640968181	
6.6	-12	0.942354612281209	
6.6	-11	0.997578606425403	
6.6	-10	1.0501377963711	
6.6	-9	1.10015940827466	
6.6	-8	1.14636237526685	
6.6	-7	1.18820149175088	
6.6	-6	1.22534807177621	
6.6	-5	1.25725178407969	
6.6	-4	1.28365884167034	
6.6	-3	1.30441577981805	
6.6	-2	1.31934169087408	
6.6	-1.5	1.32452985999157	
6.6	-1	1.32824128871853	
6.6	-0.5	1.3304924337293	
6.6	0	1.33120036907793	

6.8	-24	0.3605329792043	
6.8	-22	0.439033371404587	
6.8	-20	0.528729007305608	
6.8	-18	0.629609809481338	
6.8	-16	0.736501696215876	
6.8	-14	0.84849926489699	
6.8	-12	0.958998415575107	
6.8	-11	1.01255852500685	
6.8	-10	1.06309959497749	
6.8	-9	1.11154097014445	
6.8	-8	1.15596171524271	
6.8	-7	1.19647394570674	
6.8	-6	1.23210245416046	
6.8	-5	1.26281840655837	
6.8	-4	1.28829984308719	
6.8	-3	1.30825958759832	
6.8	-2	1.32260730633021	
6.8	-1.5	1.32765218114618	
6.8	-1	1.33124509352557	
6.8	-0.5	1.33346384798015	
6.8	0	1.33416536484494	

7	-24	0.382274066396885	
7	-22	0.462014226585609	
7	-20	0.551804912677817	
7	-18	0.652138604157168	
7	-16	0.757308950161453	
7	-14	0.86735426629807	
7	-12	0.974694993029102	
7	-11	1.02645399088622	
7	-10	1.07561658754703	
7	-9	1.12181763197107	
7	-8	1.16511404905974	
7	-7	1.20406718425996	
7	-6	1.23844550717149	
7	-5	1.2680693830491	
7	-4	1.29260623162543	
7	-3	1.31187456530792	
7	-2	1.32574288803353	
7	-1.5	1.33058586458715	
7	-1	1.33407079831688	
7	-0.5	1.33610867046441	
7	0	1.33681598475023	

7.2	-24	0.404225123349897	
7.2	-22	0.485043101316429	
7.2	-20	0.574492807176632	
7.2	-18	0.673623574122331	
7.2	-16	0.777922707650766	
7.2	-14	0.885177135107983	
7.2	-12	0.989427516720393	
7.2	-11	1.03977656221283	
7.2	-10	1.08722169321442	
7.2	-9	1.13204089978848	
7.2	-8	1.17360528685415	
7.2	-7	1.2112201701612	
7.2	-6	1.2444234801261	
7.2	-5	1.27299765273541	
7.2	-4	1.29666171113232	
7.2	-3	1.31523253381308	
7.2	-2	1.32862364177465	
7.2	-1.5	1.33329646616996	
7.2	-1	1.33671378972725	
7.2	-0.5	1.33869179868951	
7.2	0	1.3394077050157	

7.4	-24	0.426226170594782	
7.4	-22	0.506977185518532	
7.4	-20	0.596893961728213	
7.4	-18	0.69477503413867	
7.4	-16	0.797177446363762	
7.4	-14	0.901900647075154	
7.4	-12	1.0037182190321	
7.4	-11	1.05240979101116	
7.4	-10	1.09821717575144	
7.4	-9	1.14177262656409	
7.4	-8	1.18169668636656	
7.4	-7	1.2179855798633	
7.4	-6	1.25010728789068	
7.4	-5	1.27764046382939	
7.4	-4	1.30046825067358	
7.4	-3	1.31843410392347	
7.4	-2	1.33133066030469	
7.4	-1.5	1.33584374862532	
7.4	-1	1.33911339165313	
7.4	-0.5	1.3410481101716	
7.4	0	1.34171141039987	

7.6	-24	0.447562874844776	
7.6	-22	0.528896617665433	
7.6	-20	0.618401529520214	
7.6	-18	0.715276995733028	
7.6	-16	0.815791722832252	
7.6	-14	0.918022455911538	
7.6	-12	1.01695548365677	
7.6	-11	1.06420270339739	
7.6	-10	1.10875380036536	
7.6	-9	1.15075691919414	
7.6	-8	1.18936436763412	
7.6	-7	1.22442580170698	
7.6	-6	1.25541277579344	
7.6	-5	1.28201752333529	
7.6	-4	1.30403827562972	
7.6	-3	1.32136547762694	
7.6	-2	1.33377667182482	
7.6	-1.5	1.33814388478413	
7.6	-1	1.3412457844857	
7.6	-0.5	1.34317996958031	
7.6	0	1.34383473590793	

7.8	-24	0.468302508249696	
7.8	-22	0.550161527384423	
7.8	-20	0.639312185602222	
7.8	-18	0.735090940862906	
7.8	-16	0.833765720425771	
7.8	-14	0.933670868273433	
7.8	-12	1.0299190178486	
7.8	-11	1.07530930204792	
7.8	-10	1.1188073164374	
7.8	-9	1.15934996355108	
7.8	-8	1.19664012753602	
7.8	-7	1.23055253595257	
7.8	-6	1.26041716119776	
7.8	-5	1.28614357360289	
7.8	-4	1.30745415604623	
7.8	-3	1.32418277886969	
7.8	-2	1.33625083681138	
7.8	-1.5	1.34043985788991	
7.8	-1	1.34351552230025	
7.8	-0.5	1.34527917827734	
7.8	0	1.34589822825633	

8	-24	0.488524651499898	
8	-22	0.570845264936282	
8	-20	0.659449362361484	
8	-18	0.753835182522513	
8	-16	0.850927092786247	
8	-14	0.948213569184865	
8	-12	1.04205110903571	
8	-11	1.08622254333788	
8	-10	1.12827785283459	
8	-9	1.16750580188329	
8	-8	1.20347244200847	
8	-7	1.23626955033352	
8	-6	1.26517903592914	
8	-5	1.29002388222493	
8	-4	1.31061624904407	
8	-3	1.32677886689296	
8	-2	1.33846260043748	
8	-1.5	1.34251781686017	
8	-1	1.34548220946112	
8	-0.5	1.34720598984346	
8	0	1.34783909115538	

8.2	-24	0.508967887545764	
8.2	-22	0.590241015717419	
8.2	-20	0.679263899874799	
8.2	-18	0.77210648119181	
8.2	-16	0.867420078937016	
8.2	-14	0.962315075862437	
8.2	-12	1.05357016356297	
8.2	-11	1.09657583494478	
8.2	-10	1.13723704893178	
8.2	-9	1.17519199997306	
8.2	-8	1.21014473178607	
8.2	-7	1.24168301071159	
8.2	-6	1.26969595690522	
8.2	-5	1.29371705761209	
8.2	-4	1.31359412878703	
8.2	-3	1.32924565888594	
8.2	-2	1.34043331778072	
8.2	-1.5	1.34438519558238	
8.2	-1	1.34721414916461	
8.2	-0.5	1.3489116318716	
8.2	0	1.34949942219489	

8.4	-24	0.528557220854679	
8.4	-22	0.609781985270508	
8.4	-20	0.697751589594353	
8.4	-18	0.789301240926832	
8.4	-16	0.883162286502061	
8.4	-14	0.975826669516465	
8.4	-12	1.06452462147441	
8.4	-11	1.10621731849493	
8.4	-10	1.14581083263003	
8.4	-9	1.1824763526072	
8.4	-8	1.21634652600729	
8.4	-7	1.24688919047827	
8.4	-6	1.27396016335992	
8.4	-5	1.29719847917086	
8.4	-4	1.3164293021677	
8.4	-3	1.33153589018645	
8.4	-2	1.34241485938511	
8.4	-1.5	1.34624287573819	
8.4	-1	1.34897760785792	
8.4	-0.5	1.35060773787008	
8.4	0	1.35114914036623	

8.6	-24	0.54804790823087	
8.6	-22	0.629194998502739	
8.6	-20	0.715961417949486	
8.6	-18	0.806200655925325	
8.6	-16	0.89823804093741	
8.6	-14	0.988739877161121	
8.6	-12	1.07493416070077	
8.6	-11	1.11561728973828	
8.6	-10	1.15387298827676	
8.6	-9	1.18942340268834	
8.6	-8	1.22230854239906	
8.6	-7	1.25184527809388	
8.6	-6	1.27800863261014	
8.6	-5	1.30048968992547	
8.6	-4	1.31911248483243	
8.6	-3	1.33370681387777	
8.6	-2	1.34418811761696	
8.6	-1.5	1.34787600982786	
8.6	-1	1.35049579543557	
8.6	-0.5	1.352097335858	
8.6	0	1.35263626761445	

8.8	-24	0.566753766438664	
8.8	-22	0.647224643057358	
8.8	-20	0.733588722974828	
8.8	-18	0.822451532557137	
8.8	-16	0.912546395282684	
8.8	-14	1.00107784591494	
8.8	-12	1.08505696066124	
8.8	-11	1.12450876789544	
8.8	-10	1.16149294699474	
8.8	-9	1.19612351399629	
8.8	-8	1.22790069686182	
8.8	-7	1.25654976126629	
8.8	-6	1.28184673278064	
8.8	-5	1.30361704612439	
8.8	-4	1.32163052680694	
8.8	-3	1.33578460653633	
8.8	-2	1.34595647131026	
8.8	-1.5	1.34953895655211	
8.8	-1	1.35207609481195	
8.8	-0.5	1.35357567669009	
8.8	0	1.35410391828656	

9	-24	0.585353627750394	
9	-22	0.665394081789778	
9	-20	0.750438555653515	
9	-18	0.838153047281977	
9	-16	0.9264678800803	
9	-14	1.01283434076245	
9	-12	1.09461559450193	
9	-11	1.13299940398977	
9	-10	1.16892319240048	
9	-9	1.20251376057868	
9	-8	1.23323525856352	
9	-7	1.26099862276171	
9	-6	1.28549493135031	
9	-5	1.30658962073142	
9	-4	1.32402500963915	
9	-3	1.33768940580211	
9	-2	1.34760170904457	
9	-1.5	1.35109441520149	
9	-1	1.35353772926109	
9	-0.5	1.35504439005877	
9	0	1.35552914664867	

9.2	-24	0.603457367411186	
9.2	-22	0.68344852278321	
9.2	-20	0.767204769004416	
9.2	-18	0.853137826327288	
9.2	-16	0.939717248644292	
9.2	-14	1.0240063554076	
9.2	-12	1.10380687668846	
9.2	-11	1.14095943442557	
9.2	-10	1.17594892588813	
9.2	-9	1.2084771216315	
9.2	-8	1.23826710958617	
9.2	-7	1.26520745163208	
9.2	-6	1.28896935701469	
9.2	-5	1.30939184349054	
9.2	-4	1.32629609010961	
9.2	-3	1.3395690419082	
9.2	-2	1.3490850654223	
9.2	-1.5	1.35241128133845	
9.2	-1	1.35484986990696	
9.2	-0.5	1.35628465965341	
9.2	0	1.35679645026957	

9.4	-24	0.621272419547871	
9.4	-22	0.700287451310107	
9.4	-20	0.782882319470155	
9.4	-18	0.867767336427662	
9.4	-16	0.952645187819791	
9.4	-14	1.03499696833144	
9.4	-12	1.11259065619419	
9.4	-11	1.1485891049425	
9.4	-10	1.1825817407834	
9.4	-9	1.21423523614564	
9.4	-8	1.24313443707445	
9.4	-7	1.2692516075991	
9.4	-6	1.29226496798766	
9.4	-5	1.31205586020774	
9.4	-4	1.32842714002265	
9.4	-3	1.34128437684203	
9.4	-2	1.35053049744188	
9.4	-1.5	1.3538003670782	
9.4	-1	1.35611486482042	
9.4	-0.5	1.35750320113916	
9.4	0	1.35795649485181	

9.6	-24	0.638364419214715	
9.6	-22	0.71660902254803	
9.6	-20	0.798265077112546	
9.6	-18	0.881364512365279	
9.6	-16	0.964685000999969	
9.6	-14	1.0450232629581	
9.6	-12	1.12073732772864	
9.6	-11	1.15584705733967	
9.6	-10	1.18900067271759	
9.6	-9	1.21964806776095	
9.6	-8	1.24775852376107	
9.6	-7	1.27308694935378	
9.6	-6	1.2954108947901	
9.6	-5	1.31457384800835	
9.6	-4	1.33047605784126	
9.6	-3	1.34299433474185	
9.6	-2	1.35194381277097	
9.6	-1.5	1.35508557239302	
9.6	-1	1.3573081719833	
9.6	-0.5	1.35865840160883	
9.6	0	1.35909001028624	

9.8	-24	0.654888056115438	
9.8	-22	0.73274604783354	
9.8	-20	0.81317154336723	
9.8	-18	0.895202363464869	
9.8	-16	0.976683273554454	
9.8	-14	1.05510981255025	
9.8	-12	1.12867229348505	
9.8	-11	1.16289093586015	
9.8	-10	1.19511379661548	
9.8	-9	1.22485060269607	
9.8	-8	1.25218004132956	
9.8	-7	1.2767270371669	
9.8	-6	1.29839916568226	
9.8	-5	1.3169788817246	
9.8	-4	1.33236643412657	
9.8	-3	1.34445500505491	
9.8	-2	1.35318839292074	
9.8	-1.5	1.35630345054672	
9.8	-1	1.35842779921444	
9.8	-0.5	1.35981287541358	
9.8	0	1.36020716315951	

10	-24	0.670845770534013	
10	-22	0.748378539087229	
10	-20	0.827837617937431	
10	-18	0.908062073600065	
10	-16	0.988170488546136	
10	-14	1.0646186184593	
10	-12	1.13623299517283	
10	-11	1.16965658020639	
10	-10	1.20087674019484	
10	-9	1.22985238907144	
10	-8	1.25637206278522	
10	-7	1.28022840886083	
10	-6	1.30124338369991	
10	-5	1.31927673770847	
10	-4	1.3341594244339	
10	-3	1.34592091350463	
10	-2	1.35435247289353	
10	-1.5	1.3573095453324	
10	-1	1.35943470208955	
10	-0.5	1.36077038265036	
10	0	1.36114052814093	

10.2	-24	0.686549966841173	
10.2	-22	0.763395505037573	
10.2	-20	0.841741517836651	
10.2	-18	0.920655792095188	
10.2	-16	0.999062226696638	
10.2	-14	1.07378410219906	
10.2	-12	1.14359992906432	
10.2	-11	1.17614669336967	
10.2	-10	1.20646397237051	
10.2	-9	1.23459666300667	
10.2	-8	1.26040486792115	
10.2	-7	1.28354586388007	
10.2	-6	1.30395737344265	
10.2	-5	1.32146809649559	
10.2	-4	1.33594819578776	
10.2	-3	1.34729283953097	
10.2	-2	1.35546755881596	
10.2	-1.5	1.35833254902242	
10.2	-1	1.36039433735564	
10.2	-0.5	1.36164753995672	
10.2	0	1.36207521205996	

10.4	-24	0.70227756777582	
10.4	-22	0.77798373039145	
10.4	-20	0.855298487508082	
10.4	-18	0.932776110823923	
10.4	-16	1.00941346073671	
10.4	-14	1.08246599448358	
10.4	-12	1.150719065459	
10.4	-11	1.18231488726775	
10.4	-10	1.21178087738532	
10.4	-9	1.23920084659509	
10.4	-8	1.26422817260051	
10.4	-7	1.28673221649864	
10.4	-6	1.30655007632899	
10.4	-5	1.3235660265392	
10.4	-4	1.33761057814725	
10.4	-3	1.34864783356883	
10.4	-2	1.35657555477587	
10.4	-1.5	1.35937297002892	
10.4	-1	1.3613326192157	
10.4	-0.5	1.36253572313911	
10.4	0	1.36293193792622	

10.6	-24	0.717403167931055	
10.6	-22	0.792215436873434	
10.6	-20	0.868484524298924	
10.6	-18	0.944468525334361	
10.6	-16	1.01947528234721	
10.6	-14	1.09099941827779	
10.6	-12	1.15739191491555	
10.6	-11	1.1881726263673	
10.6	-10	1.21693775719808	
10.6	-9	1.24357899809907	
10.6	-8	1.26789072151106	
10.6	-7	1.28978617557173	
10.6	-6	1.30902405595095	
10.6	-5	1.32552799066664	
10.6	-4	1.33919443558691	
10.6	-3	1.34989929998574	
10.6	-2	1.35764701572559	
10.6	-1.5	1.36035109481007	
10.6	-1	1.36228160024394	
10.6	-0.5	1.36344660776231	
10.6	0	1.3638481560278	

10.8	-24	0.732105352978882	
10.8	-22	0.805982043299166	
10.8	-20	0.881121864220451	
10.8	-18	0.955569099038384	
10.8	-16	1.02915831834703	
10.8	-14	1.09902817547309	
10.8	-12	1.16386088838753	
10.8	-11	1.19373559215534	
10.8	-10	1.2218452646485	
10.8	-9	1.24775609175759	
10.8	-8	1.27144028287474	
10.8	-7	1.29268659653315	
10.8	-6	1.31138879775418	
10.8	-5	1.32743122369256	
10.8	-4	1.34070681609539	
10.8	-3	1.35115055137625	
10.8	-2	1.35860180986496	
10.8	-1.5	1.36123112040493	
10.8	-1	1.36309919410139	
10.8	-0.5	1.36421177017283	
10.8	0	1.36457827067435	

11	-24	0.746539482705373	
11	-22	0.819250158680537	
11	-20	0.893323769888666	
11	-18	0.966502631522548	
11	-16	1.03848241486768	
11	-14	1.10688876305426	
11	-12	1.17004627301371	
11	-11	1.19917915780465	
11	-10	1.22647827544675	
11	-9	1.25175759859627	
11	-8	1.27477395445799	
11	-7	1.29545783031052	
11	-6	1.31364500789765	
11	-5	1.32921439302905	
11	-4	1.34211768139314	
11	-3	1.35222874677237	
11	-2	1.35954165273378	
11	-1.5	1.36210729175089	
11	-1	1.36392123547598	
11	-0.5	1.36504124293509	
11	0	1.36541572529792	

11.2	-24	0.760127562029704	
11.2	-22	0.832250942849686	
11.2	-20	0.905216315082694	
11.2	-18	0.977027204588316	
11.2	-16	1.04750919607509	
11.2	-14	1.11441729112557	
11.2	-12	1.17607050814121	
11.2	-11	1.2044069389537	
11.2	-10	1.23106074183848	
11.2	-9	1.25557557583507	
11.2	-8	1.27800964566796	
11.2	-7	1.29812503766511	
11.2	-6	1.31581227378936	
11.2	-5	1.33093876404397	
11.2	-4	1.34344960934436	
11.2	-3	1.35329328008493	
11.2	-2	1.36036888230973	
11.2	-1.5	1.36287803330115	
11.2	-1	1.36462431752678	
11.2	-0.5	1.36569432362118	
11.2	0	1.36602799405655	

11.4	-24	0.773776059912964	
11.4	-22	0.844632009435338	
11.4	-20	0.91667283365278	
11.4	-18	0.987186017083971	
11.4	-16	1.0561739745384	
11.4	-14	1.12158512432638	
11.4	-12	1.18183249933742	
11.4	-11	1.2094359906633	
11.4	-10	1.23530081719967	
11.4	-9	1.25924823815028	
11.4	-8	1.28109117750269	
11.4	-7	1.30066492703492	
11.4	-6	1.31787834547144	
11.4	-5	1.33262694974359	
11.4	-4	1.34475229824183	
11.4	-3	1.35429472216472	
11.4	-2	1.36116908017972	
11.4	-1.5	1.36358946778214	
11.4	-1	1.36532203482447	
11.4	-0.5	1.36636460656302	
11.4	0	1.36669739200748	

11.6	-24	0.786841189219073	
11.6	-22	0.856884829584897	
11.6	-20	0.927848482318705	
11.6	-18	0.997107214666621	
11.6	-16	1.06445080929805	
11.6	-14	1.12843308829764	
11.6	-12	1.18721962649342	
11.6	-11	1.21424306841592	
11.6	-10	1.23945114796311	
11.6	-9	1.26282554577185	
11.6	-8	1.28404008667282	
11.6	-7	1.30310498859041	
11.6	-6	1.31985839542392	
11.6	-5	1.33420542434652	
11.6	-4	1.34606276607638	
11.6	-3	1.35531074778071	
11.6	-2	1.36196266538971	
11.6	-1.5	1.36431826874112	
11.6	-1	1.36598744287144	
11.6	-0.5	1.36700201389367	
11.6	0	1.36731897284118	

11.8	-24	0.799477291790648	
11.8	-22	0.868694094941101	
11.8	-20	0.938326730664201	
11.8	-18	1.00649719378809	
11.8	-16	1.07255883584589	
11.8	-14	1.13511622545603	
11.8	-12	1.19246642098831	
11.8	-11	1.2188874208902	
11.8	-10	1.24344461279196	
11.8	-9	1.266181969445	
11.8	-8	1.28687892508817	
11.8	-7	1.30545205434082	
11.8	-6	1.32176117684348	
11.8	-5	1.33571383717879	
11.8	-4	1.34727544519952	
11.8	-3	1.35629914792403	
11.8	-2	1.362824737654	
11.8	-1.5	1.36507563759269	
11.8	-1	1.36666677562572	
11.8	-0.5	1.36764655946626	
11.8	0	1.36797163825904	

12	-24	0.812047231374007	
12	-22	0.88014034422294	
12	-20	0.948782923039427	
12	-18	1.01555318515	
12	-16	1.08042574376461	
12	-14	1.14155815866375	
12	-12	1.197588289513	
12	-11	1.22332813052439	
12	-10	1.24730759453973	
12	-9	1.26941068415978	
12	-8	1.28962325864855	
12	-7	1.30769580468372	
12	-6	1.32357550530596	
12	-5	1.33717168665242	
12	-4	1.34837984096428	
12	-3	1.3572090853164	
12	-2	1.36354206545566	
12	-1.5	1.36573052694158	
12	-1	1.36731452194025	
12	-0.5	1.36827766672434	
12	0	1.36859955215487	

12.4	-24	0.835726434746049	
12.4	-22	0.902032728593572	
12.4	-20	0.968481710985607	
12.4	-18	1.03283247445734	
12.4	-16	1.09513916065137	
12.4	-14	1.15359474563003	
12.4	-12	1.20713511246578	
12.4	-11	1.23170688161709	
12.4	-10	1.25451374876931	
12.4	-9	1.27558854952351	
12.4	-8	1.29475030853085	
12.4	-7	1.31193061065361	
12.4	-6	1.32699958285137	
12.4	-5	1.33989586536162	
12.4	-4	1.35053560801296	
12.4	-3	1.35886857830298	
12.4	-2	1.364863167362	
12.4	-1.5	1.36698883627548	
12.4	-1	1.36847462569197	
12.4	-0.5	1.36936587872336	
12.4	0	1.36967735331444	

12.8	-24	0.858172669263286	
12.8	-22	0.922746540860107	
12.8	-20	0.98701358515566	
12.8	-18	1.04905377368396	
12.8	-16	1.10899146731573	
12.8	-14	1.16493976238702	
12.8	-12	1.21608329301091	
12.8	-11	1.23943394372854	
12.8	-10	1.26121929650012	
12.8	-9	1.28128988590693	
12.8	-8	1.29950848630459	
12.8	-7	1.3158290336381	
12.8	-6	1.3301506414274	
12.8	-5	1.34240401273546	
12.8	-4	1.35252069550892	
12.8	-3	1.36043029682244	
12.8	-2	1.36611422477217	
12.8	-1.5	1.36812186784726	
12.8	-1	1.36953344462549	
12.8	-0.5	1.37041612544815	
12.8	0	1.37069839117527	

13.2	-24	0.879525864880572	
13.2	-22	0.942465934407817	
13.2	-20	1.00437433053248	
13.2	-18	1.06419459935618	
13.2	-16	1.12189463956294	
13.2	-14	1.17548130218262	
13.2	-12	1.22430372660859	
13.2	-11	1.24666753022693	
13.2	-10	1.26740796977545	
13.2	-9	1.28655990206488	
13.2	-8	1.30389498657205	
13.2	-7	1.31944101122039	
13.2	-6	1.33306240987137	
13.2	-5	1.34472296511987	
13.2	-4	1.35433037687767	
13.2	-3	1.36185471694918	
13.2	-2	1.3672758548476	
13.2	-1.5	1.36917610478743	
13.2	-1	1.37050705977081	
13.2	-0.5	1.37134119825005	
13.2	0	1.37161200147949	

13.6	-24	0.899739088688207	
13.6	-22	0.96081038936	
13.6	-20	1.02079431427569	
13.6	-18	1.07848622808733	
13.6	-16	1.13389365032987	
13.6	-14	1.1853259141849	
13.6	-12	1.23198259570332	
13.6	-11	1.25335838564853	
13.6	-10	1.27318454833569	
13.6	-9	1.2914133971348	
13.6	-8	1.30797454354574	
13.6	-7	1.32278514041371	
13.6	-6	1.3357630584025	
13.6	-5	1.34684849626664	
13.6	-4	1.3559990083648	
13.6	-3	1.36313988705788	
13.6	-2	1.36832832103135	
13.6	-1.5	1.3701187120257	
13.6	-1	1.37139727501444	
13.6	-0.5	1.37219835129061	
13.6	0	1.37246490042405	

14	-24	0.918824076950423	
14	-22	0.977945337091756	
14	-20	1.03628568900483	
14	-18	1.09189267427498	
14	-16	1.14513130702286	
14	-14	1.19442081217674	
14	-12	1.23914959059609	
14	-11	1.25958374938844	
14	-10	1.27853573491476	
14	-9	1.29596212171275	
14	-8	1.31176770795127	
14	-7	1.32588912609963	
14	-6	1.33825700133735	
14	-5	1.34883066419269	
14	-4	1.35754027580262	
14	-3	1.36435098639005	
14	-2	1.36927925715231	
14	-1.5	1.37098529437718	
14	-1	1.37219588155301	
14	-0.5	1.37294796885108	
14	0	1.37318205190065	

14.4	-24	0.937011933302755	
14.4	-22	0.994402932598673	
14.4	-20	1.05081639657694	
14.4	-18	1.10452117158973	
14.4	-16	1.15561453574993	
14.4	-14	1.20302073328189	
14.4	-12	1.24584470968731	
14.4	-11	1.26536559681437	
14.4	-10	1.28352843155222	
14.4	-9	1.30017986567939	
14.4	-8	1.31529202575879	
14.4	-7	1.32877664120505	
14.4	-6	1.34057954947076	
14.4	-5	1.35067078601705	
14.4	-4	1.35895459477468	
14.4	-3	1.36546796170089	
14.4	-2	1.37015058235527	
14.4	-1.5	1.37178295270345	
14.4	-1	1.37293424014833	
14.4	-0.5	1.37365526901773	
14.4	0	1.37388209802787	

14.8	-24	0.954103336799448	
14.8	-22	1.00988088726686	
14.8	-20	1.06436181944399	
14.8	-18	1.11633763701983	
14.8	-16	1.16547145397263	
14.8	-14	1.21107433323339	
14.8	-12	1.25218910682959	
14.8	-11	1.27086350264337	
14.8	-10	1.28818255856299	
14.8	-9	1.30412477022733	
14.8	-8	1.31856579241349	
14.8	-7	1.3314636588012	
14.8	-6	1.34273872579763	
14.8	-5	1.35236650865855	
14.8	-4	1.36029824055419	
14.8	-3	1.36650638285916	
14.8	-2	1.37095720813731	
14.8	-1.5	1.37251806713294	
14.8	-1	1.37364633940737	
14.8	-0.5	1.37431620066003	
14.8	0	1.3745467969943	

15.2	-24	0.970436168832616	
15.2	-22	1.02454919669842	
15.2	-20	1.07716620512188	
15.2	-18	1.12751531298841	
15.2	-16	1.17482075494355	
15.2	-14	1.21859707263788	
15.2	-12	1.25805465469019	
15.2	-11	1.2759890066401	
15.2	-10	1.29258561973551	
15.2	-9	1.30780125499438	
15.2	-8	1.32163437446862	
15.2	-7	1.33396940747769	
15.2	-6	1.34475977905425	
15.2	-5	1.35396313672891	
15.2	-4	1.36153738073345	
15.2	-3	1.36745177225286	
15.2	-2	1.37171978664719	
15.2	-1.5	1.37320744127779	
15.2	-1	1.37426957627162	
15.2	-0.5	1.37492030302715	
15.2	0	1.37512549782551	

15.6	-24	0.985850100510522	
15.6	-22	1.03847039513319	
15.6	-20	1.0893586310678	
15.6	-18	1.13791587198347	
15.6	-16	1.18358322185597	
15.6	-14	1.22567695145183	
15.6	-12	1.26355699026085	
15.6	-11	1.28073472823678	
15.6	-10	1.29666792739867	
15.6	-9	1.31125859244031	
15.6	-8	1.3244990811744	
15.6	-7	1.33631291602644	
15.6	-6	1.34662845568524	
15.6	-5	1.35544815539438	
15.6	-4	1.36269380946032	
15.6	-3	1.36838429224592	
15.6	-2	1.37245593191832	
15.6	-1.5	1.37388176486694	
15.6	-1	1.3748958451855	
15.6	-0.5	1.3755213756925	
15.6	0	1.37571072541642	

16	-24	1.00066985421274	
16	-22	1.05167148013345	
16	-20	1.10085846067263	
16	-18	1.14792167244058	
16	-16	1.19178322967735	
16	-14	1.23228626672182	
16	-12	1.26873681145101	
16	-11	1.28521142325723	
16	-10	1.30048863800455	
16	-9	1.31449598073656	
16	-8	1.32718099674672	
16	-7	1.33850290656899	
16	-6	1.34839665152204	
16	-5	1.35684063493235	
16	-4	1.36376690481833	
16	-3	1.36919876615915	
16	-2	1.37310457414831	
16	-1.5	1.37446141604836	
16	-1	1.37543992482351	
16	-0.5	1.3760288710741	
16	0	1.37622619588202	

16.8	-24	1.02780996946699	
16.8	-22	1.07582997988288	
16.8	-20	1.12205451941135	
16.8	-18	1.16592117054142	
16.8	-16	1.20682189675028	
16.8	-14	1.24440428141143	
16.8	-12	1.27809927960242	
16.8	-11	1.29336035799363	
16.8	-10	1.30746002205331	
16.8	-9	1.32037031784589	
16.8	-8	1.33206281981835	
16.8	-7	1.34247637861235	
16.8	-6	1.35156984272479	
16.8	-5	1.35933381302196	
16.8	-4	1.36572290297106	
16.8	-3	1.37073297308603	
16.8	-2	1.37428639383394	
16.8	-1.5	1.37555120513301	
16.8	-1	1.3764279252705	
16.8	-0.5	1.3769804007059	
16.8	0	1.3771505248245	

17.6	-24	1.05231843587056	
17.6	-22	1.09762658540105	
17.6	-20	1.14104113004587	
17.6	-18	1.18195466743808	
17.6	-16	1.22030530599611	
17.6	-14	1.25518748288322	
17.6	-12	1.28646113746749	
17.6	-11	1.30058212652554	
17.6	-10	1.31362078526013	
17.6	-9	1.32556404613937	
17.6	-8	1.33636557340522	
17.6	-7	1.34598166270362	
17.6	-6	1.35437197663145	
17.6	-5	1.36152886055531	
17.6	-4	1.36741216144356	
17.6	-3	1.37200087630553	
17.6	-2	1.37529936712972	
17.6	-1.5	1.37645968271756	
17.6	-1	1.37728435845399	
17.6	-0.5	1.37778281238412	
17.6	0	1.37794857510689	

18.4	-24	1.07469816557918	
18.4	-22	1.11728431157158	
18.4	-20	1.15801917072641	
18.4	-18	1.1965317129056	
18.4	-16	1.2322629647231	
18.4	-14	1.26485196407186	
18.4	-12	1.2938796933004	
18.4	-11	1.30701207510919	
18.4	-10	1.31910724512013	
18.4	-9	1.33017347264588	
18.4	-8	1.34017942439697	
18.4	-7	1.34908595232452	
18.4	-6	1.35684882949624	
18.4	-5	1.36346651339554	
18.4	-4	1.36889807308485	
18.4	-3	1.37315106582893	
18.4	-2	1.3761956257613	
18.4	-1.5	1.37727392774081	
18.4	-1	1.37801825680691	
18.4	-0.5	1.37849298449261	
18.4	0	1.3786391327558	

19.2	-24	1.09496252249747	
19.2	-22	1.13512572846721	
19.2	-20	1.17352031962289	
19.2	-18	1.20963694708557	
19.2	-16	1.24298364757532	
19.2	-14	1.27341357639074	
19.2	-12	1.30054218916385	
19.2	-11	1.31274996330513	
19.2	-10	1.32400341048413	
19.2	-9	1.33428494504922	
19.2	-8	1.34357972556033	
19.2	-7	1.35184509280044	
19.2	-6	1.35905160930224	
19.2	-5	1.36519400858299	
19.2	-4	1.37022625255155	
19.2	-3	1.3741650487892	
19.2	-2	1.37699117133233	
19.2	-1.5	1.37800100544205	
19.2	-1	1.37870027442244	
19.2	-0.5	1.3791393583342	
19.2	0	1.37927539858815	

20	-24	1.11330188596265	
20	-22	1.15132722374542	
20	-20	1.18754006305348	
20	-18	1.22135004376189	
20	-16	1.25279417396501	
20	-14	1.28117322617137	
20	-12	1.30649036288338	
20	-11	1.31789516834947	
20	-10	1.32838902021305	
20	-9	1.33797423354362	
20	-8	1.34662188331366	
20	-7	1.35431278295157	
20	-6	1.36102045458438	
20	-5	1.36673075294593	
20	-4	1.37140968243269	
20	-3	1.37508293146424	
20	-2	1.3777062706066	
20	-1.5	1.37862726577568	
20	-1	1.37927892602563	
20	-0.5	1.3796735138819	
20	0	1.37981057459979	

20.8	-24	1.1301055109798	
20.8	-22	1.16606593711024	
20.8	-20	1.20008308328824	
20.8	-18	1.23201739224124	
20.8	-16	1.26145136285154	
20.8	-14	1.28822540539062	
20.8	-12	1.31186418968395	
20.8	-11	1.32250144575602	
20.8	-10	1.33233187920793	
20.8	-9	1.34127250006228	
20.8	-8	1.34935213578863	
20.8	-7	1.35652502778347	
20.8	-6	1.36278019035471	
20.8	-5	1.36809857564716	
20.8	-4	1.37244942376591	
20.8	-3	1.37587009129211	
20.8	-2	1.37830438647476	
20.8	-1.5	1.37917233556363	
20.8	-1	1.37977055752466	
20.8	-0.5	1.38015220247465	
20.8	0	1.38026494627844	

21.6	-24	1.14544729464251	
21.6	-22	1.17955855796961	
21.6	-20	1.21172712630505	
21.6	-18	1.24172952676024	
21.6	-16	1.26942127173601	
21.6	-14	1.29448275251991	
21.6	-12	1.3167370328253	
21.6	-11	1.32669968049883	
21.6	-10	1.33588098026763	
21.6	-9	1.3442545526434	
21.6	-8	1.35181365483824	
21.6	-7	1.35852960574615	
21.6	-6	1.36436858677763	
21.6	-5	1.36934061012861	
21.6	-4	1.37341963344488	
21.6	-3	1.37661338715155	
21.6	-2	1.37889521130277	
21.6	-1.5	1.37967951833492	
21.6	-1	1.38025967205468	
21.6	-0.5	1.38060923766596	
21.6	0	1.38071801867272	

22.4	-24	1.15942923611613	
22.4	-22	1.19178350585593	
22.4	-20	1.22224901380576	
22.4	-18	1.25061577947168	
22.4	-16	1.27667007126234	
22.4	-14	1.30024256974744	
22.4	-12	1.32111487952714	
22.4	-11	1.33048537100054	
22.4	-10	1.33910851831099	
22.4	-9	1.34695721461723	
22.4	-8	1.35403662753427	
22.4	-7	1.36032634959474	
22.4	-6	1.36579610805421	
22.4	-5	1.37045364213093	
22.4	-4	1.37427445509546	
22.4	-3	1.37726345888059	
22.4	-2	1.3794023580982	
22.4	-1.5	1.38015147938532	
22.4	-1	1.38068044559628	
22.4	-0.5	1.38100887246227	
22.4	0	1.38111660784516	

23.2	-24	1.17230815461566	
23.2	-22	1.20297556709774	
23.2	-20	1.2318452271136	
23.2	-18	1.25866239519202	
23.2	-16	1.28324943116197	
23.2	-14	1.30548705581263	
23.2	-12	1.32511853647822	
23.2	-11	1.33392379448771	
23.2	-10	1.34202469519583	
23.2	-9	1.34940343096066	
23.2	-8	1.35605569474116	
23.2	-7	1.36195985087381	
23.2	-6	1.36709010075721	
23.2	-5	1.37145742955655	
23.2	-4	1.37503497187836	
23.2	-3	1.3778363247567	
23.2	-2	1.37984064868284	
23.2	-1.5	1.38054125617816	
23.2	-1	1.3810364469501	
23.2	-0.5	1.38134210827728	
23.2	0	1.38143857052721	

24	-24	1.18424377274051	
24	-22	1.21325465373025	
24	-20	1.24066552998828	
24	-18	1.26603318637326	
24	-16	1.2892916205191	
24	-14	1.31024725796694	
24	-12	1.32876575064733	
24	-11	1.3370657907549	
24	-10	1.34469054413767	
24	-9	1.35163262788037	
24	-8	1.35789214214353	
24	-7	1.36344779027904	
24	-6	1.36827767236379	
24	-5	1.37238429817535	
24	-4	1.37575080327758	
24	-3	1.3783838348867	
24	-2	1.38026882528078	
24	-1.5	1.38092061450499	
24	-1	1.38137885254769	
24	-0.5	1.38167968286382	
24	0	1.38177216164068	

24.8	-24	1.19522303553128	
24.8	-22	1.22273809400769	
24.8	-20	1.24870666073382	
24.8	-18	1.27278248007014	
24.8	-16	1.29481498470018	
24.8	-14	1.31462051908568	
24.8	-12	1.33210203357904	
24.8	-11	1.33992834269601	
24.8	-10	1.34712100815919	
24.8	-9	1.35366740068183	
24.8	-8	1.35956655475521	
24.8	-7	1.36479905914594	
24.8	-6	1.36934801437869	
24.8	-5	1.37321912723861	
24.8	-4	1.37638856545246	
24.8	-3	1.37886338610918	
24.8	-2	1.38064377690661	
24.8	-1.5	1.38126101382245	
24.8	-1	1.38170363567812	
24.8	-0.5	1.38197438129775	
24.8	0	1.38206317118387	

25.6	-24	1.20530393029867	
25.6	-22	1.23159815608736	
25.6	-20	1.25618316217134	
25.6	-18	1.27900784467466	
25.6	-16	1.29986382190273	
25.6	-14	1.31862252230671	
25.6	-12	1.33515475068275	
25.6	-11	1.34255459538602	
25.6	-10	1.34934802094125	
25.6	-9	1.35552962089032	
25.6	-8	1.36109835035271	
25.6	-7	1.36603725861907	
25.6	-6	1.37033095427716	
25.6	-5	1.37398490599688	
25.6	-4	1.37697361469836	
25.6	-3	1.37931517014285	
25.6	-2	1.38098848840099	
25.6	-1.5	1.38157480999311	
25.6	-1	1.38198810395937	
25.6	-0.5	1.38224591195395	
25.6	0	1.38232557405814	

26.4	-24	1.21466603862321	
26.4	-22	1.23968825636732	
26.4	-20	1.26310493950138	
26.4	-18	1.28472283447648	
26.4	-16	1.30452742104126	
26.4	-14	1.3223166603138	
26.4	-12	1.33795751063281	
26.4	-11	1.34496247800464	
26.4	-10	1.35139295182147	
26.4	-9	1.35723760208103	
26.4	-8	1.36250430768353	
26.4	-7	1.36717473319499	
26.4	-6	1.37123133318713	
26.4	-5	1.37468034562126	
26.4	-4	1.37750527212739	
26.4	-3	1.37971950978896	
26.4	-2	1.38129420483302	
26.4	-1.5	1.38184956241827	
26.4	-1	1.3822375082047	
26.4	-0.5	1.38248339215463	
26.4	0	1.38255313037142	

27.2	-24	1.22330279978045	
27.2	-22	1.24713634717109	
27.2	-20	1.2694625761924	
27.2	-18	1.2900610670995	
27.2	-16	1.30882438229578	
27.2	-14	1.32569944918082	
27.2	-12	1.34054232976185	
27.2	-11	1.34718488214114	
27.2	-10	1.35327212149211	
27.2	-9	1.35880876377967	
27.2	-8	1.36379731437081	
27.2	-7	1.36821824371306	
27.2	-6	1.37205833505764	
27.2	-5	1.37532322930661	
27.2	-4	1.37798657661241	
27.2	-3	1.38007177480085	
27.2	-2	1.38156832967074	
27.2	-1.5	1.38208588591917	
27.2	-1	1.3824563303827	
27.2	-0.5	1.38268609370881	
27.2	0	1.38275851866758	

28	-24	1.23135292900342	
28	-22	1.25407009388473	
28	-20	1.27532871192165	
28	-18	1.29494785888692	
28	-16	1.31283683748581	
28	-14	1.32883626332921	
28	-12	1.34292641001625	
28	-11	1.34922690944233	
28	-10	1.35500427200373	
28	-9	1.36025596678136	
28	-8	1.3649847165487	
28	-7	1.36917454272642	
28	-6	1.37281476497517	
28	-5	1.37590660359771	
28	-4	1.37843863732758	
28	-3	1.38042006009788	
28	-2	1.38183262354154	
28	-1.5	1.38233148280841	
28	-1	1.38267808500238	
28	-0.5	1.38289842735774	
28	0	1.38297056241927	

28.8	-24	1.23879630887476	
28.8	-22	1.26052460554845	
28.8	-20	1.28076674791509	
28.8	-18	1.29946977795249	
28.8	-16	1.31650024906105	
28.8	-14	1.33174716033139	
28.8	-12	1.34513571129956	
28.8	-11	1.35111971090623	
28.8	-10	1.35660592743563	
28.8	-9	1.36159197082302	
28.8	-8	1.36608443733737	
28.8	-7	1.37006389746699	
28.8	-6	1.37351382541569	
28.8	-5	1.376453822983	
28.8	-4	1.37884824194885	
28.8	-3	1.38073106661744	
28.8	-2	1.38207820316489	
28.8	-1.5	1.3825448419735	
28.8	-1	1.38287401341892	
28.8	-0.5	1.3830851297931	
28.8	0	1.38314888399942	

29.6	-24	1.24574804540981	
29.6	-22	1.26648169082452	
29.6	-20	1.28584912093516	
29.6	-18	1.30365928689296	
29.6	-16	1.31989683167399	
29.6	-14	1.33442725974892	
29.6	-12	1.34717741459212	
29.6	-11	1.35287050557491	
29.6	-10	1.35808923960171	
29.6	-9	1.36282903468991	
29.6	-8	1.36709648710847	
29.6	-7	1.37087600320197	
29.6	-6	1.37416420868151	
29.6	-5	1.37695248440389	
29.6	-4	1.37923915687619	
29.6	-3	1.38101546800393	
29.6	-2	1.38230232677721	
29.6	-1.5	1.38274937530312	
29.6	-1	1.38305676454768	
29.6	-0.5	1.38325938722288	
29.6	0	1.38332245643739	

30.4	-24	1.25228869997175	
30.4	-22	1.27209402370562	
30.4	-20	1.290564800675	
30.4	-18	1.30759132018264	
30.4	-16	1.32306715314286	
30.4	-14	1.33692360792435	
30.4	-12	1.34906926025254	
30.4	-11	1.35449353529045	
30.4	-10	1.35946278785013	
30.4	-9	1.36397656952716	
30.4	-8	1.36804027651939	
30.4	-7	1.37163844851264	
30.4	-6	1.37476044412084	
30.4	-5	1.37741717869131	
30.4	-4	1.37958297730931	
30.4	-3	1.38128188382351	
30.4	-2	1.38249533821924	
30.4	-1.5	1.38291851864961	
30.4	-1	1.38321824075811	
30.4	-0.5	1.38340429576975	
30.4	0	1.38346606489156	

31.2	-24	1.25831423381652	
31.2	-22	1.27731749946653	
31.2	-20	1.29497706199055	
31.2	-18	1.31124217504403	
31.2	-16	1.32602063111967	
31.2	-14	1.33923088072059	
31.2	-12	1.3508259176529	
31.2	-11	1.35600037343712	
31.2	-10	1.36074013255996	
31.2	-9	1.3650416944974	
31.2	-8	1.36891409201529	
31.2	-7	1.37234550136748	
31.2	-6	1.37531976137714	
31.2	-5	1.37784772245287	
31.2	-4	1.37991358036456	
31.2	-3	1.38153072901166	
31.2	-2	1.38269197265457	
31.2	-1.5	1.38309804172017	
31.2	-1	1.38337513267296	
31.2	-0.5	1.38356021358997	
31.2	0	1.38361256658404	

32	-24	1.26395409226218	
32	-22	1.28216047990379	
32	-20	1.29909475051749	
32	-18	1.31464121758257	
32	-16	1.32877337330194	
32	-14	1.34140447802812	
32	-12	1.35246777767736	
32	-11	1.35740665124614	
32	-10	1.36192855061803	
32	-9	1.3660340261182	
32	-8	1.36972964202627	
32	-7	1.37300224541119	
32	-6	1.37584010571243	
32	-5	1.37825268085918	
32	-4	1.38022353367612	
32	-3	1.38175922225472	
32	-2	1.38286983025894	
32	-1.5	1.38325532859381	
32	-1	1.38351919097983	
32	-0.5	1.38369623348042	
32	0	1.38374738386589	

32.4	0	1.38381372011739	

32.8	-24	1.26928312867446	
32.8	-22	1.28671342750024	
32.8	-20	1.30293463718829	
32.8	-18	1.31783909631672	
32.8	-16	1.33135072666962	
32.8	-14	1.34342563028143	
32.8	-12	1.3539992754034	
32.8	-11	1.35871573025308	
32.8	-10	1.36303675520928	
32.8	-9	1.36695654224955	
32.8	-8	1.37048770534349	
32.8	-7	1.37361449883573	
32.8	-6	1.37632537736037	
32.8	-5	1.37862689746466	
32.8	-4	1.38050299236246	
32.8	-3	1.38198219656999	
32.8	-2	1.38303255457914	
32.8	-1.5	1.38340866971037	
32.8	-1	1.38366240811423	
32.8	-0.5	1.38383028347121	

33.6	-24	1.27426108060241	
33.6	-22	1.29097767019138	
33.6	-20	1.30651938916325	
33.6	-18	1.32079502267469	
33.6	-16	1.33375692762005	
33.6	-14	1.34530981800593	
33.6	-12	1.35542615182453	
33.6	-11	1.35993976552332	
33.6	-10	1.36407108249343	
33.6	-9	1.36782007812466	
33.6	-8	1.37119135395085	
33.6	-7	1.37418259870141	
33.6	-6	1.37677100140526	
33.6	-5	1.3789702876311	
33.6	-4	1.38077192107753	
33.6	-3	1.38217991700251	
33.6	-2	1.38318997183782	
33.6	-1.5	1.38353786270229	
33.6	-1	1.38378277536788	
33.6	-0.5	1.38394007791399	
33.6	0	1.38398864835716	

34.4	-24	1.27895406202763	
34.4	-22	1.29503026912575	
34.4	-20	1.30992007566148	
34.4	-18	1.32359938753409	
34.4	-16	1.33599867827567	
34.4	-14	1.3470778409082	
34.4	-12	1.35676409604337	
34.4	-11	1.3610858185261	
34.4	-10	1.36503871548917	
34.4	-9	1.36862470358837	
34.4	-8	1.37185550233287	
34.4	-7	1.37471309384536	
34.4	-6	1.37719284446365	
34.4	-5	1.37929089070997	
34.4	-4	1.38101593237194	
34.4	-3	1.38235274852623	
34.4	-2	1.38332503689604	
34.4	-1.5	1.38365883886632	
34.4	-1	1.38388619188929	
34.4	-0.5	1.38404493566895	
34.4	0	1.38409088833482	

35.2	-24	1.28331867971924	
35.2	-22	1.29876577864758	
35.2	-20	1.31309475587987	
35.2	-18	1.32620881296524	
35.2	-16	1.3381081966223	
35.2	-14	1.34872733898203	
35.2	-12	1.3580162202787	
35.2	-11	1.3621563255585	
35.2	-10	1.36594473250896	
35.2	-9	1.3693799093582	
35.2	-8	1.37247167898018	
35.2	-7	1.37521047214536	
35.2	-6	1.37758148232993	
35.2	-5	1.37959975493452	
35.2	-4	1.3812408273673	
35.2	-3	1.38253241162945	
35.2	-2	1.38345297356787	
35.2	-1.5	1.38377200476463	
35.2	-1	1.38399746114394	
35.2	-0.5	1.38414057204293	
35.2	0	1.38418135205861	

36	-24	1.28744565132014	
36	-22	1.30229615210408	
36	-20	1.31606549903779	
36	-18	1.3286763888725	
36	-16	1.34010586510351	
36	-14	1.3502915060615	
36	-12	1.35919407895138	
36	-11	1.36316266015057	
36	-10	1.36679336382615	
36	-9	1.37008634367037	
36	-8	1.37305052364299	
36	-7	1.37567869416427	
36	-6	1.37794559883262	
36	-5	1.37988381187594	
36	-4	1.38145224078933	
36	-3	1.38269432857282	
36	-2	1.38358129357742	
36	-1.5	1.38388692532649	
36	-1	1.3841022970042	
36	-0.5	1.38424082905106	
36	0	1.38428315406764	

36.8	-24	1.2913041584483	
36.8	-22	1.30561617601345	
36.8	-20	1.31886341401234	
36.8	-18	1.33099582304003	
36.8	-16	1.34196341253698	
36.8	-14	1.35174931211727	
36.8	-12	1.36029549702085	
36.8	-11	1.36410632460928	
36.8	-10	1.36759125317769	
36.8	-9	1.37075065620743	
36.8	-8	1.37359653470511	
36.8	-7	1.37611376668472	
36.8	-6	1.37829599760415	
36.8	-5	1.38014338280438	
36.8	-4	1.38165900738233	
36.8	-3	1.38283752116588	
36.8	-2	1.3836926167426	
36.8	-1.5	1.38398396219556	
36.8	-1	1.38418713557318	
36.8	-0.5	1.38432099709529	
36.8	0	1.38436392652455	

37.6	-24	1.29496849337308	
37.6	-22	1.30874188802473	
37.6	-20	1.32149856947689	
37.6	-18	1.33317284256053	
37.6	-16	1.34372600747364	
37.6	-14	1.35312216083896	
37.6	-12	1.36133435436247	
37.6	-11	1.36499399332097	
37.6	-10	1.36834015309247	
37.6	-9	1.37137369104789	
37.6	-8	1.37410596300771	
37.6	-7	1.37652345995129	
37.6	-6	1.37861574115758	
37.6	-5	1.38039446778717	
37.6	-4	1.38184842331074	
37.6	-3	1.38298365584476	
37.6	-2	1.38380229839166	
37.6	-1.5	1.38408157348074	
37.6	-1	1.38428380595542	
37.6	-0.5	1.38440729072711	
37.6	0	1.3844474781086	

38.4	-24	1.29842341059455	
38.4	-22	1.31167994404674	
38.4	-20	1.32397002931209	
38.4	-18	1.33519744377869	
38.4	-16	1.34537438426045	
38.4	-14	1.35441710350843	
38.4	-12	1.36231181160912	
38.4	-11	1.36582939268233	
38.4	-10	1.36904465287494	
38.4	-9	1.37196055489878	
38.4	-8	1.37458229645223	
38.4	-7	1.37690831632418	
38.4	-6	1.37892222620557	
38.4	-5	1.38063047653829	
38.4	-4	1.38202085075611	
38.4	-3	1.38311545019975	
38.4	-2	1.38389840720707	
38.4	-1.5	1.38416536604607	
38.4	-1	1.38435938768533	
38.4	-0.5	1.38447855650217	
38.4	0	1.38451821754234	

39.2	-24	1.30169625863357	
39.2	-22	1.31448844573392	
39.2	-20	1.32631830850387	
39.2	-18	1.33713756417353	
39.2	-16	1.34692222270829	
39.2	-14	1.35562895066151	
39.2	-12	1.36323158654752	
39.2	-11	1.36661684333879	
39.2	-10	1.36970962495869	
39.2	-9	1.37251624475319	
39.2	-8	1.37503710643644	
39.2	-7	1.37727544278155	
39.2	-6	1.37920357641986	
39.2	-5	1.38084615431398	
39.2	-4	1.38218817629391	
39.2	-3	1.38323524827089	
39.2	-2	1.38398944136235	
39.2	-1.5	1.38424946696071	
39.2	-1	1.38443444188237	
39.2	-0.5	1.38454977035147	
39.2	0	1.38459120979952	

40	-24	1.30478	
40	-22	1.31712	
40	-20	1.32853	
40	-18	1.33896	
40	-16	1.34839	
40	-14	1.35678	
40	-12	1.3641	
40	-11	1.36736	
40	-10	1.37034	
40	-9	1.37304	
40	-8	1.37547	
40	-7	1.37762	
40	-6	1.37948	
40	-5	1.38106	
40	-4	1.38235	
40	-3	1.38336	
40	-2	1.38408	
40	-1.5	1.38433	
40	-1	1.38451	
40	-0.5	1.38462	
40	0	1.38466	

