0.3	-24	-0.00837421064328537	
0.3	-22	-0.0068989409533246	
0.3	-20	-0.00550812211423069	
0.3	-18	-0.00464433980485716	
0.3	-16	-0.00363982797095007	
0.3	-14	-0.00259378442251371	
0.3	-12	-0.00185210302074965	
0.3	-11	0.000165899112824202	
0.3	-10	0.0164341039079916	
0.3	-9	0.0562121678593245	
0.3	-8	0.0845005014846118	
0.3	-7	0.132978507002459	
0.3	-6	0.201558105885647	
0.3	-5	0.285101372575032	
0.3	-4	0.359261091287444	
0.3	-3	0.408754997617991	
0.3	-2	0.475033525674602	
0.3	-1.5	0.502592158684269	
0.3	-1	0.533667495374647	
0.3	-0.5	0.553028377808785	
0.3	0	0.555300897256087	

0.35	-24	-0.00462052290452511	
0.35	-22	-0.00375467132217492	
0.35	-20	-0.002979900448721	
0.35	-18	-0.00267254850395891	
0.35	-16	-0.00212884900405076	
0.35	-14	-0.00150733192426817	
0.35	-12	-0.000961985202501014	
0.35	-11	0.00181868295948725	
0.35	-10	0.0207368796875907	
0.35	-9	0.0637519780753516	
0.35	-8	0.107008915567875	
0.35	-7	0.160560251163625	
0.35	-6	0.238517009326124	
0.35	-5	0.320481573639031	
0.35	-4	0.388709292444035	
0.35	-3	0.458741850617421	
0.35	-2	0.520500245842769	
0.35	-1.5	0.547793496865568	
0.35	-1	0.573091015736919	
0.35	-0.5	0.592516373881736	
0.35	0	0.594464896598888	

0.4	-24	-0.00271788187243745	
0.4	-22	-0.00220799643454203	
0.4	-20	-0.00171533486450139	
0.4	-18	-0.00169995827729724	
0.4	-16	-0.00140147652051439	
0.4	-14	-0.00100786349496995	
0.4	-12	-0.000287979025692916	
0.4	-11	0.00398315101812246	
0.4	-10	0.0263717960080208	
0.4	-9	0.072406409407164	
0.4	-8	0.125288801580959	
0.4	-7	0.183363069333863	
0.4	-6	0.26806469055695	
0.4	-5	0.356043392785449	
0.4	-4	0.432015766998157	
0.4	-3	0.502603609840156	
0.4	-2	0.558593205602364	
0.4	-1.5	0.590148639916494	
0.4	-1	0.613683401906732	
0.4	-0.5	0.622685155013807	
0.4	0	0.626275955446395	

0.5	-24	-0.0011015099899055	
0.5	-22	-0.000887673159864152	
0.5	-20	-0.000685302505172906	
0.5	-18	-0.000898340456574674	
0.5	-16	-0.000809028355169533	
0.5	-14	-0.000565758122105585	
0.5	-12	0.00138783546334282	
0.5	-11	0.0107174724692775	
0.5	-10	0.0390822212874646	
0.5	-9	0.0905256414879594	
0.5	-8	0.157278554079517	
0.5	-7	0.236516905496279	
0.5	-6	0.332088448030077	
0.5	-5	0.423766421207599	
0.5	-4	0.503161177767779	
0.5	-3	0.572797616084078	
0.5	-2	0.626773480869195	
0.5	-1.5	0.640503695380907	
0.5	-1	0.654317769082957	
0.5	-0.5	0.66610151833128	
0.5	0	0.673603396308712	

0.6	-24	-0.000530541419162668	
0.6	-22	-0.000398807215596565	
0.6	-20	-0.000332762026600475	
0.6	-18	-0.000588158969072146	
0.6	-16	-0.000567603053846116	
0.6	-14	-0.000165199623261379	
0.6	-12	0.00472379926275254	
0.6	-11	0.0183618455847638	
0.6	-10	0.0546675700535264	
0.6	-9	0.115208314953762	
0.6	-8	0.195138663183848	
0.6	-7	0.282399819478648	
0.6	-6	0.389716385016711	
0.6	-5	0.486276729450391	
0.6	-4	0.565514409891993	
0.6	-3	0.631715553249701	
0.6	-2	0.677982436924951	
0.6	-1.5	0.685287403548123	
0.6	-1	0.696355463272321	
0.6	-0.5	0.699750341445005	
0.6	0	0.701612744690162	

0.7	-24	-0.000262262682915234	
0.7	-22	-0.000211885353283136	
0.7	-20	-0.000200369391182734	
0.7	-18	-0.000484573479720143	
0.7	-16	-0.000369975333658019	
0.7	-14	0.000467518180241258	
0.7	-12	0.00905829202471389	
0.7	-11	0.0286650871033843	
0.7	-10	0.070542494963942	
0.7	-9	0.141865271276673	
0.7	-8	0.229959423409758	
0.7	-7	0.334286865773637	
0.7	-6	0.444254761843294	
0.7	-5	0.54420940328962	
0.7	-4	0.625275167191547	
0.7	-3	0.681422426647974	
0.7	-2	0.720305276465122	
0.7	-1.5	0.726620472069107	
0.7	-1	0.727616203931339	
0.7	-0.5	0.729036277472968	
0.7	0	0.728526162944654	

0.8	-24	-0.000141767291098268	
0.8	-22	-0.000121124029830101	
0.8	-20	-3.61302181692535e-05	
0.8	-18	-0.000375177862716855	
0.8	-16	-0.000196176098798374	
0.8	-14	0.00159393505481176	
0.8	-12	0.0153867587599014	
0.8	-11	0.0416875178833032	
0.8	-10	0.092737007750161	
0.8	-9	0.169339346880529	
0.8	-8	0.266862140615037	
0.8	-7	0.38098542454348	
0.8	-6	0.49425418185127	
0.8	-5	0.598329544875776	
0.8	-4	0.675397301355798	
0.8	-3	0.72628866385373	
0.8	-2	0.75088353725565	
0.8	-1.5	0.755108897779999	
0.8	-1	0.754976216165264	
0.8	-0.5	0.755715203513451	
0.8	0	0.75369877656842	

0.9	-24	-5.6205084949531e-05	
0.9	-22	-6.1763833567511e-05	
0.9	-20	-1.55636067472459e-06	
0.9	-18	-0.000294572235079851	
0.9	-16	0.000187052055593345	
0.9	-14	0.00382514538559304	
0.9	-12	0.0246822871736037	
0.9	-11	0.0580752324203615	
0.9	-10	0.116183364594867	
0.9	-9	0.200161746683758	
0.9	-8	0.307271130883875	
0.9	-7	0.42648969775604	
0.9	-6	0.543807814408471	
0.9	-5	0.646818386337522	
0.9	-4	0.720399718010623	
0.9	-3	0.765743438563079	
0.9	-2	0.781506867067961	
0.9	-1.5	0.782606224765738	
0.9	-1	0.781359271428078	
0.9	-0.5	0.77748700865286	
0.9	0	0.777828784730906	

1	-24	-5.00560441045625e-05	
1	-22	-4.30532525675604e-05	
1	-20	4.07700584621126e-05	
1	-18	-0.000184313926163289	
1	-16	0.00079456945705293	
1	-14	0.006822659651198	
1	-12	0.0367889659691063	
1	-11	0.0751133729640916	
1	-10	0.14130973592378	
1	-9	0.233871626756323	
1	-8	0.346142409165084	
1	-7	0.469925607957178	
1	-6	0.588379498197394	
1	-5	0.688241877903688	
1	-4	0.759235525047069	
1	-3	0.798158537196543	
1	-2	0.808997367418938	
1	-1.5	0.808519451468949	
1	-1	0.805349640753712	
1	-0.5	0.79987270806614	
1	0	0.798608549205174	

1.2	-24	6.45359609866187e-06	
1.2	-22	4.5962273471941e-05	
1.2	-20	0.000201016466901354	
1.2	-18	0.000597052554965501	
1.2	-16	0.00389272919986324	
1.2	-14	0.0175789298093309	
1.2	-12	0.0652058394281528	
1.2	-11	0.117572864895106	
1.2	-10	0.197179595343101	
1.2	-9	0.302105253514739	
1.2	-8	0.422535826217621	
1.2	-7	0.549607349702114	
1.2	-6	0.668028366273195	
1.2	-5	0.763411013251209	
1.2	-4	0.825366847777986	
1.2	-3	0.854431556429332	
1.2	-2	0.858460457606199	
1.2	-1.5	0.853913004460868	
1.2	-1	0.848704710454047	
1.2	-0.5	0.844643367700385	
1.2	0	0.843292832085461	

1.4	-24	9.46234291489913e-05	
1.4	-22	0.000237947312288774	
1.4	-20	0.000854597207801979	
1.4	-18	0.00267658365030071	
1.4	-16	0.0101627580116646	
1.4	-14	0.0340842654870378	
1.4	-12	0.102736764000556	
1.4	-11	0.167322663551908	
1.4	-10	0.257595233396062	
1.4	-9	0.368788197162821	
1.4	-8	0.495231412610494	
1.4	-7	0.621167143169495	
1.4	-6	0.735077685671651	
1.4	-5	0.823802519769039	
1.4	-4	0.879374905602425	
1.4	-3	0.902011439041447	
1.4	-2	0.901255390730679	
1.4	-1.5	0.896744099242892	
1.4	-1	0.89103243704142	
1.4	-0.5	0.887615991545284	
1.4	0	0.886213899061882	

1.6	-24	0.000284143368638273	
1.6	-22	0.000796265230048611	
1.6	-20	0.00234655821815333	
1.6	-18	0.00693911733520653	
1.6	-16	0.0207826117389687	
1.6	-14	0.0579833037309133	
1.6	-12	0.147491931236509	
1.6	-11	0.221839909568402	
1.6	-10	0.319500639047482	
1.6	-9	0.434642394967431	
1.6	-8	0.561487006059487	
1.6	-7	0.684992460001244	
1.6	-6	0.792367963281636	
1.6	-5	0.873086230785848	
1.6	-4	0.92243334448991	
1.6	-3	0.942042668084155	
1.6	-2	0.940048718927696	
1.6	-1.5	0.936986206492466	
1.6	-1	0.93194216345981	
1.6	-0.5	0.92894523485626	
1.6	0	0.92798348903949	

1.8	-24	0.000830356798037373	
1.8	-22	0.00200570809051827	
1.8	-20	0.00572600663901603	
1.8	-18	0.0141842908285887	
1.8	-16	0.0359303766422676	
1.8	-14	0.0873734601633245	
1.8	-12	0.195362949694829	
1.8	-11	0.278849948894526	
1.8	-10	0.381852140453572	
1.8	-9	0.4981386318833	
1.8	-8	0.621848449145843	
1.8	-7	0.740025396667829	
1.8	-6	0.839940515260249	
1.8	-5	0.913850908324955	
1.8	-4	0.959127416237039	
1.8	-3	0.977039453674622	
1.8	-2	0.97684401104063	
1.8	-1.5	0.97288161509032	
1.8	-1	0.969536922405994	
1.8	-0.5	0.967158331237706	
1.8	0	0.966440843424122	

2	-24	0.00188982473187849	
2	-22	0.00448406270868709	
2	-20	0.0108706832686035	
2	-18	0.0246398019147956	
2	-16	0.0561788081250056	
2	-14	0.12158843684911	
2	-12	0.24593261627334	
2	-11	0.335376699673567	
2	-10	0.440334595091852	
2	-9	0.557358084845307	
2	-8	0.676768667789404	
2	-7	0.788076109113155	
2	-6	0.880727669217746	
2	-5	0.949388991406082	
2	-4	0.990710250199819	
2	-3	1.00761923446838	
2	-2	1.0090168170156	
2	-1.5	1.0072938442573	
2	-1	1.00507154242096	
2	-0.5	1.00317601422456	
2	0	1.00271190308944	

2.2	-24	0.00349330565515225	
2.2	-22	0.00820436506470785	
2.2	-20	0.0183032114615505	
2.2	-18	0.0385740136972513	
2.2	-16	0.0799134589741001	
2.2	-14	0.16025615102369	
2.2	-12	0.297930411814505	
2.2	-11	0.391128954790338	
2.2	-10	0.497900413639364	
2.2	-9	0.612090905623496	
2.2	-8	0.725683756700634	
2.2	-7	0.829617049264721	
2.2	-6	0.915841840772746	
2.2	-5	0.979039976907467	
2.2	-4	1.01773066414255	
2.2	-3	1.03579193380008	
2.2	-2	1.03928727596994	
2.2	-1.5	1.03847717471259	
2.2	-1	1.03686008279805	
2.2	-0.5	1.03703115474582	
2.2	0	1.03595119828715	

2.4	-24	0.00663534673634133	
2.4	-22	0.0138750502629829	
2.4	-20	0.0279883242142003	
2.4	-18	0.0556076188768417	
2.4	-16	0.108649674948434	
2.4	-14	0.200805535251192	
2.4	-12	0.350308992694613	
2.4	-11	0.445257770629634	
2.4	-10	0.550889643078498	
2.4	-9	0.660949532710732	
2.4	-8	0.769358246904893	
2.4	-7	0.866653441318877	
2.4	-6	0.946527270268458	
2.4	-5	1.00550621995114	
2.4	-4	1.04203814748431	
2.4	-3	1.06110177803545	
2.4	-2	1.06681067748484	
2.4	-1.5	1.06695377931785	
2.4	-1	1.06631564556419	
2.4	-0.5	1.06583325541705	
2.4	0	1.06534239180102	

2.6	-24	0.011277355538375	
2.6	-22	0.0216822337933037	
2.6	-20	0.0411917989946977	
2.6	-18	0.077041419935269	
2.6	-16	0.139595142151041	
2.6	-14	0.244460822959512	
2.6	-12	0.39987559551108	
2.6	-11	0.496687688395952	
2.6	-10	0.600296162573403	
2.6	-9	0.705784654450835	
2.6	-8	0.808307028792793	
2.6	-7	0.899664654922178	
2.6	-6	0.973970711480229	
2.6	-5	1.02902916589327	
2.6	-4	1.06485351029173	
2.6	-3	1.08406841444564	
2.6	-2	1.09160548070126	
2.6	-1.5	1.09306592065191	
2.6	-1	1.09329176300344	
2.6	-0.5	1.09337370096016	
2.6	0	1.09308242672924	

2.8	-24	0.0173775939001438	
2.8	-22	0.0315287512058888	
2.8	-20	0.0568721397401439	
2.8	-18	0.100290703558303	
2.8	-16	0.173637376490092	
2.8	-14	0.288255666158658	
2.8	-12	0.449511481612145	
2.8	-11	0.543824729085759	
2.8	-10	0.645726127064161	
2.8	-9	0.747141349306829	
2.8	-8	0.843500905410184	
2.8	-7	0.928883205621868	
2.8	-6	0.998438198771128	
2.8	-5	1.0504648933825	
2.8	-4	1.08474260044022	
2.8	-3	1.10469294678181	
2.8	-2	1.11396828329223	
2.8	-1.5	1.11575005207449	
2.8	-1	1.11671711879387	
2.8	-0.5	1.11722351391841	
2.8	0	1.11736831684278	

3	-24	0.0253416056742656	
3	-22	0.0439914150752629	
3	-20	0.0752919097314944	
3	-18	0.127124457064888	
3	-16	0.20918898598594	
3	-14	0.331936705688415	
3	-12	0.494744447975042	
3	-11	0.589692844341128	
3	-10	0.686996420528979	
3	-9	0.783550267912451	
3	-8	0.875007190955301	
3	-7	0.954983899539331	
3	-6	1.02062078642955	
3	-5	1.06969458414733	
3	-4	1.10334721268334	
3	-3	1.1240065257715	
3	-2	1.13433096321968	
3	-1.5	1.137294094304	
3	-1	1.13923170862464	
3	-0.5	1.14000852548577	
3	0	1.14010047709154	

3.2	-24	0.0345295151315038	
3.2	-22	0.0582100243415509	
3.2	-20	0.0958190943877167	
3.2	-18	0.155581682896639	
3.2	-16	0.246091722339507	
3.2	-14	0.375357961921801	
3.2	-12	0.539709982841191	
3.2	-11	0.63120744087852	
3.2	-10	0.725223360988579	
3.2	-9	0.817478814385596	
3.2	-8	0.903423502736728	
3.2	-7	0.978978031633331	
3.2	-6	1.04047928930263	
3.2	-5	1.08752076735432	
3.2	-4	1.12048050796151	
3.2	-3	1.1412248798376	
3.2	-2	1.15294708895406	
3.2	-1.5	1.15621983523198	
3.2	-1	1.15861219886301	
3.2	-0.5	1.15984990900857	
3.2	0	1.16034167456574	

3.4	-24	0.045778364207014	
3.4	-22	0.0746891652594685	
3.4	-20	0.118511361386692	
3.4	-18	0.185726425144265	
3.4	-16	0.28297016247601	
3.4	-14	0.416292189653761	
3.4	-12	0.581563765604332	
3.4	-11	0.670767067307509	
3.4	-10	0.760094158659514	
3.4	-9	0.8481480837361	
3.4	-8	0.929935863189806	
3.4	-7	1.00029304319443	
3.4	-6	1.05884248729143	
3.4	-5	1.1037913233886	
3.4	-4	1.13621295799524	
3.4	-3	1.1572968254014	
3.4	-2	1.16981127432186	
3.4	-1.5	1.17398257293932	
3.4	-1	1.17640224037823	
3.4	-0.5	1.1777702312304	
3.4	0	1.17819197370057	

3.6	-24	0.0588564026147048	
3.6	-22	0.0926866108407384	
3.6	-20	0.142831281674981	
3.6	-18	0.216542696160854	
3.6	-16	0.320458535042797	
3.6	-14	0.45652713875969	
3.6	-12	0.619925634384063	
3.6	-11	0.706171788942714	
3.6	-10	0.793162701959196	
3.6	-9	0.876501172648512	
3.6	-8	0.953596017896234	
3.6	-7	1.02025733467054	
3.6	-6	1.07588438280911	
3.6	-5	1.11898665817503	
3.6	-4	1.15072833483979	
3.6	-3	1.1717789342288	
3.6	-2	1.1850660266914	
3.6	-1.5	1.18944374490242	
3.6	-1	1.19254479652204	
3.6	-0.5	1.1941095825172	
3.6	0	1.19444610049157	

3.8	-24	0.0740254038493043	
3.8	-22	0.112824378636305	
3.8	-20	0.168800847836975	
3.8	-18	0.248975025219388	
3.8	-16	0.357942256506968	
3.8	-14	0.495551127679427	
3.8	-12	0.656129910390308	
3.8	-11	0.740062312672605	
3.8	-10	0.822968231307218	
3.8	-9	0.902767029406716	
3.8	-8	0.975129479090089	
3.8	-7	1.03851983692844	
3.8	-6	1.09158615284607	
3.8	-5	1.13298779701376	
3.8	-4	1.16387737312783	
3.8	-3	1.18544409670263	
3.8	-2	1.19900511255669	
3.8	-1.5	1.20343957989025	
3.8	-1	1.20622120144151	
3.8	-0.5	1.20812320366079	
3.8	0	1.20883229777304	

4	-24	0.0902982005216217	
4	-22	0.133783463848544	
4	-20	0.195852416953263	
4	-18	0.281443473897925	
4	-16	0.39367849856996	
4	-14	0.531771886656366	
4	-12	0.690436301620004	
4	-11	0.770960675250572	
4	-10	0.850935182390127	
4	-9	0.926227659698302	
4	-8	0.995261482372444	
4	-7	1.05559332349362	
4	-6	1.10597925664093	
4	-5	1.14601393382428	
4	-4	1.17640616920175	
4	-3	1.19779890475744	
4	-2	1.21171230416224	
4	-1.5	1.21618729245914	
4	-1	1.21947733232587	
4	-0.5	1.22136204789593	
4	0	1.2217992354304	

4.2	-24	0.107965108276064	
4.2	-22	0.156601353946608	
4.2	-20	0.223666712478624	
4.2	-18	0.313704407399968	
4.2	-16	0.429495844842283	
4.2	-14	0.567608066339367	
4.2	-12	0.722085602812196	
4.2	-11	0.799774780304302	
4.2	-10	0.876405307437681	
4.2	-9	0.948469046992947	
4.2	-8	1.01396948603	
4.2	-7	1.07118422102251	
4.2	-6	1.11957122078662	
4.2	-5	1.15831500723924	
4.2	-4	1.18777232474429	
4.2	-3	1.20907689551386	
4.2	-2	1.22306830928056	
4.2	-1.5	1.22768600819467	
4.2	-1	1.23105181854857	
4.2	-0.5	1.23328684680706	
4.2	0	1.23391382737064	

4.4	-24	0.126956503694258	
4.4	-22	0.179674350304107	
4.4	-20	0.252527170774862	
4.4	-18	0.346213244486298	
4.4	-16	0.463695312563261	
4.4	-14	0.601451377183358	
4.4	-12	0.751938799411428	
4.4	-11	0.826730245387744	
4.4	-10	0.900402378844985	
4.4	-9	0.969099837168694	
4.4	-8	1.03113704716573	
4.4	-7	1.08601526770429	
4.4	-6	1.13223275973926	
4.4	-5	1.16961211367189	
4.4	-4	1.19849258234266	
4.4	-3	1.21954292044562	
4.4	-2	1.2337384165942	
4.4	-1.5	1.23850214133036	
4.4	-1	1.24172211092351	
4.4	-0.5	1.24344216209822	
4.4	0	1.2442654565407	

4.6	-24	0.147246420962079	
4.6	-22	0.204524573770599	
4.6	-20	0.280436920182546	
4.6	-18	0.378063642658622	
4.6	-16	0.497450291127393	
4.6	-14	0.632493731841494	
4.6	-12	0.779538098765754	
4.6	-11	0.852016897524564	
4.6	-10	0.922126666937307	
4.6	-9	0.988026242506414	
4.6	-8	1.04757041983115	
4.6	-7	1.09970249928716	
4.6	-6	1.14403496963011	
4.6	-5	1.18016576206559	
4.6	-4	1.20854954398396	
4.6	-3	1.22934062097641	
4.6	-2	1.24332550392758	
4.6	-1.5	1.24829552886713	
4.6	-1	1.25144593102062	
4.6	-0.5	1.25351181642826	
4.6	0	1.2540955154086	

4.8	-24	0.167898830595139	
4.8	-22	0.229482892714424	
4.8	-20	0.309491857329969	
4.8	-18	0.409335254870077	
4.8	-16	0.528309926549572	
4.8	-14	0.663491175512471	
4.8	-12	0.804694831688137	
4.8	-11	0.875664892224587	
4.8	-10	0.942534342994285	
4.8	-9	1.00545968255473	
4.8	-8	1.06239197633564	
4.8	-7	1.1126950136728	
4.8	-6	1.15515903161621	
4.8	-5	1.19010896465988	
4.8	-4	1.2176585521681	
4.8	-3	1.23817854940693	
4.8	-2	1.25221424789557	
4.8	-1.5	1.25706731867482	
4.8	-1	1.26019618529836	
4.8	-0.5	1.26248295470851	
4.8	0	1.26299983469632	

5	-24	0.189824812977292	
5	-22	0.25511436913069	
5	-20	0.338051332148185	
5	-18	0.440294409892098	
5	-16	0.559374484169546	
5	-14	0.691580626523413	
5	-12	0.829340212962286	
5	-11	0.897211884294105	
5	-10	0.961948467573713	
5	-9	1.02209219649273	
5	-8	1.07659884734624	
5	-7	1.12449779570547	
5	-6	1.16556080259834	
5	-5	1.19939523353813	
5	-4	1.22624350697321	
5	-3	1.24615198212666	
5	-2	1.26032353566493	
5	-1.5	1.2649861307342	
5	-1	1.26846427001392	
5	-0.5	1.27043303578012	
5	0	1.27105564438775	

5.2	-24	0.211932900790349	
5.2	-22	0.280912733796724	
5.2	-20	0.366271497451928	
5.2	-18	0.4705309905836	
5.2	-16	0.588351688006904	
5.2	-14	0.719471103049145	
5.2	-12	0.852459490055409	
5.2	-11	0.917922460631229	
5.2	-10	0.97970125316013	
5.2	-9	1.03773326046645	
5.2	-8	1.08978563596642	
5.2	-7	1.13588027454494	
5.2	-6	1.17534550786734	
5.2	-5	1.20809864703736	
5.2	-4	1.23414240136097	
5.2	-3	1.25389422858651	
5.2	-2	1.26736616261803	
5.2	-1.5	1.27217489380632	
5.2	-1	1.2756259705321	
5.2	-0.5	1.27771945788313	
5.2	0	1.27828088189165	

5.4	-24	0.234812521125071	
5.4	-22	0.306089909838639	
5.4	-20	0.394045510007409	
5.4	-18	0.499303687814653	
5.4	-16	0.616763436910962	
5.4	-14	0.745304282032644	
5.4	-12	0.874292722882368	
5.4	-11	0.937009103470879	
5.4	-10	0.996491925473842	
5.4	-9	1.05228661068569	
5.4	-8	1.10207267947754	
5.4	-7	1.14652591562594	
5.4	-6	1.18451429429405	
5.4	-5	1.21626951105048	
5.4	-4	1.24163649799295	
5.4	-3	1.26086094154997	
5.4	-2	1.27440141161743	
5.4	-1.5	1.27893192090596	
5.4	-1	1.28236790127552	
5.4	-0.5	1.28427230935513	
5.4	0	1.28495110552979	

5.6	-24	0.257754685217725	
5.6	-22	0.332374478607261	
5.6	-20	0.421569124491352	
5.6	-18	0.526717472160438	
5.6	-16	0.644148854626734	
5.6	-14	0.769374571024321	
5.6	-12	0.895182952511697	
5.6	-11	0.954842705463573	
5.6	-10	1.01237076663748	
5.6	-9	1.06573514769503	
5.6	-8	1.11366763037185	
5.6	-7	1.15645450099298	
5.6	-6	1.19320042988339	
5.6	-5	1.22390675996341	
5.6	-4	1.24853071206343	
5.6	-3	1.26731467043046	
5.6	-2	1.28049080911255	
5.6	-1.5	1.28523152318958	
5.6	-1	1.28840456530841	
5.6	-0.5	1.29029315325873	
5.6	0	1.29091103341806	

5.8	-24	0.281140171867701	
5.8	-22	0.357597276612447	
5.8	-20	0.44835727614472	
5.8	-18	0.553426036826969	
5.8	-16	0.670384388434816	
5.8	-14	0.792309275142369	
5.8	-12	0.913922278996626	
5.8	-11	0.971932178506713	
5.8	-10	1.02709227747678	
5.8	-9	1.07848347363517	
5.8	-8	1.12473066055798	
5.8	-7	1.16586683543389	
5.8	-6	1.20137375287479	
5.8	-5	1.23108377706592	
5.8	-4	1.25504990708175	
5.8	-3	1.27340897950221	
5.8	-2	1.28638334280649	
5.8	-1.5	1.29084718622069	
5.8	-1	1.29407040875557	
5.8	-0.5	1.29591372872763	
5.8	0	1.29659161485586	

6	-24	0.304804335902822	
6	-22	0.38292166747001	
6	-20	0.474770313693582	
6	-18	0.579334890625414	
6	-16	0.694992236432911	
6	-14	0.814395525888578	
6	-12	0.932514568173185	
6	-11	0.988262285010947	
6	-10	1.04130028249433	
6	-9	1.09055812182816	
6	-8	1.13522007216691	
6	-7	1.17479568398006	
6	-6	1.20904797270093	
6	-5	1.23783554231406	
6	-4	1.26114560932539	
6	-3	1.27903582307354	
6	-2	1.29175538206589	
6	-1.5	1.2960141209597	
6	-1	1.2991278413394	
6	-0.5	1.30095387136604	
6	0	1.30163074028621	

6.2	-24	0.327861876585358	
6.2	-22	0.407887838179336	
6.2	-20	0.501529038467649	
6.2	-18	0.604690014385835	
6.2	-16	0.718440960044762	
6.2	-14	0.834864048242746	
6.2	-12	0.949051000701938	
6.2	-11	1.00351158586121	
6.2	-10	1.05439732499318	
6.2	-9	1.10188241535141	
6.2	-8	1.14514069892506	
6.2	-7	1.18316307776847	
6.2	-6	1.2163007537586	
6.2	-5	1.24419080022101	
6.2	-4	1.26680677211009	
6.2	-3	1.28431288568493	
6.2	-2	1.29660368474191	
6.2	-1.5	1.30072355861769	
6.2	-1	1.30390925252683	
6.2	-0.5	1.30577217096743	
6.2	0	1.30641280699327	

6.4	-24	0.350751227264861	
6.4	-22	0.432279092811157	
6.4	-20	0.526343503318949	
6.4	-18	0.629890225988563	
6.4	-16	0.740550118551619	
6.4	-14	0.854479727606751	
6.4	-12	0.965325066183583	
6.4	-11	1.01771512828335	
6.4	-10	1.06721065542395	
6.4	-9	1.11265538395083	
6.4	-8	1.15436636929253	
6.4	-7	1.19115641473918	
6.4	-6	1.22316812433728	
6.4	-5	1.25018914532312	
6.4	-4	1.27212944128021	
6.4	-3	1.28910820881503	
6.4	-2	1.30116787715558	
6.4	-1.5	1.30519964828791	
6.4	-1	1.30824104425455	
6.4	-0.5	1.3101142809028	
6.4	0	1.31079539639336	

6.6	-24	0.373622139149651	
6.6	-22	0.456075923948621	
6.6	-20	0.550483192342162	
6.6	-18	0.653017342913691	
6.6	-16	0.76174969889525	
6.6	-14	0.873446147241418	
6.6	-12	0.980588055266557	
6.6	-11	1.03130247749801	
6.6	-10	1.07905540562905	
6.6	-9	1.12304931198874	
6.6	-8	1.16303239237069	
6.6	-7	1.19864742444582	
6.6	-6	1.2296629138325	
6.6	-5	1.25585285376651	
6.6	-4	1.27721082673377	
6.6	-3	1.29358425405988	
6.6	-2	1.30539528722901	
6.6	-1.5	1.30961168821175	
6.6	-1	1.31251768878417	
6.6	-0.5	1.31426999271263	
6.6	0	1.31484309957496	

6.8	-24	0.396632444601167	
6.8	-22	0.479577250988694	
6.8	-20	0.573562219445079	
6.8	-18	0.675502714070036	
6.8	-16	0.782730003153989	
6.8	-14	0.89076826953013	
6.8	-12	0.995161973546853	
6.8	-11	1.04419280809847	
6.8	-10	1.09020154702371	
6.8	-9	1.13269482851237	
6.8	-8	1.17140175679092	
6.8	-7	1.20579297018432	
6.8	-6	1.23577626345595	
6.8	-5	1.2612367162961	
6.8	-4	1.28181582535337	
6.8	-3	1.29798398357	
6.8	-2	1.30941588396097	
6.8	-1.5	1.31324956988256	
6.8	-1	1.31621796305717	
6.8	-0.5	1.31785040724893	
6.8	0	1.31847023389998	

7	-24	0.419008387847977	
7	-22	0.502304001455437	
7	-20	0.5962540689777	
7	-18	0.696676254491792	
7	-16	0.802648035454723	
7	-14	0.907406709994601	
7	-12	1.00857056475722	
7	-11	1.0563297740573	
7	-10	1.10084559686935	
7	-9	1.14184792179019	
7	-8	1.17929006004221	
7	-7	1.21256538657085	
7	-6	1.24159185916931	
7	-5	1.2662339937695	
7	-4	1.2863937110436	
7	-3	1.30199701800678	
7	-2	1.31312918713453	
7	-1.5	1.31701606510908	
7	-1	1.31975328260442	
7	-0.5	1.32141804781598	
7	0	1.3219493174579	

7.2	-24	0.440970966713759	
7.2	-22	0.525177457485852	
7.2	-20	0.617974547438365	
7.2	-18	0.71761313190544	
7.2	-16	0.820953978430613	
7.2	-14	0.923550876284629	
7.2	-12	1.02189939000622	
7.2	-11	1.06785109952698	
7.2	-10	1.11095686853979	
7.2	-9	1.15058108542427	
7.2	-8	1.1866524062516	
7.2	-7	1.21896896511618	
7.2	-6	1.24706123504244	
7.2	-5	1.27092399409373	
7.2	-4	1.29054891535371	
7.2	-3	1.30569416375679	
7.2	-2	1.31650124084742	
7.2	-1.5	1.32019641594166	
7.2	-1	1.32298110129272	
7.2	-0.5	1.3245817776869	
7.2	0	1.32509205994887	

7.4	-24	0.462457735247579	
7.4	-22	0.547646369672125	
7.4	-20	0.63893415981568	
7.4	-18	0.737257812786486	
7.4	-16	0.838524995429415	
7.4	-14	0.93899628092912	
7.4	-12	1.03411034581385	
7.4	-11	1.0785704551983	
7.4	-10	1.12039172742703	
7.4	-9	1.15894386627972	
7.4	-8	1.19380408667372	
7.4	-7	1.22503115269876	
7.4	-6	1.25228139730338	
7.4	-5	1.27547655288741	
7.4	-4	1.29442148633298	
7.4	-3	1.3092064381332	
7.4	-2	1.31967513778841	
7.4	-1.5	1.32338264236015	
7.4	-1	1.32596704115155	
7.4	-0.5	1.32751305652734	
7.4	0	1.32797662347039	

7.6	-24	0.483455352762927	
7.6	-22	0.569010248928186	
7.6	-20	0.659765420893426	
7.6	-18	0.756235684106932	
7.6	-16	0.855985070195139	
7.6	-14	0.953356545407035	
7.6	-12	1.04577807744105	
7.6	-11	1.08893196542886	
7.6	-10	1.12927186454416	
7.6	-9	1.16677858143357	
7.6	-8	1.20055568695572	
7.6	-7	1.2307915475444	
7.6	-6	1.25721000948048	
7.6	-5	1.27967189488865	
7.6	-4	1.298157707722	
7.6	-3	1.31247756521283	
7.6	-2	1.32276172050126	
7.6	-1.5	1.32635521826499	
7.6	-1	1.3289394836582	
7.6	-0.5	1.33039829380857	
7.6	0	1.330870127846	

7.8	-24	0.504221351302886	
7.8	-22	0.589362665822493	
7.8	-20	0.679323923074395	
7.8	-18	0.7750435467286	
7.8	-16	0.872411967855339	
7.8	-14	0.967381022338312	
7.8	-12	1.05719887555895	
7.8	-11	1.09897331457439	
7.8	-10	1.13809052676724	
7.8	-9	1.17419286859381	
7.8	-8	1.20697152835223	
7.8	-7	1.23629829884033	
7.8	-6	1.26189681853472	
7.8	-5	1.28372396690649	
7.8	-4	1.30161400592344	
7.8	-3	1.3155756613823	
7.8	-2	1.32547667816342	
7.8	-1.5	1.32908576116962	
7.8	-1	1.33142819473848	
7.8	-0.5	1.33294402102664	
7.8	0	1.33344429816523	

8	-24	0.52468755823223	
8	-22	0.608962497416317	
8	-20	0.699085889938627	
8	-18	0.792896905386833	
8	-16	0.887984951613041	
8	-14	0.980318219799851	
8	-12	1.06762258184303	
8	-11	1.10844677263847	
8	-10	1.14627531853641	
8	-9	1.18141801415997	
8	-8	1.21312497109254	
8	-7	1.24154349051246	
8	-6	1.26634961341802	
8	-5	1.28749150995442	
8	-4	1.30488962390583	
8	-3	1.3184223956318	
8	-2	1.32827834663294	
8	-1.5	1.33159956612415	
8	-1	1.33406301876619	
8	-0.5	1.33546390216017	
8	0	1.33595835615268	

8.2	-24	0.544527677241629	
8.2	-22	0.629054530485849	
8.2	-20	0.717547667400853	
8.2	-18	0.809937178578563	
8.2	-16	0.902872967362641	
8.2	-14	0.993099461885332	
8.2	-12	1.07787916235771	
8.2	-11	1.11733698744719	
8.2	-10	1.15421246269751	
8.2	-9	1.18809292134865	
8.2	-8	1.21896576181089	
8.2	-7	1.24646961745338	
8.2	-6	1.27056706234487	
8.2	-5	1.29112255867543	
8.2	-4	1.30796286645882	
8.2	-3	1.32115092925207	
8.2	-2	1.33055204226351	
8.2	-1.5	1.33379251687292	
8.2	-1	1.33626214262604	
8.2	-0.5	1.33763895067939	
8.2	0	1.33810315617652	

8.4	-24	0.564511439279591	
8.4	-22	0.647943444414943	
8.4	-20	0.735684496784293	
8.4	-18	0.826536295049531	
8.4	-16	0.917161466057628	
8.4	-14	1.00523730233649	
8.4	-12	1.08772745590407	
8.4	-11	1.12593613140156	
8.4	-10	1.16171634401627	
8.4	-9	1.19456663233144	
8.4	-8	1.22448149871532	
8.4	-7	1.25119476186363	
8.4	-6	1.27460079977536	
8.4	-5	1.29454151933257	
8.4	-4	1.31097409649554	
8.4	-3	1.32373033111093	
8.4	-2	1.33280371735892	
8.4	-1.5	1.33606840997065	
8.4	-1	1.33837790745852	
8.4	-0.5	1.33982206812749	
8.4	0	1.34028109260978	

8.6	-24	0.583764798074641	
8.6	-22	0.666124471426912	
8.6	-20	0.753056921820018	
8.6	-18	0.842272974073846	
8.6	-16	0.930723927169019	
8.6	-14	1.01683941891716	
8.6	-12	1.09702432732741	
8.6	-11	1.13431388277387	
8.6	-10	1.16890345222225	
8.6	-9	1.20071759860937	
8.6	-8	1.22979129675819	
8.6	-7	1.25571619410143	
8.6	-6	1.2784196113337	
8.6	-5	1.29781037607034	
8.6	-4	1.31371822309989	
8.6	-3	1.326192562305	
8.6	-2	1.33502876108116	
8.6	-1.5	1.33819168426022	
8.6	-1	1.3404325903147	
8.6	-0.5	1.3417633339521	
8.6	0	1.34217717984258	

8.8	-24	0.602302625906917	
8.8	-22	0.684392540279562	
8.8	-20	0.769649146800836	
8.8	-18	0.857255335093761	
8.8	-16	0.94407784868952	
8.8	-14	1.02790123033195	
8.8	-12	1.10589910911159	
8.8	-11	1.14207951226726	
8.8	-10	1.17557280355057	
8.8	-9	1.20660677763836	
8.8	-8	1.2348435653534	
8.8	-7	1.26000773952018	
8.8	-6	1.28205379444329	
8.8	-5	1.30086407381341	
8.8	-4	1.31635006314435	
8.8	-3	1.32849151407974	
8.8	-2	1.33712632462291	
8.8	-1.5	1.34016441468984	
8.8	-1	1.34228485563927	
8.8	-0.5	1.34357893096277	
8.8	0	1.34399886904119	

9	-24	0.620603530831488	
9	-22	0.701313072549569	
9	-20	0.785588873783287	
9	-18	0.872016675438534	
9	-16	0.956737752323219	
9	-14	1.03835507711378	
9	-12	1.114097476726	
9	-11	1.14944431671306	
9	-10	1.18207820104007	
9	-9	1.21222899188662	
9	-8	1.23962385651901	
9	-7	1.26410179954159	
9	-6	1.28552809802264	
9	-5	1.30381093943653	
9	-4	1.3188085935752	
9	-3	1.33060823233146	
9	-2	1.33912595924557	
9	-1.5	1.34203887547972	
9	-1	1.34416223787139	
9	-0.5	1.34544507673703	
9	0	1.34587984686877	

9.2	-24	0.638077025360449	
9.2	-22	0.718221181709038	
9.2	-20	0.801404191733066	
9.2	-18	0.885944181172948	
9.2	-16	0.968983612372541	
9.2	-14	1.04855837145208	
9.2	-12	1.12226708042484	
9.2	-11	1.15652851408725	
9.2	-10	1.18835353068597	
9.2	-9	1.21769554171635	
9.2	-8	1.24422738258792	
9.2	-7	1.26800916570299	
9.2	-6	1.28883680270123	
9.2	-5	1.30662885510071	
9.2	-4	1.32120209651806	
9.2	-3	1.33260985133029	
9.2	-2	1.34086053448436	
9.2	-1.5	1.34373630634127	
9.2	-1	1.34575438974493	
9.2	-0.5	1.34705591065342	
9.2	0	1.34747199868611	

9.4	-24	0.654627641693902	
9.4	-22	0.734196808164638	
9.4	-20	0.816252075829671	
9.4	-18	0.899411711023407	
9.4	-16	0.980618207093255	
9.4	-14	1.05830796881414	
9.4	-12	1.13011568410314	
9.4	-11	1.16333716370971	
9.4	-10	1.19437931142276	
9.4	-9	1.22282059956143	
9.4	-8	1.24863322990716	
9.4	-7	1.27174122359768	
9.4	-6	1.29195606276486	
9.4	-5	1.30923024571801	
9.4	-4	1.32346971079916	
9.4	-3	1.33457637870286	
9.4	-2	1.34254016903982	
9.4	-1.5	1.34529744168441	
9.4	-1	1.3473114388848	
9.4	-0.5	1.3485144613496	
9.4	0	1.34896667978026	

9.6	-24	0.671687429651308	
9.6	-22	0.74997600148743	
9.6	-20	0.830754969410309	
9.6	-18	0.912369958107949	
9.6	-16	0.991927012227374	
9.6	-14	1.06770099373585	
9.6	-12	1.13766105763451	
9.6	-11	1.16978064391506	
9.6	-10	1.19999880329669	
9.6	-9	1.22771341195683	
9.6	-8	1.25282685857296	
9.6	-7	1.27530577638235	
9.6	-6	1.29495827897131	
9.6	-5	1.31178970870543	
9.6	-4	1.32558010454148	
9.6	-3	1.33644465820604	
9.6	-2	1.34415791293683	
9.6	-1.5	1.34694792361073	
9.6	-1	1.34885128512504	
9.6	-0.5	1.35001304288518	
9.6	0	1.35046357701903	

9.8	-24	0.687123192980057	
9.8	-22	0.765030390498306	
9.8	-20	0.844958730368985	
9.8	-18	0.924728383618801	
9.8	-16	1.00265074467218	
9.8	-14	1.07654985165336	
9.8	-12	1.14485215786001	
9.8	-11	1.17614581797289	
9.8	-10	1.20541598500588	
9.8	-9	1.23235873126349	
9.8	-8	1.2568813115748	
9.8	-7	1.27872548523395	
9.8	-6	1.29785858796069	
9.8	-5	1.3142085573175	
9.8	-4	1.32764615712349	
9.8	-3	1.33819688520717	
9.8	-2	1.34569858601696	
9.8	-1.5	1.34836044780292	
9.8	-1	1.35027401584363	
9.8	-0.5	1.3514168038384	
9.8	0	1.35178980943129	

10	-24	0.703122322952853	
10	-22	0.779918412000685	
10	-20	0.858275304515487	
10	-18	0.936761887886276	
10	-16	1.01303085143481	
10	-14	1.08530594751986	
10	-12	1.15172156330643	
10	-11	1.18208048455919	
10	-10	1.21064711250922	
10	-9	1.23686781400177	
10	-8	1.2607360286141	
10	-7	1.28198418198957	
10	-6	1.30060575215079	
10	-5	1.31652863625479	
10	-4	1.32958763730205	
10	-3	1.33982340515137	
10	-2	1.34717904035481	
10	-1.5	1.34974635345351	
10	-1	1.3515746660515	
10	-0.5	1.35269917057666	
10	0	1.35310056095248	

10.2	-24	0.718058414966768	
10.2	-22	0.794027665135539	
10.2	-20	0.871342781054717	
10.2	-18	0.948286450664748	
10.2	-16	1.02273947370749	
10.2	-14	1.0934533425513	
10.2	-12	1.15827817368838	
10.2	-11	1.18793905232792	
10.2	-10	1.21573567491603	
10.2	-9	1.24119437130572	
10.2	-8	1.26440363368402	
10.2	-7	1.28510032348259	
10.2	-6	1.30322009505309	
10.2	-5	1.31868454831706	
10.2	-4	1.3314276974364	
10.2	-3	1.34143870543961	
10.2	-2	1.34847769660485	
10.2	-1.5	1.35101599883803	
10.2	-1	1.35283866766974	
10.2	-0.5	1.35388891232527	
10.2	0	1.35425782637387	

10.4	-24	0.733199706228124	
10.4	-22	0.807845147837405	
10.4	-20	0.884026620390616	
10.4	-18	0.95964144826727	
10.4	-16	1.03244871864744	
10.4	-14	1.10135945512291	
10.4	-12	1.16447304803342	
10.4	-11	1.19346757563741	
10.4	-10	1.22044894930759	
10.4	-9	1.24535426907987	
10.4	-8	1.26792607452795	
10.4	-7	1.28809129130538	
10.4	-6	1.30575104840755	
10.4	-5	1.3207997604361	
10.4	-4	1.33320212212816	
10.4	-3	1.34293817001197	
10.4	-2	1.34993638316788	
10.4	-1.5	1.35237031317523	
10.4	-1	1.35411734854722	
10.4	-0.5	1.35512215486553	
10.4	0	1.35547339843875	

10.6	-24	0.747764184665937	
10.6	-22	0.821315345591783	
10.6	-20	0.896311951864351	
10.6	-18	0.970457624102985	
10.6	-16	1.04161706067856	
10.6	-14	1.1090312300113	
10.6	-12	1.17068660740831	
10.6	-11	1.19885581482141	
10.6	-10	1.22506752712393	
10.6	-9	1.24936044742251	
10.6	-8	1.27130789112862	
10.6	-7	1.29095518747431	
10.6	-6	1.30812102486804	
10.6	-5	1.32282572647865	
10.6	-4	1.33487150594212	
10.6	-3	1.34440830968375	
10.6	-2	1.35117832543927	
10.6	-1.5	1.3536032075396	
10.6	-1	1.35527852644332	
10.6	-0.5	1.35630552389287	
10.6	0	1.35664257654483	

10.8	-24	0.761831510118343	
10.8	-22	0.834529083591958	
10.8	-20	0.908021193746596	
10.8	-18	0.980697853887467	
10.8	-16	1.05050857195555	
10.8	-14	1.11640938882575	
10.8	-12	1.17640468051212	
10.8	-11	1.20392579428822	
10.8	-10	1.22951460994709	
10.8	-9	1.25314706241344	
10.8	-8	1.27457864062481	
10.8	-7	1.29370405260716	
10.8	-6	1.31043212023324	
10.8	-5	1.32474727777691	
10.8	-4	1.33649136619558	
10.8	-3	1.34568423467034	
10.8	-2	1.35230882560726	
10.8	-1.5	1.35465445305106	
10.8	-1	1.35634622101764	
10.8	-0.5	1.35732798349133	
10.8	0	1.35767101761078	

11	-24	0.775515306877232	
11	-22	0.847173427352065	
11	-20	0.919475071096162	
11	-18	0.990746198241403	
11	-16	1.0589584237699	
11	-14	1.12330723380349	
11	-12	1.18205137112226	
11	-11	1.20886820825757	
11	-10	1.23383796067314	
11	-9	1.25678477922029	
11	-8	1.27769982917091	
11	-7	1.29633440168465	
11	-6	1.3126395216527	
11	-5	1.32655613589072	
11	-4	1.33804627221303	
11	-3	1.347011611349	
11	-2	1.35341160880743	
11	-1.5	1.35564383856299	
11	-1	1.35726257694549	
11	-0.5	1.3582396603754	
11	0	1.35857416213153	

11.2	-24	0.788548297317991	
11.2	-22	0.8593016690062	
11.2	-20	0.930530396170421	
11.2	-18	1.00037420291424	
11.2	-16	1.06719716924718	
11.2	-14	1.13009458867111	
11.2	-12	1.18734427114773	
11.2	-11	1.21361601245253	
11.2	-10	1.2379134223517	
11.2	-9	1.26031460451033	
11.2	-8	1.28067144115423	
11.2	-7	1.2988625782385	
11.2	-6	1.31476102052631	
11.2	-5	1.32832212963754	
11.2	-4	1.33949063562139	
11.2	-3	1.34823650934232	
11.2	-2	1.35451362057246	
11.2	-1.5	1.35672557949787	
11.2	-1	1.35827900078652	
11.2	-0.5	1.35922428154202	
11.2	0	1.35953310691513	

11.4	-24	0.801523156385443	
11.4	-22	0.870887907771706	
11.4	-20	0.940978213373356	
11.4	-18	1.00967094831026	
11.4	-16	1.07508810096415	
11.4	-14	1.1366042099995	
11.4	-12	1.1926205151469	
11.4	-11	1.21814328114743	
11.4	-10	1.24189080058215	
11.4	-9	1.26373239290684	
11.4	-8	1.28356178214709	
11.4	-7	1.30128671236242	
11.4	-6	1.31678939209594	
11.4	-5	1.33002235103518	
11.4	-4	1.34088253037167	
11.4	-3	1.34939299970057	
11.4	-2	1.35548532732712	
11.4	-1.5	1.357680914133	
11.4	-1	1.35917070543135	
11.4	-0.5	1.36012200403132	
11.4	0	1.36040498801006	

11.6	-24	0.813980541685105	
11.6	-22	0.882348822751937	
11.6	-20	0.951302094490824	
11.6	-18	1.01867030562116	
11.6	-16	1.0829704214321	
11.6	-14	1.14287991606847	
11.6	-12	1.1975626919541	
11.6	-11	1.22250259108804	
11.6	-10	1.24573489753344	
11.6	-9	1.26697682256581	
11.6	-8	1.28633959134288	
11.6	-7	1.30361685809306	
11.6	-6	1.31872057123918	
11.6	-5	1.33163717436669	
11.6	-4	1.3422554345481	
11.6	-3	1.35055789861845	
11.6	-2	1.35651839681732	
11.6	-1.5	1.35856241457682	
11.6	-1	1.36006742363936	
11.6	-0.5	1.36092489377745	
11.6	0	1.36123700891368	

11.8	-24	0.825772589524523	
11.8	-22	0.893371340752717	
11.8	-20	0.961189282294215	
11.8	-18	1.02722090704386	
11.8	-16	1.09039545699228	
11.8	-14	1.14897380810909	
11.8	-12	1.20238421113268	
11.8	-11	1.22672464267652	
11.8	-10	1.24935987475138	
11.8	-9	1.27014852378406	
11.8	-8	1.28900085277566	
11.8	-7	1.30585964778975	
11.8	-6	1.32059446305477	
11.8	-5	1.33318593004888	
11.8	-4	1.34355119260367	
11.8	-3	1.3516355316898	
11.8	-2	1.35746577028973	
11.8	-1.5	1.3595010698788	
11.8	-1	1.36096607795783	
11.8	-0.5	1.3618578224243	
11.8	0	1.36214882592503	

12	-24	0.837639541139016	
12	-22	0.904420359847376	
12	-20	0.970822137648146	
12	-18	1.03571176241674	
12	-16	1.09738577285255	
12	-14	1.15482157607029	
12	-12	1.20706264064492	
12	-11	1.2307730405509	
12	-10	1.25286079755128	
12	-9	1.27317649427033	
12	-8	1.29155721551666	
12	-7	1.30801112704343	
12	-6	1.32238677418136	
12	-5	1.3346575613478	
12	-4	1.3447797929596	
12	-3	1.35269101871307	
12	-2	1.35840461589613	
12	-1.5	1.36036361115986	
12	-1	1.36178828214612	
12	-0.5	1.36265095028867	
12	0	1.36293640743058	

12.4	-24	0.86043218315552	
12.4	-22	0.925373460757114	
12.4	-20	0.989319585214023	
12.4	-18	1.05177421814494	
12.4	-16	1.11107532752917	
12.4	-14	1.16606163264886	
12.4	-12	1.21583847646979	
12.4	-11	1.23846746800866	
12.4	-10	1.25952664103734	
12.4	-9	1.27885700355187	
12.4	-8	1.29640978172972	
12.4	-7	1.31206690051056	
12.4	-6	1.32580937610433	
12.4	-5	1.33750339021139	
12.4	-4	1.34710655884137	
12.4	-3	1.35466463810194	
12.4	-2	1.36002180980116	
12.4	-1.5	1.36190760172346	
12.4	-1	1.36323398515256	
12.4	-0.5	1.36409099698194	
12.4	0	1.3643558784396	

12.8	-24	0.881629630292476	
12.8	-22	0.9446993285572	
12.8	-20	1.00666231191737	
12.8	-18	1.06680713186647	
12.8	-16	1.12349398999303	
12.8	-14	1.17634849703843	
12.8	-12	1.22392347338759	
12.8	-11	1.24557104915229	
12.8	-10	1.26568684133981	
12.8	-9	1.28416205263628	
12.8	-8	1.30089111079956	
12.8	-7	1.31582054936805	
12.8	-6	1.32887788799672	
12.8	-5	1.34004566736113	
12.8	-4	1.34924864356917	
12.8	-3	1.35641399134422	
12.8	-2	1.36159622761351	
12.8	-1.5	1.36338486846532	
12.8	-1	1.36464251590605	
12.8	-0.5	1.36543229980837	
12.8	0	1.36568646601813	

13.2	-24	0.901892253744603	
13.2	-22	0.963217632910021	
13.2	-20	1.02305939051013	
13.2	-18	1.08076863373955	
13.2	-16	1.13524534829484	
13.2	-14	1.1858541089437	
13.2	-12	1.23146911526148	
13.2	-11	1.25218372509557	
13.2	-10	1.27147529838531	
13.2	-9	1.28907274809386	
13.2	-8	1.30505851680749	
13.2	-7	1.3193062092357	
13.2	-6	1.3317556536964	
13.2	-5	1.34240139181156	
13.2	-4	1.35116848740556	
13.2	-3	1.35801442528449	
13.2	-2	1.36296341229275	
13.2	-1.5	1.36471828119993	
13.2	-1	1.36591153889493	
13.2	-0.5	1.36668093652046	
13.2	0	1.36689825361487	

13.6	-24	0.921052264744462	
13.6	-22	0.980449778423716	
13.6	-20	1.03835927318591	
13.6	-18	1.09387551779288	
13.6	-16	1.14630909558246	
13.6	-14	1.19486439032531	
13.6	-12	1.23857235949967	
13.6	-11	1.25843030869122	
13.6	-10	1.2768204717432	
13.6	-9	1.29366562675545	
13.6	-8	1.30893850667791	
13.6	-7	1.32255540595591	
13.6	-6	1.33446510879596	
13.6	-5	1.34461872075985	
13.6	-4	1.35293787258119	
13.6	-3	1.35946065206415	
13.6	-2	1.36418021897236	
13.6	-1.5	1.36581052634982	
13.6	-1	1.3669917681814	
13.6	-0.5	1.36770086277564	
13.6	0	1.36793892762987	

14	-24	0.939167301350646	
14	-22	0.996710424377753	
14	-20	1.052663463364	
14	-18	1.1061981779654	
14	-16	1.15675307351521	
14	-14	1.20335878249137	
14	-12	1.24523340590342	
14	-11	1.26420723521077	
14	-10	1.28183966403157	
14	-9	1.2979540432168	
14	-8	1.31255180337703	
14	-7	1.32556750110519	
14	-6	1.33695165985986	
14	-5	1.34664842819407	
14	-4	1.35465335505835	
14	-3	1.36091365233126	
14	-2	1.36537131677524	
14	-1.5	1.36693386574733	
14	-1	1.36808111965186	
14	-0.5	1.36872499224766	
14	0	1.36897552169889	

14.4	-24	0.956173637346442	
14.4	-22	1.01216395350772	
14.4	-20	1.06620621829542	
14.4	-18	1.11801467792785	
14.4	-16	1.16655591921855	
14.4	-14	1.21134015564103	
14.4	-12	1.2514518455667	
14.4	-11	1.26966139897063	
14.4	-10	1.28649574683284	
14.4	-9	1.30195599823317	
14.4	-8	1.31592413926688	
14.4	-7	1.32837191208344	
14.4	-6	1.33927378538618	
14.4	-5	1.34854404659918	
14.4	-4	1.35623937547443	
14.4	-3	1.36217063684941	
14.4	-2	1.36645364179287	
14.4	-1.5	1.36795604590863	
14.4	-1	1.36901554749708	
14.4	-0.5	1.36964005257769	
14.4	0	1.36985980530783	

14.8	-24	0.972450463877632	
14.8	-22	1.0266432703827	
14.8	-20	1.07904472023589	
14.8	-18	1.12878069409748	
14.8	-16	1.17571745147407	
14.8	-14	1.21861041891584	
14.8	-12	1.25725960638534	
14.8	-11	1.27473747017291	
14.8	-10	1.29091163973631	
14.8	-9	1.30568280691744	
14.8	-8	1.31907693941721	
14.8	-7	1.3309920761463	
14.8	-6	1.34139200020831	
14.8	-5	1.35028525149611	
14.8	-4	1.35760987220642	
14.8	-3	1.36331865385932	
14.8	-2	1.36744658055178	
14.8	-1.5	1.36888589849914	
14.8	-1	1.36990409610217	
14.8	-0.5	1.37053914975376	
14.8	0	1.37073136648077	

15.2	-24	0.987900392938489	
15.2	-22	1.04036941732826	
15.2	-20	1.09099761546206	
15.2	-18	1.13919248468164	
15.2	-16	1.1843686310711	
15.2	-14	1.22555704416988	
15.2	-12	1.26268099457517	
15.2	-11	1.27946108366771	
15.2	-10	1.29498948161375	
15.2	-9	1.30918674809872	
15.2	-8	1.32202724776661	
15.2	-7	1.33346382277447	
15.2	-6	1.34343665482772	
15.2	-5	1.35192028180498	
15.2	-4	1.35890941592664	
15.2	-3	1.36436191567955	
15.2	-2	1.36832716601379	
15.2	-1.5	1.36971328078079	
15.2	-1	1.37069147598461	
15.2	-0.5	1.37128826067219	
15.2	0	1.37146367637272	

15.6	-24	1.0025938685375	
15.6	-22	1.05356964017146	
15.6	-20	1.10236970957987	
15.6	-18	1.14890731681277	
15.6	-16	1.19234500183904	
15.6	-14	1.23218001416766	
15.6	-12	1.26784102516985	
15.6	-11	1.28392601023727	
15.6	-10	1.29884164644567	
15.6	-9	1.31246706258054	
15.6	-8	1.32478948115128	
15.6	-7	1.33575784799201	
15.6	-6	1.34534169710708	
15.6	-5	1.3535241382854	
15.6	-4	1.36022819140645	
15.6	-3	1.36543678130086	
15.6	-2	1.36916253760629	
15.6	-1.5	1.3704781289034	
15.6	-1	1.37141917913589	
15.6	-0.5	1.37199505353003	
15.6	0	1.37216371557614	

16	-24	1.0164244301806	
16	-22	1.06580735727355	
16	-20	1.11313187953697	
16	-18	1.15806464157596	
16	-16	1.2000200702249	
16	-14	1.23837578835193	
16	-12	1.27262406565992	
16	-11	1.28815370459836	
16	-10	1.30245753596489	
16	-9	1.31554925269152	
16	-8	1.3273817716585	
16	-7	1.33790239304243	
16	-6	1.34710989291523	
16	-5	1.3549287703415	
16	-4	1.36140749493662	
16	-3	1.36643658153398	
16	-2	1.37004030596266	
16	-1.5	1.37130735034059	
16	-1	1.37220947442008	
16	-0.5	1.37275224575629	
16	0	1.37294046578329	

16.8	-24	1.04203211964705	
16.8	-22	1.08854364818931	
16.8	-20	1.13299038035092	
16.8	-18	1.17490586117552	
16.8	-16	1.21398547563183	
16.8	-14	1.24965510005174	
16.8	-12	1.28147216339311	
16.8	-11	1.29581644522548	
16.8	-10	1.30905518721544	
16.8	-9	1.32117158844481	
16.8	-8	1.33210807590887	
16.8	-7	1.34183646683948	
16.8	-6	1.3503261412368	
16.8	-5	1.35756709895525	
16.8	-4	1.36351132706827	
16.8	-3	1.36816973012941	
16.8	-2	1.37146571031109	
16.8	-1.5	1.37266054508991	
16.8	-1	1.37345959978937	
16.8	-0.5	1.3739845625464	
16.8	0	1.37412923718023	

17.6	-24	1.06525226079213	
17.6	-22	1.10908532980331	
17.6	-20	1.15070992534237	
17.6	-18	1.19002051796536	
17.6	-16	1.22655099841557	
17.6	-14	1.25975436418829	
17.6	-12	1.28934032749872	
17.6	-11	1.30263907191606	
17.6	-10	1.31493927250685	
17.6	-9	1.32616132633615	
17.6	-8	1.33629325001089	
17.6	-7	1.34530034796104	
17.6	-6	1.35317014299139	
17.6	-5	1.35986600224909	
17.6	-4	1.36537794291751	
17.6	-3	1.36966488343635	
17.6	-2	1.37275315150499	
17.6	-1.5	1.37381319441394	
17.6	-1	1.37458305766787	
17.6	-0.5	1.37505527821976	
17.6	0	1.37521826996365	

18.4	-24	1.08631895216092	
18.4	-22	1.12759397793778	
18.4	-20	1.16682933577185	
18.4	-18	1.20375082401525	
18.4	-16	1.23773395178866	
18.4	-14	1.26878251833917	
18.4	-12	1.29634148119897	
18.4	-11	1.30874196656322	
18.4	-10	1.32017235721707	
18.4	-9	1.33060683685455	
18.4	-8	1.34002164236607	
18.4	-7	1.34839530257996	
18.4	-6	1.35568366842207	
18.4	-5	1.3619054494802	
18.4	-4	1.36701999122348	
18.4	-3	1.37100677103028	
18.4	-2	1.37385044307527	
18.4	-1.5	1.37482247138771	
18.4	-1	1.37555666198949	
18.4	-0.5	1.37596120461936	
18.4	0	1.37609774744556	

19.2	-24	1.10559541533299	
19.2	-22	1.144446373248	
19.2	-20	1.18143090209744	
19.2	-18	1.21595734808609	
19.2	-16	1.24791123344132	
19.2	-14	1.27685224785922	
19.2	-12	1.30262413243305	
19.2	-11	1.31419417326691	
19.2	-10	1.32486944989512	
19.2	-9	1.33458477837061	
19.2	-8	1.34335129446537	
19.2	-7	1.35114465423382	
19.2	-6	1.35793124210558	
19.2	-5	1.36369391119539	
19.2	-4	1.36845808076975	
19.2	-3	1.37215768942221	
19.2	-2	1.37480718305564	
19.2	-1.5	1.37574393999506	
19.2	-1	1.37639987401368	
19.2	-0.5	1.37680686372198	
19.2	0	1.37693234094762	

20	-24	1.1231420360862	
20	-22	1.15973431311994	
20	-20	1.19458283115603	
20	-18	1.2270731781358	
20	-16	1.25709128450582	
20	-14	1.28422184343058	
20	-12	1.30827695895828	
20	-11	1.31911210178582	
20	-10	1.32907860647596	
20	-9	1.33815864259255	
20	-8	1.34634620067073	
20	-7	1.3536118340158	
20	-6	1.35993580653463	
20	-5	1.36532209672285	
20	-4	1.36974438197184	
20	-3	1.37320814141642	
20	-2	1.37568138594322	
20	-1.5	1.37655185809241	
20	-1	1.37716273475488	
20	-0.5	1.37752931060679	
20	0	1.37764672540304	

20.8	-24	1.13897192847674	
20.8	-22	1.17368068964025	
20.8	-20	1.20655005208602	
20.8	-18	1.23723350082084	
20.8	-16	1.26538607396384	
20.8	-14	1.29084857592205	
20.8	-12	1.31342271725431	
20.8	-11	1.32355139694291	
20.8	-10	1.33288144745785	
20.8	-9	1.34138082085516	
20.8	-8	1.34903831092565	
20.8	-7	1.35583486446299	
20.8	-6	1.36175702068775	
20.8	-5	1.36679699188219	
20.8	-4	1.37094708527544	
20.8	-3	1.3741673820291	
20.8	-2	1.37647384034913	
20.8	-1.5	1.37728651090665	
20.8	-1	1.37787194306264	
20.8	-0.5	1.37821278025114	
20.8	0	1.37831328104246	

21.6	-24	1.15368376945606	
21.6	-22	1.18647954891886	
21.6	-20	1.21746606530059	
21.6	-18	1.24638534241205	
21.6	-16	1.27291394922738	
21.6	-14	1.29686627192456	
21.6	-12	1.31807893086337	
21.6	-11	1.32756970461861	
21.6	-10	1.33632317722558	
21.6	-9	1.34429267636384	
21.6	-8	1.35146709017493	
21.6	-7	1.35784604691394	
21.6	-6	1.3633991026546	
21.6	-5	1.36811460129565	
21.6	-4	1.37200570159647	
21.6	-3	1.37500823655896	
21.6	-2	1.37717297984001	
21.6	-1.5	1.3779188971366	
21.6	-1	1.37846720218649	
21.6	-0.5	1.37878322504896	
21.6	0	1.37889504787534	

22.4	-24	1.16702156721822	
22.4	-22	1.19812319637508	
22.4	-20	1.22740807070464	
22.4	-18	1.25472953537079	
22.4	-16	1.27975524927428	
22.4	-14	1.30233996667575	
22.4	-12	1.32227848514536	
22.4	-11	1.33121874364954	
22.4	-10	1.33944824938061	
22.4	-9	1.3469295128478	
22.4	-8	1.35367151531512	
22.4	-7	1.35965851970864	
22.4	-6	1.3648792660335	
22.4	-5	1.36930609642562	
22.4	-4	1.3729461689834	
22.4	-3	1.37576041038198	
22.4	-2	1.37779268442626	
22.4	-1.5	1.37849905186058	
22.4	-1	1.3789901687405	
22.4	-0.5	1.37932032947093	
22.4	0	1.37941055895537	

23.2	-24	1.17910733416993	
23.2	-22	1.20879973103041	
23.2	-20	1.23657953866272	
23.2	-18	1.26235523069138	
23.2	-16	1.28602677054418	
23.2	-14	1.30732661923665	
23.2	-12	1.32613063528382	
23.2	-11	1.33454680489351	
23.2	-10	1.34229152400334	
23.2	-9	1.34933256682026	
23.2	-8	1.3556727736275	
23.2	-7	1.36129877601512	
23.2	-6	1.36618589155892	
23.2	-5	1.37036269623249	
23.2	-4	1.37377256966305	
23.2	-3	1.37642591728461	
23.2	-2	1.37833379251941	
23.2	-1.5	1.37900300697613	
23.2	-1	1.37946591916372	
23.2	-0.5	1.37976664700484	
23.2	0	1.37985428845758	

24	-24	1.19041790938793	
24	-22	1.21859185576769	
24	-20	1.24500339677845	
24	-18	1.26942556935044	
24	-16	1.29176494771349	
24	-14	1.3119002780725	
24	-12	1.32963995485681	
24	-11	1.33757963812741	
24	-10	1.34488601013951	
24	-9	1.35152243789846	
24	-8	1.35749498233474	
24	-7	1.36280222533491	
24	-6	1.3674153315348	
24	-5	1.37133219600489	
24	-4	1.37454755922119	
24	-3	1.37704868880957	
24	-2	1.37884604491515	
24	-1.5	1.37948449367626	
24	-1	1.37992257293879	
24	-0.5	1.38020109522427	
24	0	1.38027788813995	

24.8	-24	1.20092737598834	
24.8	-22	1.22760217168533	
24.8	-20	1.25267096945497	
24.8	-18	1.27587680354005	
24.8	-16	1.29707444025194	
24.8	-14	1.31607245557683	
24.8	-12	1.33286155535211	
24.8	-11	1.34035873993631	
24.8	-10	1.34726081340181	
24.8	-9	1.35352851956821	
24.8	-8	1.35917398548297	
24.8	-7	1.36417497149588	
24.8	-6	1.36852231613572	
24.8	-5	1.37222162008104	
24.8	-4	1.37525040915147	
24.8	-3	1.37761726435696	
24.8	-2	1.37930379079954	
24.8	-1.5	1.37989944880953	
24.8	-1	1.38031744427177	
24.8	-0.5	1.38057522695989	
24.8	0	1.38065398722904	

25.6	-24	1.21057024983525	
25.6	-22	1.23599462305641	
25.6	-20	1.25974061131387	
25.6	-18	1.2818209540332	
25.6	-16	1.30192246691689	
25.6	-14	1.31994119361175	
25.6	-12	1.33581529586106	
25.6	-11	1.34291038315591	
25.6	-10	1.34943798069662	
25.6	-9	1.35536565827264	
25.6	-8	1.36069744701363	
25.6	-7	1.36542404486347	
25.6	-6	1.36953382982689	
25.6	-5	1.37302597347124	
25.6	-4	1.37588617690566	
25.6	-3	1.37811436962013	
25.6	-2	1.37972827085975	
25.6	-1.5	1.38029722024836	
25.6	-1	1.38068612593636	
25.6	-0.5	1.38093934471831	
25.6	0	1.38100671511084	

26.4	-24	1.21946187488213	
26.4	-22	1.24380170099549	
26.4	-20	1.26632159251377	
26.4	-18	1.28727692338349	
26.4	-16	1.30636327922913	
26.4	-14	1.32348147330421	
26.4	-12	1.33854212671818	
26.4	-11	1.34525803022637	
26.4	-10	1.35143952351066	
26.4	-9	1.35705202234446	
26.4	-8	1.3620978654162	
26.4	-7	1.3665733664973	
26.4	-6	1.37046467264729	
26.4	-5	1.37376964763803	
26.4	-4	1.37647791596505	
26.4	-3	1.37858656073994	
26.4	-2	1.38011091640436	
26.4	-1.5	1.38063259280747	
26.4	-1	1.38101153614444	
26.4	-0.5	1.38125033068455	
26.4	0	1.38131043124514	

27.2	-24	1.22774905783538	
27.2	-22	1.25085371760497	
27.2	-20	1.27248563272541	
27.2	-18	1.29233804586367	
27.2	-16	1.31047567452242	
27.2	-14	1.32673708852863	
27.2	-12	1.34104231267468	
27.2	-11	1.34742042988365	
27.2	-10	1.35328503394077	
27.2	-9	1.35860161525183	
27.2	-8	1.3633812444967	
27.2	-7	1.36762725089293	
27.2	-6	1.37131488516881	
27.2	-5	1.37444895190992	
27.2	-4	1.37702288186444	
27.2	-3	1.37902786218395	
27.2	-2	1.3804713909075	
27.2	-1.5	1.3809758645177	
27.2	-1	1.38132305174226	
27.2	-0.5	1.38155098724314	
27.2	0	1.38160015413166	

28	-24	1.23542988583438	
28	-22	1.25750737223548	
28	-20	1.27808153213247	
28	-18	1.29707707366743	
28	-16	1.31431290003714	
28	-14	1.32976643136617	
28	-12	1.34335769244672	
28	-11	1.34941796129463	
28	-10	1.35498921145733	
28	-9	1.36003802037317	
28	-8	1.36457712550537	
28	-7	1.36860108734179	
28	-6	1.37210581023016	
28	-5	1.37507761920179	
28	-4	1.37751769917079	
28	-3	1.3794039030221	
28	-2	1.38076604919756	
28	-1.5	1.38124921694793	
28	-1	1.38158437432384	
28	-0.5	1.38178959082179	
28	0	1.38184466389887	

28.8	-24	1.24260500852355	
28.8	-22	1.26365608902328	
28.8	-20	1.28331187832531	
28.8	-18	1.30139721881529	
28.8	-16	1.31787736139183	
28.8	-14	1.3325788711372	
28.8	-12	1.3455007921513	
28.8	-11	1.35126667531726	
28.8	-10	1.3565669216241	
28.8	-9	1.3613730384135	
28.8	-8	1.36568846675951	
28.8	-7	1.36951009124729	
28.8	-6	1.37283825313755	
28.8	-5	1.37566033386946	
28.8	-4	1.37798237783326	
28.8	-3	1.37977639245707	
28.8	-2	1.38106902695917	
28.8	-1.5	1.38152229834854	
28.8	-1	1.38183861643206	
28.8	-0.5	1.38204277650293	
28.8	0	1.3820976382789	

29.6	-24	1.24930638692603	
29.6	-22	1.26946083599343	
29.6	-20	1.28816957974843	
29.6	-18	1.30545240427298	
29.6	-16	1.32114016850058	
29.6	-14	1.33518369185817	
29.6	-12	1.3474940677406	
29.6	-11	1.35298089233838	
29.6	-10	1.35802413624969	
29.6	-9	1.36259619728284	
29.6	-8	1.36670825672187	
29.6	-7	1.37035158236238	
29.6	-6	1.37351336395779	
29.6	-5	1.37619851829029	
29.6	-4	1.37841281576041	
29.6	-3	1.38012079757596	
29.6	-2	1.38135644218063	
29.6	-1.5	1.38179002054113	
29.6	-1	1.38209020746205	
29.6	-0.5	1.3822807365264	
29.6	0	1.38232463869548	

30.4	-24	1.2555519573298	
30.4	-22	1.27481408684819	
30.4	-20	1.29272825017434	
30.4	-18	1.30921942777398	
30.4	-16	1.32419928336723	
30.4	-14	1.33759103474585	
30.4	-12	1.34934057736622	
30.4	-11	1.35457292020131	
30.4	-10	1.35937861668552	
30.4	-9	1.36373246476935	
30.4	-8	1.36764644578421	
30.4	-7	1.37111336094987	
30.4	-6	1.37413140067141	
30.4	-5	1.37669228094901	
30.4	-4	1.37879670521638	
30.4	-3	1.38041941528559	
30.4	-2	1.38158272224251	
30.4	-1.5	1.38198996569465	
30.4	-1	1.38228055203164	
30.4	-0.5	1.38246798089688	
30.4	0	1.3825178500704	

31.2	-24	1.26137670065889	
31.2	-22	1.2798285248759	
31.2	-20	1.29694978647346	
31.2	-18	1.31274508078122	
31.2	-16	1.32706165231437	
31.2	-14	1.33984674618898	
31.2	-12	1.35106093401085	
31.2	-11	1.35605579594778	
31.2	-10	1.36064518155397	
31.2	-9	1.36480083666035	
31.2	-8	1.36853675569847	
31.2	-7	1.37183729785518	
31.2	-6	1.37470974495563	
31.2	-5	1.37715457972642	
31.2	-4	1.37915036149963	
31.2	-3	1.38069501520839	
31.2	-2	1.38180987785786	
31.2	-1.5	1.38220380886001	
31.2	-1	1.38247673185294	
31.2	-0.5	1.38264786108691	
31.2	0	1.38269526257515	

32	-24	1.26681585217659	
32	-22	1.28449598960291	
32	-20	1.30092253054199	
32	-18	1.31601462272328	
32	-16	1.32972318708336	
32	-14	1.34194825102735	
32	-12	1.3526654502564	
32	-11	1.35743631287459	
32	-10	1.36181853550329	
32	-9	1.36579063648691	
32	-8	1.36935705278469	
32	-7	1.37250644761074	
32	-6	1.37525686285836	
32	-5	1.37758352674125	
32	-4	1.37950329177522	
32	-3	1.38097148568236	
32	-2	1.38204470051475	
32	-1.5	1.38242037103608	
32	-1	1.38266585584279	
32	-0.5	1.38284666912556	
32	0	1.38289160211481	

32.8	-24	1.27189092506482	
32.8	-22	1.28889176871412	
32.8	-20	1.3046306203859	
32.8	-18	1.31909996486744	
32.8	-16	1.33221516573387	
32.8	-14	1.34390933849042	
32.8	-12	1.35416367467593	
32.8	-11	1.35872576124301	
32.8	-10	1.36291624572233	
32.8	-9	1.36670975737189	
32.8	-8	1.37012067192727	
32.8	-7	1.37313919589084	
32.8	-6	1.37576195031493	
32.8	-5	1.37799095489732	
32.8	-4	1.37981182599955	
32.8	-3	1.38122798020574	
32.8	-2	1.38224680953838	
32.8	-1.5	1.38260664591116	
32.8	-1	1.38285413698139	
32.8	-0.5	1.38301244911001	
32.8	0	1.38305877104716	

33.6	-24	1.27672043606987	
33.6	-22	1.29297823171337	
33.6	-20	1.30810837922488	
33.6	-18	1.32197781515031	
33.6	-16	1.33453744695261	
33.6	-14	1.34574653597994	
33.6	-12	1.35556422451182	
33.6	-11	1.35993262699728	
33.6	-10	1.36394352446183	
33.6	-9	1.36757437762571	
33.6	-8	1.3708333571051	
33.6	-7	1.37371651305851	
33.6	-6	1.37622570775563	
33.6	-5	1.37835784016463	
33.6	-4	1.38009075518679	
33.6	-3	1.38145624427271	
33.6	-2	1.38242440848449	
33.6	-1.5	1.38277849155691	
33.6	-1	1.38301444591436	
33.6	-0.5	1.38316977596071	
33.6	0	1.38320841679297	

34.4	-24	1.28118275979103	
34.4	-22	1.29687676471089	
34.4	-20	1.31135676457314	
34.4	-18	1.3246679394382	
34.4	-16	1.33673401904498	
34.4	-14	1.34746920383989	
34.4	-12	1.3568761675218	
34.4	-11	1.36106044385507	
34.4	-10	1.36490439242972	
34.4	-9	1.36837882660061	
34.4	-8	1.3715017409664	
34.4	-7	1.3742624206677	
34.4	-6	1.37666572811259	
34.4	-5	1.37870932701036	
34.4	-4	1.38038194511716	
34.4	-3	1.38167778391466	
34.4	-2	1.38261277010781	
34.4	-1.5	1.38294194025743	
34.4	-1	1.38316504107164	
34.4	-0.5	1.38331590031418	
34.4	0	1.38335218808723	

35.2	-24	1.2854120266896	
35.2	-22	1.30048887798857	
35.2	-20	1.31442046288663	
35.2	-18	1.32721310915906	
35.2	-16	1.33877226987807	
35.2	-14	1.34908203362419	
35.2	-12	1.35810599191599	
35.2	-11	1.36211870896025	
35.2	-10	1.36580500690375	
35.2	-9	1.36913759573653	
35.2	-8	1.3721330332124	
35.2	-7	1.37477905267953	
35.2	-6	1.3770791946487	
35.2	-5	1.37904020368875	
35.2	-4	1.38064643954744	
35.2	-3	1.38188514937729	
35.2	-2	1.38277139777635	
35.2	-1.5	1.38309361358849	
35.2	-1	1.38330993248651	
35.2	-0.5	1.38344834864397	
35.2	0	1.38348046955823	

36	-24	1.28944230882346	
36	-22	1.30390890971798	
36	-20	1.31728946018436	
36	-18	1.32958197304132	
36	-16	1.34070549743858	
36	-14	1.35059850206006	
36	-12	1.35926154627151	
36	-11	1.3631120654701	
36	-10	1.36664740199525	
36	-9	1.3698424007583	
36	-8	1.37271114749895	
36	-7	1.37525261199309	
36	-6	1.377457974681	
36	-5	1.37932796864269	
36	-4	1.38087420196315	
36	-3	1.382065718782	
36	-2	1.38292455028245	
36	-1.5	1.3832276922509	
36	-1	1.38342701604425	
36	-0.5	1.38356975821857	
36	0	1.38360137348566	

36.8	-24	1.29321377947655	
36.8	-22	1.30713618263631	
36.8	-20	1.32000264646838	
36.8	-18	1.33182766797124	
36.8	-16	1.34251513084918	
36.8	-14	1.35202581237603	
36.8	-12	1.36034708457371	
36.8	-11	1.3640453998353	
36.8	-10	1.36744171976692	
36.8	-9	1.37051099917443	
36.8	-8	1.37326919200457	
36.8	-7	1.37571109204103	
36.8	-6	1.37782875888033	
36.8	-5	1.37962940937986	
36.8	-4	1.38110673881594	
36.8	-3	1.38224495677354	
36.8	-2	1.38307224852969	
36.8	-1.5	1.38336077451844	
36.8	-1	1.38355235074021	
36.8	-0.5	1.3836870980802	
36.8	0	1.38371588355584	

37.6	-24	1.29673542072645	
37.6	-22	1.31018673045579	
37.6	-20	1.32258930543493	
37.6	-18	1.33394452387734	
37.6	-16	1.34422799268059	
37.6	-14	1.35336855240423	
37.6	-12	1.36136991978588	
37.6	-11	1.3649259714925	
37.6	-10	1.36819035084717	
37.6	-9	1.3711390342005	
37.6	-8	1.37379104013341	
37.6	-7	1.37612782858256	
37.6	-6	1.37815844904633	
37.6	-5	1.37989323678183	
37.6	-4	1.38130739172915	
37.6	-3	1.38240781251944	
37.6	-2	1.38319913513537	
37.6	-1.5	1.38347653165668	
37.6	-1	1.3836650970033	
37.6	-0.5	1.38379089237893	
37.6	0	1.38382255430283	

38.4	-24	1.30008428139562	
38.4	-22	1.31303441471486	
38.4	-20	1.32498655199829	
38.4	-18	1.3359464926752	
38.4	-16	1.34583773645617	
38.4	-14	1.35463407292867	
38.4	-12	1.36233332387584	
38.4	-11	1.36575215998114	
38.4	-10	1.36889416638746	
38.4	-9	1.37172942449093	
38.4	-8	1.37427853187813	
38.4	-7	1.37653342255665	
38.4	-6	1.37848867180625	
38.4	-5	1.38015535175334	
38.4	-4	1.38151297828686	
38.4	-3	1.38256660786465	
38.4	-2	1.3833260871881	
38.4	-1.5	1.38359482548913	
38.4	-1	1.38378194340793	
38.4	-0.5	1.38389681732167	
38.4	0	1.38392676865	

39.2	-24	1.30323686743904	
39.2	-22	1.31573193308535	
39.2	-20	1.32726467406125	
39.2	-18	1.33782387888433	
39.2	-16	1.34735974924168	
39.2	-14	1.35583349695576	
39.2	-12	1.36324077878454	
39.2	-11	1.36653265162243	
39.2	-10	1.36955573628299	
39.2	-9	1.37228856806996	
39.2	-8	1.37473968228709	
39.2	-7	1.37690776575841	
39.2	-6	1.37879342490513	
39.2	-5	1.38038716411495	
39.2	-4	1.38170494386641	
39.2	-3	1.38271403577412	
39.2	-2	1.38344939052125	
39.2	-1.5	1.38370436544286	
39.2	-1	1.38387792617503	
39.2	-0.5	1.38399280008322	
39.2	0	1.38402141115228	

40	-24	1.30624	
40	-22	1.31829	
40	-20	1.32942	
40	-18	1.3396	
40	-16	1.34879	
40	-14	1.35696	
40	-12	1.3641	
40	-11	1.36727	
40	-10	1.37018	
40	-9	1.37281	
40	-8	1.37517	
40	-7	1.37726	
40	-6	1.37907	
40	-5	1.38061	
40	-4	1.38187	
40	-3	1.38285	
40	-2	1.38355	
40	-1.5	1.3838	
40	-1	1.38397	
40	-0.5	1.38408	
40	0	1.38411	

