0.3	0	0.683527625590951	

0.35	0	0.687259954768882	

0.4	-24	-0.0012117066861723	
0.4	-22	-0.00117590522570483	
0.4	-20	-0.00101848100569928	
0.4	-18	-0.0010720506499365	
0.4	-16	-0.000869783085830335	
0.4	-14	-0.000476855542265147	
0.4	-12	0.00405574909836216	
0.4	-11	0.0274066968921023	
0.4	-10	0.0742120759591565	
0.4	-9	0.122247448178804	
0.4	-8	0.1862148403636	
0.4	-7	0.263130695229415	
0.4	-6	0.358426687787013	
0.4	-5	0.444524242497707	
0.4	-4	0.515473485450482	
0.4	-3	0.592843256595214	
0.4	-2	0.649986760963344	
0.4	-1.5	0.677793965713931	
0.4	-1	0.687480132009831	
0.4	-0.5	0.693752890241928	
0.4	0	0.692543948131453	

0.5	-24	-0.000425436855787096	
0.5	-22	-0.000541252910641367	
0.5	-20	-0.000544852894416589	
0.5	-18	-0.000738716477911435	
0.5	-16	-0.000593429066999031	
0.5	-14	-0.000277595986747082	
0.5	-12	0.00931451372334422	
0.5	-11	0.0417075089776111	
0.5	-10	0.093143550376428	
0.5	-9	0.156711412644108	
0.5	-8	0.231754143694204	
0.5	-7	0.331483441077951	
0.5	-6	0.425962302270388	
0.5	-5	0.512224373231939	
0.5	-4	0.589483313525513	
0.5	-3	0.644805589855713	
0.5	-2	0.693687252181562	
0.5	-1.5	0.702265627401353	
0.5	-1	0.710226292605071	
0.5	-0.5	0.707130432801184	
0.5	0	0.70674872047119	

0.6	-24	-0.000175070261201203	
0.6	-22	-0.000315621592562364	
0.6	-20	-0.000349393180858615	
0.6	-18	-0.000568317049777259	
0.6	-16	-0.000464533928741233	
0.6	-14	0.00105716968155511	
0.6	-12	0.0194677015982851	
0.6	-11	0.0539412808857545	
0.6	-10	0.111689651545398	
0.6	-9	0.192913127042584	
0.6	-8	0.281234259533672	
0.6	-7	0.384969041740485	
0.6	-6	0.489347764737446	
0.6	-5	0.577545819257875	
0.6	-4	0.643493192247696	
0.6	-3	0.698180567528013	
0.6	-2	0.724045499820604	
0.6	-1.5	0.721689801971943	
0.6	-1	0.721673639520914	
0.6	-0.5	0.719712636678118	
0.6	0	0.721259970196858	

0.7	-24	-2.85726915765042e-05	
0.7	-22	-0.000208086999484968	
0.7	-20	-0.000301767624801712	
0.7	-18	-0.000515593178681932	
0.7	-16	-0.000230278289022056	
0.7	-14	0.00294804921163688	
0.7	-12	0.0282789816384418	
0.7	-11	0.0704461264471559	
0.7	-10	0.139995710026432	
0.7	-9	0.228388718907158	
0.7	-8	0.333904391833004	
0.7	-7	0.44104276032923	
0.7	-6	0.544336168735528	
0.7	-5	0.632145627068729	
0.7	-4	0.693163085547618	
0.7	-3	0.731630522808306	
0.7	-2	0.743029718247911	
0.7	-1.5	0.741278156661216	
0.7	-1	0.738604301148049	
0.7	-0.5	0.733172920513088	
0.7	0	0.733060219113008	

0.8	-24	2.21308489842083e-06	
0.8	-22	-0.000147889794583401	
0.8	-20	-0.000257615761189856	
0.8	-18	-0.000300743873577274	
0.8	-16	0.000454538972846485	
0.8	-14	0.00547868702880512	
0.8	-12	0.0411099284771686	
0.8	-11	0.0919713801886564	
0.8	-10	0.171011036055832	
0.8	-9	0.267723842719703	
0.8	-8	0.380517491262334	
0.8	-7	0.495534175280383	
0.8	-6	0.597815363070521	
0.8	-5	0.682833939999669	
0.8	-4	0.73456018805424	
0.8	-3	0.762833721907538	
0.8	-2	0.763942853428666	
0.8	-1.5	0.759119996329179	
0.8	-1	0.751769796661	
0.8	-0.5	0.747488041644767	
0.8	0	0.74376804550409	

0.9	-24	5.44484500607009e-05	
0.9	-22	-0.000151545221227958	
0.9	-20	-0.000227441614583345	
0.9	-18	-0.000225534880957278	
0.9	-16	0.000923944747071274	
0.9	-14	0.00986495404506251	
0.9	-12	0.0554703622375646	
0.9	-11	0.115276868493212	
0.9	-10	0.199582132019156	
0.9	-9	0.304708646258857	
0.9	-8	0.423194973243071	
0.9	-7	0.541507206209614	
0.9	-6	0.6452794943765	
0.9	-5	0.721118018810701	
0.9	-4	0.767960922496166	
0.9	-3	0.789518395817868	
0.9	-2	0.784045728553124	
0.9	-1.5	0.775744694269885	
0.9	-1	0.766200150530103	
0.9	-0.5	0.761522832575635	
0.9	0	0.759026553268361	

1	-24	7.7332164221225e-05	
1	-22	-0.000115849701555764	
1	-20	-0.00015358855601341	
1	-18	4.83564387629549e-05	
1	-16	0.00252333880293374	
1	-14	0.0159473897038792	
1	-12	0.0748184679504695	
1	-11	0.140003712819415	
1	-10	0.231897039317726	
1	-9	0.343910334966576	
1	-8	0.466668813336262	
1	-7	0.585935600280811	
1	-6	0.689604614654959	
1	-5	0.761690168527038	
1	-4	0.803444121288267	
1	-3	0.814728899746781	
1	-2	0.801607006621541	
1	-1.5	0.791896219768607	
1	-1	0.782648762379672	
1	-0.5	0.774868758523104	
1	0	0.773732862852551	

1.2	-24	0.000137992051215137	
1.2	-22	-8.21421493977321e-06	
1.2	-20	0.000272163597193201	
1.2	-18	0.00158119819965664	
1.2	-16	0.00848867985634003	
1.2	-14	0.0350230046106989	
1.2	-12	0.117436378969673	
1.2	-11	0.195582222277428	
1.2	-10	0.300003405264006	
1.2	-9	0.420408039767439	
1.2	-8	0.546257571730146	
1.2	-7	0.664676510279231	
1.2	-6	0.760687933724543	
1.2	-5	0.823303576949055	
1.2	-4	0.856719791475266	
1.2	-3	0.857081475326256	
1.2	-2	0.837827862661046	
1.2	-1.5	0.82625817591477	
1.2	-1	0.815906990397106	
1.2	-0.5	0.809307560677576	
1.2	0	0.807580074862536	

1.4	-24	0.000190483051680547	
1.4	-22	0.000275879378606307	
1.4	-20	0.0013615087508987	
1.4	-18	0.00525101795443261	
1.4	-16	0.0188700668906907	
1.4	-14	0.0594313340475298	
1.4	-12	0.167887562765881	
1.4	-11	0.256944652881344	
1.4	-10	0.366622684457368	
1.4	-9	0.491079320853169	
1.4	-8	0.619144601869686	
1.4	-7	0.732000218762189	
1.4	-6	0.81983544745261	
1.4	-5	0.876050687201796	
1.4	-4	0.897834606045706	
1.4	-3	0.892538849940326	
1.4	-2	0.870587473375438	
1.4	-1.5	0.859998116090586	
1.4	-1	0.849587666989611	
1.4	-0.5	0.844044252259589	
1.4	0	0.841402428323926	

1.6	-24	0.000505659237177551	
1.6	-22	0.00127614984955824	
1.6	-20	0.00393835092198566	
1.6	-18	0.0121078170801152	
1.6	-16	0.0342499524513881	
1.6	-14	0.092975608752003	
1.6	-12	0.220767314301805	
1.6	-11	0.318239553295531	
1.6	-10	0.432984568183574	
1.6	-9	0.557497822288599	
1.6	-8	0.679952111152042	
1.6	-7	0.7875732842236	
1.6	-6	0.867424647182578	
1.6	-5	0.916839095810254	
1.6	-4	0.933373844653095	
1.6	-3	0.925440780361479	
1.6	-2	0.905967672439934	
1.6	-1.5	0.895037772124523	
1.6	-1	0.885801558282053	
1.6	-0.5	0.879982895996633	
1.6	0	0.877793569700061	

1.8	-24	0.00125703909495582	
1.8	-22	0.00303520137727384	
1.8	-20	0.00868826103818802	
1.8	-18	0.0224175663929369	
1.8	-16	0.0569246869842686	
1.8	-14	0.132769479391327	
1.8	-12	0.278304314646011	
1.8	-11	0.379291201604811	
1.8	-10	0.494761762368035	
1.8	-9	0.617557740808521	
1.8	-8	0.735535094315407	
1.8	-7	0.833949161325489	
1.8	-6	0.906861911057345	
1.8	-5	0.949785314102842	
1.8	-4	0.96304095174439	
1.8	-3	0.955176162358072	
1.8	-2	0.937639363000528	
1.8	-1.5	0.927797165474672	
1.8	-1	0.920227439513624	
1.8	-0.5	0.915149490537506	
1.8	0	0.913520198200859	

2	-24	0.00286377023786414	
2	-22	0.00663441349344603	
2	-20	0.0156326212403763	
2	-18	0.0366191802427865	
2	-16	0.0833479494043794	
2	-14	0.175403603089582	
2	-12	0.334155388660441	
2	-11	0.439107098358306	
2	-10	0.553723608829954	
2	-9	0.672227201416087	
2	-8	0.781617673004659	
2	-7	0.873689032217808	
2	-6	0.939504688465579	
2	-5	0.977438202716063	
2	-4	0.990150159083609	
2	-3	0.983153514969823	
2	-2	0.967723475907955	
2	-1.5	0.959722648780186	
2	-1	0.953365501587465	
2	-0.5	0.948867862897946	
2	0	0.947779222994294	

2.2	-24	0.00544228168250429	
2.2	-22	0.0121258625946201	
2.2	-20	0.0259441414549736	
2.2	-18	0.0554885997955426	
2.2	-16	0.113762012874076	
2.2	-14	0.220820516665223	
2.2	-12	0.390041935749307	
2.2	-11	0.494756420330034	
2.2	-10	0.608070423393562	
2.2	-9	0.719947100937597	
2.2	-8	0.823546525400735	
2.2	-7	0.907030434956393	
2.2	-6	0.966570862710777	
2.2	-5	1.0018109008159	
2.2	-4	1.01349921193851	
2.2	-3	1.00894820960368	
2.2	-2	0.996783096587945	
2.2	-1.5	0.990196281125175	
2.2	-1	0.985563856477957	
2.2	-0.5	0.981787133615949	
2.2	0	0.980306606204837	

2.4	-24	0.00954869404171935	
2.4	-22	0.0192049615729677	
2.4	-20	0.0394224448845849	
2.4	-18	0.0781289822754522	
2.4	-16	0.148935660434457	
2.4	-14	0.268458195305147	
2.4	-12	0.443345013797884	
2.4	-11	0.548216207110545	
2.4	-10	0.65610070229035	
2.4	-9	0.763717303546838	
2.4	-8	0.858371958848121	
2.4	-7	0.935676318223948	
2.4	-6	0.991304709632886	
2.4	-5	1.02343843444283	
2.4	-4	1.03560703836288	
2.4	-3	1.0324238430028	
2.4	-2	1.02393842747075	
2.4	-1.5	1.01911245409309	
2.4	-1	1.01517968088729	
2.4	-0.5	1.0118372942778	
2.4	0	1.01075163465475	

2.6	-24	0.0155040810067693	
2.6	-22	0.0298577877657426	
2.6	-20	0.0563301355809004	
2.6	-18	0.104391030964292	
2.6	-16	0.186392121061885	
2.6	-14	0.31513085343919	
2.6	-12	0.494073757553283	
2.6	-11	0.595903249464436	
2.6	-10	0.700782942414176	
2.6	-9	0.801028411906103	
2.6	-8	0.889947206483011	
2.6	-7	0.961253163795687	
2.6	-6	1.01249120935638	
2.6	-5	1.04337866375056	
2.6	-4	1.0555304516388	
2.6	-3	1.05547883831021	
2.6	-2	1.04884624194484	
2.6	-1.5	1.04554579744769	
2.6	-1	1.04248665329898	
2.6	-0.5	1.04017790096535	
2.6	0	1.03944544862408	

2.8	-24	0.0232229365731975	
2.8	-22	0.0419262175605547	
2.8	-20	0.0760839094824248	
2.8	-18	0.133392367298638	
2.8	-16	0.2249317457819	
2.8	-14	0.362599525464653	
2.8	-12	0.541858575877628	
2.8	-11	0.640526474647327	
2.8	-10	0.74097391901227	
2.8	-9	0.835112151218365	
2.8	-8	0.917293048963848	
2.8	-7	0.983620431431043	
2.8	-6	1.03149323137956	
2.8	-5	1.06090222776955	
2.8	-4	1.07413450451368	
2.8	-3	1.07584413495866	
2.8	-2	1.072135535618	
2.8	-1.5	1.06977329440547	
2.8	-1	1.06753641894461	
2.8	-0.5	1.06614425982312	
2.8	0	1.06571134810873	

3	-24	0.0327950271305607	
3	-22	0.0568428058500835	
3	-20	0.0982172963588208	
3	-18	0.163146161257341	
3	-16	0.2644118093483	
3	-14	0.406674376941937	
3	-12	0.586120399323293	
3	-11	0.6824679306049	
3	-10	0.777279348264638	
3	-9	0.865862274932833	
3	-8	0.942398175801562	
3	-7	1.00413063203788	
3	-6	1.0487131600018	
3	-5	1.07714176464714	
3	-4	1.09146398672928	
3	-3	1.09583811700003	
3	-2	1.09436488143396	
3	-1.5	1.09296573656741	
3	-1	1.09111766079617	
3	-0.5	1.09018203849196	
3	0	1.08977975680058	

3.2	-24	0.0444805706499347	
3.2	-22	0.0745612871581725	
3.2	-20	0.122726733361245	
3.2	-18	0.196566399048846	
3.2	-16	0.304632535651459	
3.2	-14	0.450826984138071	
3.2	-12	0.627157991679931	
3.2	-11	0.719864260370291	
3.2	-10	0.809754487385904	
3.2	-9	0.893119474962593	
3.2	-8	0.964627824876626	
3.2	-7	1.02244150128215	
3.2	-6	1.06473807322098	
3.2	-5	1.09235336107738	
3.2	-4	1.10737724291115	
3.2	-3	1.11320632602248	
3.2	-2	1.11424492562511	
3.2	-1.5	1.11365951907112	
3.2	-1	1.11314025050458	
3.2	-0.5	1.11227820001078	
3.2	0	1.1120114470473	

3.4	-24	0.0583966785491636	
3.4	-22	0.0936365257813211	
3.4	-20	0.148720022980623	
3.4	-18	0.230088175152426	
3.4	-16	0.345028719464111	
3.4	-14	0.492586252678154	
3.4	-12	0.665855172308437	
3.4	-11	0.754335299294136	
3.4	-10	0.839929302325869	
3.4	-9	0.918225344291201	
3.4	-8	0.985148047654326	
3.4	-7	1.03919572190485	
3.4	-6	1.07956503583187	
3.4	-5	1.10664900764672	
3.4	-4	1.12235612659366	
3.4	-3	1.1296977912206	
3.4	-2	1.1327270699109	
3.4	-1.5	1.13209066440047	
3.4	-1	1.13227106293332	
3.4	-0.5	1.13273984235237	
3.4	0	1.13258136327972	

3.6	-24	0.073839286077182	
3.6	-22	0.114887610980325	
3.6	-20	0.175833915042161	
3.6	-18	0.263790202988259	
3.6	-16	0.384017900699432	
3.6	-14	0.532637609322288	
3.6	-12	0.700609545546312	
3.6	-11	0.785702122441478	
3.6	-10	0.866626169165697	
3.6	-9	0.940693174547135	
3.6	-8	1.00353362383131	
3.6	-7	1.05495852648458	
3.6	-6	1.0934703052626	
3.6	-5	1.12011461308399	
3.6	-4	1.13669511069642	
3.6	-3	1.14580365396979	
3.6	-2	1.14910762227437	
3.6	-1.5	1.14939862215365	
3.6	-1	1.15010550554014	
3.6	-0.5	1.1504104676869	
3.6	0	1.15038848157304	

3.8	-24	0.0909092907254987	
3.8	-22	0.137418610166395	
3.8	-20	0.205335368221779	
3.8	-18	0.298818677814004	
3.8	-16	0.421451934685842	
3.8	-14	0.57050456008946	
3.8	-12	0.733064584655004	
3.8	-11	0.814468371720213	
3.8	-10	0.891231729799305	
3.8	-9	0.960770389280883	
3.8	-8	1.0207882049738	
3.8	-7	1.06940312553138	
3.8	-6	1.10646752394905	
3.8	-5	1.13269345843134	
3.8	-4	1.1498769121992	
3.8	-3	1.15981096290925	
3.8	-2	1.1645993880797	
3.8	-1.5	1.16595394320762	
3.8	-1	1.16687649972995	
3.8	-0.5	1.16733917492427	
3.8	0	1.16718823744483	

4	-24	0.109598760586709	
4	-22	0.162023643075561	
4	-20	0.234538229389727	
4	-18	0.333510229193226	
4	-16	0.458179265936989	
4	-14	0.605762800693212	
4	-12	0.763554755196434	
4	-11	0.84138709308901	
4	-10	0.913894031273847	
4	-9	0.97993530881556	
4	-8	1.03642353020857	
4	-7	1.0829991315268	
4	-6	1.11868466291616	
4	-5	1.14468695766294	
4	-4	1.16223490038776	
4	-3	1.17301177034607	
4	-2	1.17849381270513	
4	-1.5	1.18045978307872	
4	-1	1.18158381884425	
4	-0.5	1.18240811090665	
4	0	1.1825803202993	

4.2	-24	0.130022732085302	
4.2	-22	0.18674347132814	
4.2	-20	0.265071454339464	
4.2	-18	0.367436956542254	
4.2	-16	0.493138588648018	
4.2	-14	0.639543499877724	
4.2	-12	0.791593584570561	
4.2	-11	0.865367556920852	
4.2	-10	0.93485633567671	
4.2	-9	0.997123401343304	
4.2	-8	1.05097090372586	
4.2	-7	1.09553810636666	
4.2	-6	1.13019718969423	
4.2	-5	1.15589405722441	
4.2	-4	1.17354104302566	
4.2	-3	1.18529402737555	
4.2	-2	1.19215027268981	
4.2	-1.5	1.19418025512556	
4.2	-1	1.19513869643277	
4.2	-0.5	1.19568537180755	
4.2	0	1.19636451026883	

4.4	-24	0.150754794802054	
4.4	-22	0.213157162924183	
4.4	-20	0.295554949488277	
4.4	-18	0.40081525282476	
4.4	-16	0.526855597481711	
4.4	-14	0.670492428721713	
4.4	-12	0.817624417858938	
4.4	-11	0.888368541784799	
4.4	-10	0.954491783623289	
4.4	-9	1.01394931945775	
4.4	-8	1.06504246463054	
4.4	-7	1.10738712672546	
4.4	-6	1.1410549610732	
4.4	-5	1.16644786616969	
4.4	-4	1.18453856836916	
4.4	-3	1.19641435536483	
4.4	-2	1.20372900790645	
4.4	-1.5	1.20593339334972	
4.4	-1	1.2074702174299	
4.4	-0.5	1.20887565167446	
4.4	0	1.20895933340255	

4.6	-24	0.172727922480488	
4.6	-22	0.239691574768241	
4.6	-20	0.325388837891657	
4.6	-18	0.433127060404003	
4.6	-16	0.560193307509563	
4.6	-14	0.699862419372033	
4.6	-12	0.84186538677184	
4.6	-11	0.909592303026592	
4.6	-10	0.973100003223911	
4.6	-9	1.02928820085159	
4.6	-8	1.0778986260645	
4.6	-7	1.11873050550105	
4.6	-6	1.15137994956574	
4.6	-5	1.17640532695066	
4.6	-4	1.19448463995764	
4.6	-3	1.20700791944049	
4.6	-2	1.21477402324339	
4.6	-1.5	1.21737460678934	
4.6	-1	1.21916813933337	
4.6	-0.5	1.22012016516629	
4.6	0	1.22045099819704	

4.8	-24	0.196031438506349	
4.8	-22	0.266875165675492	
4.8	-20	0.356206168680094	
4.8	-18	0.464392501591784	
4.8	-16	0.59090772964552	
4.8	-14	0.728344845411063	
4.8	-12	0.86497568330748	
4.8	-11	0.929552592410974	
4.8	-10	0.989425105822855	
4.8	-9	1.04366969092828	
4.8	-8	1.09013060014085	
4.8	-7	1.12940777663634	
4.8	-6	1.16112014276906	
4.8	-5	1.18560642558799	
4.8	-4	1.20385456351599	
4.8	-3	1.21667261025546	
4.8	-2	1.22481238677165	
4.8	-1.5	1.22779128234664	
4.8	-1	1.22935009825488	
4.8	-0.5	1.23049513153776	
4.8	0	1.23070701004953	

5	-24	0.219702724416398	
5	-22	0.2935793216709	
5	-20	0.385756638283625	
5	-18	0.494790354321003	
5	-16	0.620841803924547	
5	-14	0.753132287162808	
5	-12	0.885639205794372	
5	-11	0.948051079674127	
5	-10	1.0053281307244	
5	-9	1.05687985213872	
5	-8	1.10165391477426	
5	-7	1.13946574475981	
5	-6	1.17035783344017	
5	-5	1.1945022806572	
5	-4	1.21262794398095	
5	-3	1.22554812682515	
5	-2	1.23424961338184	
5	-1.5	1.23700317125459	
5	-1	1.238885297023	
5	-0.5	1.24032037023174	
5	0	1.24060470743786	

5.2	-24	0.244189273881937	
5.2	-22	0.320746606897128	
5.2	-20	0.414515853129971	
5.2	-18	0.52502971976793	
5.2	-16	0.649168532342075	
5.2	-14	0.778250016327344	
5.2	-12	0.905301569380253	
5.2	-11	0.96480436462936	
5.2	-10	1.01999754076805	
5.2	-9	1.06953974969136	
5.2	-8	1.11246267301555	
5.2	-7	1.1490771728922	
5.2	-6	1.17903075672747	
5.2	-5	1.20284753024668	
5.2	-4	1.2210066641306	
5.2	-3	1.23392033589394	
5.2	-2	1.24251969123138	
5.2	-1.5	1.24573840647874	
5.2	-1	1.24801901440208	
5.2	-0.5	1.24899814656317	
5.2	0	1.24943877801222	

5.4	-24	0.267838344048405	
5.4	-22	0.347413922050034	
5.4	-20	0.442882275663177	
5.4	-18	0.55262952321292	
5.4	-16	0.675620275206157	
5.4	-14	0.801182926745137	
5.4	-12	0.923954877770954	
5.4	-11	0.981561976391566	
5.4	-10	1.03408494889059	
5.4	-9	1.08147082641548	
5.4	-8	1.12277189679716	
5.4	-7	1.15817870602749	
5.4	-6	1.18738720122011	
5.4	-5	1.21069012103161	
5.4	-4	1.22863753134699	
5.4	-3	1.2415469003335	
5.4	-2	1.2504545937183	
5.4	-1.5	1.25346234032011	
5.4	-1	1.25559576073994	
5.4	-0.5	1.25683077207174	
5.4	0	1.25715742748631	

5.6	-24	0.292773782318689	
5.6	-22	0.373728094143325	
5.6	-20	0.470468806236373	
5.6	-18	0.579624316008263	
5.6	-16	0.700680054962066	
5.6	-14	0.822675113567191	
5.6	-12	0.942008213039407	
5.6	-11	0.996851807193242	
5.6	-10	1.04721446891291	
5.6	-9	1.09263598448281	
5.6	-8	1.13254548324365	
5.6	-7	1.16673295069807	
5.6	-6	1.19525655204236	
5.6	-5	1.21823349750662	
5.6	-4	1.23587701950814	
5.6	-3	1.24907238330879	
5.6	-2	1.25807361391068	
5.6	-1.5	1.26117137023615	
5.6	-1	1.26329769876601	
5.6	-0.5	1.26439724042172	
5.6	0	1.26487100273548	

5.8	-24	0.317046833735967	
5.8	-22	0.400099746877029	
5.8	-20	0.497029636387772	
5.8	-18	0.606304737488621	
5.8	-16	0.724369082014219	
5.8	-14	0.843711517732276	
5.8	-12	0.958103408649141	
5.8	-11	1.01099908367761	
5.8	-10	1.05957152662957	
5.8	-9	1.10325861859896	
5.8	-8	1.14189367073014	
5.8	-7	1.17494055788469	
5.8	-6	1.20270082460676	
5.8	-5	1.22530903027442	
5.8	-4	1.24295346439629	
5.8	-3	1.25604713327306	
5.8	-2	1.26495221335091	
5.8	-1.5	1.26835877311231	
5.8	-1	1.27005839103724	
5.8	-0.5	1.27159569671006	
5.8	0	1.27190400327134	

6	-24	0.341088254269978	
6	-22	0.425930525243275	
6	-20	0.523033041553725	
6	-18	0.631272179178302	
6	-16	0.746768244031718	
6	-14	0.863301868537338	
6	-12	0.973902955872231	
6	-11	1.02414034249104	
6	-10	1.07113053221987	
6	-9	1.1134017597503	
6	-8	1.15067044368012	
6	-7	1.18272707318654	
6	-6	1.20974360074748	
6	-5	1.23188003224489	
6	-4	1.24933787201213	
6	-3	1.26213991950545	
6	-2	1.27140571180804	
6	-1.5	1.27449359685153	
6	-1	1.2765179914778	
6	-0.5	1.27778289803709	
6	0	1.27823206537781	

6.2	-24	0.365255074660653	
6.2	-22	0.450921222784033	
6.2	-20	0.548054856727457	
6.2	-18	0.655649346544612	
6.2	-16	0.768722801070652	
6.2	-14	0.881757620476171	
6.2	-12	0.988391729582551	
6.2	-11	1.03711907929488	
6.2	-10	1.08223126471969	
6.2	-9	1.1229837332106	
6.2	-8	1.15902743520656	
6.2	-7	1.19022312847201	
6.2	-6	1.21650656728352	
6.2	-5	1.2381251817458	
6.2	-4	1.25526161548709	
6.2	-3	1.26826833683081	
6.2	-2	1.27698522728148	
6.2	-1.5	1.28030493623759	
6.2	-1	1.28260443733563	
6.2	-0.5	1.28383229125945	
6.2	0	1.28437950002501	

6.4	-24	0.388021272181057	
6.4	-22	0.475471443182524	
6.4	-20	0.572836715702332	
6.4	-18	0.677842194578232	
6.4	-16	0.789889594761389	
6.4	-14	0.8990879016112	
6.4	-12	1.00242567044862	
6.4	-11	1.04933134337252	
6.4	-10	1.09287406364305	
6.4	-9	1.13223023705549	
6.4	-8	1.16696469253168	
6.4	-7	1.19726867272505	
6.4	-6	1.22287675311676	
6.4	-5	1.24407241128268	
6.4	-4	1.26094120333506	
6.4	-3	1.27353735033568	
6.4	-2	1.28251584984267	
6.4	-1.5	1.28568110127562	
6.4	-1	1.2878175726975	
6.4	-0.5	1.28901066167736	
6.4	0	1.28961866907357	

6.6	-24	0.41214339047331	
6.6	-22	0.499695477279095	
6.6	-20	0.595958016744827	
6.6	-18	0.700495120281334	
6.6	-16	0.809451692124326	
6.6	-14	0.915525198690876	
6.6	-12	1.01521314117889	
6.6	-11	1.06095687627276	
6.6	-10	1.10281374045433	
6.6	-9	1.14088959128436	
6.6	-8	1.17460874198602	
6.6	-7	1.20395947766718	
6.6	-6	1.22897754217688	
6.6	-5	1.24958219975057	
6.6	-4	1.26619177120716	
6.6	-3	1.27867129345683	
6.6	-2	1.2874430072397	
6.6	-1.5	1.29053702218694	
6.6	-1	1.29266718531668	
6.6	-0.5	1.29403721122208	
6.6	0	1.29460121503787	

6.8	-24	0.434765189504554	
6.8	-22	0.522843882630638	
6.8	-20	0.618611579455829	
6.8	-18	0.722091768770653	
6.8	-16	0.828405159371348	
6.8	-14	0.931189824798105	
6.8	-12	1.02776165534807	
6.8	-11	1.07183863981962	
6.8	-10	1.11239344312307	
6.8	-9	1.14901014677366	
6.8	-8	1.18188008809468	
6.8	-7	1.21038932838571	
6.8	-6	1.23476328527687	
6.8	-5	1.25500116923641	
6.8	-4	1.2711500496448	
6.8	-3	1.28375047624256	
6.8	-2	1.29214544547796	
6.8	-1.5	1.29525199858236	
6.8	-1	1.29744425578303	
6.8	-0.5	1.29866844987372	
6.8	0	1.29919737636143	

7	-24	0.457158264412167	
7	-22	0.5452620028284	
7	-20	0.640371856564576	
7	-18	0.742615930426006	
7	-16	0.845676687609203	
7	-14	0.94611527579501	
7	-12	1.03957906269706	
7	-11	1.08218226282874	
7	-10	1.12131955818316	
7	-9	1.15704324275506	
7	-8	1.18878381800832	
7	-7	1.2165040174869	
7	-6	1.24026349649475	
7	-5	1.26003566659294	
7	-4	1.27575124119213	
7	-3	1.28815890054252	
7	-2	1.29687012365077	
7	-1.5	1.29971433947635	
7	-1	1.3016961470846	
7	-0.5	1.30289961500329	
7	0	1.3033478111164	

7.2	-24	0.480001802943709	
7.2	-22	0.567174634807331	
7.2	-20	0.662500136649219	
7.2	-18	0.762018171200083	
7.2	-16	0.862302012453049	
7.2	-14	0.960114342531845	
7.2	-12	1.05092984167087	
7.2	-11	1.09214154134196	
7.2	-10	1.13001837023914	
7.2	-9	1.16453731597065	
7.2	-8	1.19534436466608	
7.2	-7	1.22231144386678	
7.2	-6	1.24544502226232	
7.2	-5	1.26476104943678	
7.2	-4	1.28041887363228	
7.2	-3	1.29220367479073	
7.2	-2	1.30090503796262	
7.2	-1.5	1.30379503139283	
7.2	-1	1.3058147287576	
7.2	-0.5	1.30705960778967	
7.2	0	1.30746470238479	

7.4	-24	0.501792371318309	
7.4	-22	0.588167673906985	
7.4	-20	0.682894343826977	
7.4	-18	0.780646185781101	
7.4	-16	0.878386251553514	
7.4	-14	0.973821282294506	
7.4	-12	1.06160749609436	
7.4	-11	1.10157471244194	
7.4	-10	1.13838838989298	
7.4	-9	1.1716295954084	
7.4	-8	1.20163379932626	
7.4	-7	1.22788434050587	
7.4	-6	1.25043043003541	
7.4	-5	1.26937832451563	
7.4	-4	1.28456105041419	
7.4	-3	1.29637708629592	
7.4	-2	1.30450142696952	
7.4	-1.5	1.30738731049178	
7.4	-1	1.30952400140905	
7.4	-0.5	1.31077285322551	
7.4	0	1.31125124000553	

7.6	-24	0.523211427152913	
7.6	-22	0.608808203663312	
7.6	-20	0.702485264777327	
7.6	-18	0.798193252351523	
7.6	-16	0.894271086336322	
7.6	-14	0.986581558645092	
7.6	-12	1.07181578657256	
7.6	-11	1.11043243755531	
7.6	-10	1.14622235832659	
7.6	-9	1.17859624842103	
7.6	-8	1.2076652502213	
7.6	-7	1.23319537533136	
7.6	-6	1.25518585854548	
7.6	-5	1.27352790372497	
7.6	-4	1.2885596872618	
7.6	-3	1.29997943290553	
7.6	-2	1.30823498124704	
7.6	-1.5	1.31106739487958	
7.6	-1	1.31316901699505	
7.6	-0.5	1.31424559187942	
7.6	0	1.31458317025603	

7.8	-24	0.543627380064558	
7.8	-22	0.629263665324868	
7.8	-20	0.721428459662901	
7.8	-18	0.815385024153816	
7.8	-16	0.908746705498823	
7.8	-14	0.998924018954236	
7.8	-12	1.0816089866985	
7.8	-11	1.11896088086181	
7.8	-10	1.15378288746365	
7.8	-9	1.18524877843665	
7.8	-8	1.2134056769811	
7.8	-7	1.23825394553385	
7.8	-6	1.25967509798729	
7.8	-5	1.27766527916537	
7.8	-4	1.29228457190901	
7.8	-3	1.30349651357974	
7.8	-2	1.31150893127978	
7.8	-1.5	1.31413016416245	
7.8	-1	1.316209707063	
7.8	-0.5	1.31746200605492	
7.8	0	1.31786335419324	

8	-24	0.562703892559417	
8	-22	0.649027429735537	
8	-20	0.739332302013716	
8	-18	0.83167870460676	
8	-16	0.922801430975687	
8	-14	1.01041207573998	
8	-12	1.09093463433137	
8	-11	1.1272359103524	
8	-10	1.16094311816402	
8	-9	1.19149174493729	
8	-8	1.2189626321284	
8	-7	1.24309744481759	
8	-6	1.26396013701761	
8	-5	1.28151611773408	
8	-4	1.2958840045788	
8	-3	1.30691796198503	
8	-2	1.31466530215591	
8	-1.5	1.3173319804576	
8	-1	1.3193349369437	
8	-0.5	1.32055799381934	
8	0	1.32097491235875	

8.2	-24	0.582656906205351	
8.2	-22	0.667708082495207	
8.2	-20	0.756106141906945	
8.2	-18	0.847191147121005	
8.2	-16	0.936139046992645	
8.2	-14	1.02175956104547	
8.2	-12	1.09992577277714	
8.2	-11	1.13498919331673	
8.2	-10	1.16778213244588	
8.2	-9	1.19755946075471	
8.2	-8	1.22420625667064	
8.2	-7	1.2477399523656	
8.2	-6	1.26805022139612	
8.2	-5	1.28530593989146	
8.2	-4	1.29910787200256	
8.2	-3	1.31002923102683	
8.2	-2	1.31780644918113	
8.2	-1.5	1.32047917713178	
8.2	-1	1.32239978371404	
8.2	-0.5	1.32355518278846	
8.2	0	1.32400469553016	

8.4	-24	0.601518734471027	
8.4	-22	0.685356502697995	
8.4	-20	0.77307693899355	
8.4	-18	0.862174089035477	
8.4	-16	0.94940311058946	
8.4	-14	1.03248284149683	
8.4	-12	1.10826393060747	
8.4	-11	1.14270156664124	
8.4	-10	1.17434630562952	
8.4	-9	1.20321284286575	
8.4	-8	1.22922168017734	
8.4	-7	1.25215809392869	
8.4	-6	1.27200438866271	
8.4	-5	1.28865935515578	
8.4	-4	1.30242152624878	
8.4	-3	1.31293828732543	
8.4	-2	1.32045742063722	
8.4	-1.5	1.32310195441587	
8.4	-1	1.32506015313927	
8.4	-0.5	1.32620037071647	
8.4	0	1.32667518584544	

8.6	-24	0.6198024956183	
8.6	-22	0.703482421294597	
8.6	-20	0.789747825797653	
8.6	-18	0.877100518927525	
8.6	-16	0.961789564517488	
8.6	-14	1.04272762911279	
8.6	-12	1.11649193389101	
8.6	-11	1.14984768471565	
8.6	-10	1.18066452667455	
8.6	-9	1.20878721781189	
8.6	-8	1.23402792554685	
8.6	-7	1.25637955934904	
8.6	-6	1.27583774202259	
8.6	-5	1.29207457153584	
8.6	-4	1.30532660140081	
8.6	-3	1.3158141846025	
8.6	-2	1.32319825279778	
8.6	-1.5	1.32569642685138	
8.6	-1	1.32755391501261	
8.6	-0.5	1.32860530492731	
8.6	0	1.32895764378185	

8.8	-24	0.637459801937679	
8.8	-22	0.720594991010026	
8.8	-20	0.805682182740889	
8.8	-18	0.890821491083637	
8.8	-16	0.973436583302555	
8.8	-14	1.05256904701953	
8.8	-12	1.12436588998688	
8.8	-11	1.1565908783699	
8.8	-10	1.18671339088949	
8.8	-9	1.21410616480966	
8.8	-8	1.23865672718885	
8.8	-7	1.2604399681172	
8.8	-6	1.27934709200884	
8.8	-5	1.29533678416109	
8.8	-4	1.30830328416567	
8.8	-3	1.31843223083575	
8.8	-2	1.32567330417193	
8.8	-1.5	1.32815216699964	
8.8	-1	1.33001609219385	
8.8	-0.5	1.33114599127872	
8.8	0	1.3315448838725	

9	-24	0.654810487122061	
9	-22	0.736497862498936	
9	-20	0.820834056359704	
9	-18	0.904205020658509	
9	-16	0.985148977408515	
9	-14	1.06202671705208	
9	-12	1.1318119113274	
9	-11	1.16319241473031	
9	-10	1.19248788120213	
9	-9	1.21915819774002	
9	-8	1.24306199131016	
9	-7	1.26432103037923	
9	-6	1.28266431029039	
9	-5	1.29837376589417	
9	-4	1.31107373778786	
9	-3	1.32085165840629	
9	-2	1.32790553280307	
9	-1.5	1.33038529451677	
9	-1	1.33216899158768	
9	-0.5	1.33323765211109	
9	0	1.33357598032802	

9.2	-24	0.671615866862062	
9.2	-22	0.752308301121825	
9.2	-20	0.835357410238259	
9.2	-18	0.91686856344426	
9.2	-16	0.996137973691192	
9.2	-14	1.07101755819669	
9.2	-12	1.13890160342366	
9.2	-11	1.16963997108216	
9.2	-10	1.19802027983143	
9.2	-9	1.22397030362713	
9.2	-8	1.24733702061493	
9.2	-7	1.26802579494943	
9.2	-6	1.28599697194208	
9.2	-5	1.30128069609212	
9.2	-4	1.31367779861482	
9.2	-3	1.32338670542218	
9.2	-2	1.3302265052221	
9.2	-1.5	1.3325931854367	
9.2	-1	1.33434006781265	
9.2	-0.5	1.33526190921377	
9.2	0	1.33562837040214	

9.4	-24	0.688028628428133	
9.4	-22	0.76783539417254	
9.4	-20	0.848951697653723	
9.4	-18	0.929472993374538	
9.4	-16	1.0067272249071	
9.4	-14	1.07962184690756	
9.4	-12	1.145803460934	
9.4	-11	1.17580562817167	
9.4	-10	1.20329502085903	
9.4	-9	1.2286349996256	
9.4	-8	1.2514042742171	
9.4	-7	1.27157216824138	
9.4	-6	1.28907838105316	
9.4	-5	1.30399348881688	
9.4	-4	1.31614240969717	
9.4	-3	1.32561216746476	
9.4	-2	1.33228034770477	
9.4	-1.5	1.3347114389793	
9.4	-1	1.33638831863375	
9.4	-0.5	1.33734725821281	
9.4	0	1.33773726866924	

9.6	-24	0.70466465337681	
9.6	-22	0.782944625921418	
9.6	-20	0.862791366748876	
9.6	-18	0.941442357630872	
9.6	-16	1.0170639815147	
9.6	-14	1.08801811501762	
9.6	-12	1.15234812381872	
9.6	-11	1.18160992686532	
9.6	-10	1.20842961059894	
9.6	-9	1.23312438657699	
9.6	-8	1.25530336566736	
9.6	-7	1.27496260930717	
9.6	-6	1.29206838625312	
9.6	-5	1.3066386391474	
9.6	-4	1.31843491539381	
9.6	-3	1.32772129793187	
9.6	-2	1.33428063200665	
9.6	-1.5	1.33667414292454	
9.6	-1	1.33831302115334	
9.6	-0.5	1.33933806841292	
9.6	0	1.33965565511861	

9.8	-24	0.720058188410781	
9.8	-22	0.797232925949495	
9.8	-20	0.87575025888037	
9.8	-18	0.952832377710315	
9.8	-16	1.02672052164446	
9.8	-14	1.09612920659159	
9.8	-12	1.1586942868906	
9.8	-11	1.18719437222679	
9.8	-10	1.21343061260204	
9.8	-9	1.23742998249125	
9.8	-8	1.25905422026539	
9.8	-7	1.27822911683176	
9.8	-6	1.29495900415064	
9.8	-5	1.30912161371323	
9.8	-4	1.32074448172438	
9.8	-3	1.32981992892219	
9.8	-2	1.33618008064735	
9.8	-1.5	1.33845224704171	
9.8	-1	1.34014277656342	
9.8	-0.5	1.34105307746982	
9.8	0	1.34137736542152	

10	-24	0.734970453154304	
10	-22	0.811608525993016	
10	-20	0.888169416658668	
10	-18	0.96395584800608	
10	-16	1.035948504262	
10	-14	1.10364037123494	
10	-12	1.16483215230122	
10	-11	1.19249790622933	
10	-10	1.21816168268288	
10	-9	1.24155731485752	
10	-8	1.26265131236286	
10	-7	1.28136457705108	
10	-6	1.29765545952117	
10	-5	1.31150230074536	
10	-4	1.32287101867203	
10	-3	1.33177191444851	
10	-2	1.33809852964486	
10	-1.5	1.34031160310258	
10	-1	1.34188182548467	
10	-0.5	1.34276525677085	
10	0	1.34305984672268	

10.2	-24	0.749418964888887	
10.2	-22	0.825154671627605	
10.2	-20	0.900300763609845	
10.2	-18	0.974581346761056	
10.2	-16	1.04504642539245	
10.2	-14	1.1110739607628	
10.2	-12	1.17076731662851	
10.2	-11	1.19783899173356	
10.2	-10	1.22277692268165	
10.2	-9	1.24551625617479	
10.2	-8	1.2661130096968	
10.2	-7	1.28435081328914	
10.2	-6	1.30028544647583	
10.2	-5	1.3137704936787	
10.2	-4	1.32486474716695	
10.2	-3	1.33349078245008	
10.2	-2	1.33964808515279	
10.2	-1.5	1.34178066091448	
10.2	-1	1.34333692242677	
10.2	-0.5	1.34429451453288	
10.2	0	1.34458425282215	

10.4	-24	0.763568108486974	
10.4	-22	0.838331489549009	
10.4	-20	0.912068193580114	
10.4	-18	0.984753557697061	
10.4	-16	1.05360525749527	
10.4	-14	1.11821111713517	
10.4	-12	1.17629483019496	
10.4	-11	1.20273642724678	
10.4	-10	1.22708257260451	
10.4	-9	1.24932491959926	
10.4	-8	1.26943272570832	
10.4	-7	1.28725847750465	
10.4	-6	1.30280436059596	
10.4	-5	1.31599697140595	
10.4	-4	1.32682170184018	
10.4	-3	1.33523569160052	
10.4	-2	1.34131862300529	
10.4	-1.5	1.34344576168715	
10.4	-1	1.3449579441287	
10.4	-0.5	1.34582611593361	
10.4	0	1.34609497976333	

10.6	-24	0.777612647403715	
10.6	-22	0.850849898538901	
10.6	-20	0.923178381346291	
10.6	-18	0.994618739835515	
10.6	-16	1.0617959052099	
10.6	-14	1.12503067578231	
10.6	-12	1.18181686389644	
10.6	-11	1.20754289645398	
10.6	-10	1.23132658670498	
10.6	-9	1.25302903165376	
10.6	-8	1.27262196504288	
10.6	-7	1.29002389448821	
10.6	-6	1.30518595643556	
10.6	-5	1.3180987492429	
10.6	-4	1.32865204287819	
10.6	-3	1.33689669416141	
10.6	-2	1.34275523780425	
10.6	-1.5	1.34477694471352	
10.6	-1	1.34625550707615	
10.6	-0.5	1.34717863290719	
10.6	0	1.34745349690204	

10.8	-24	0.791191637150648	
10.8	-22	0.862956434222931	
10.8	-20	0.934380052941381	
10.8	-18	1.00399229130926	
10.8	-16	1.07008018385532	
10.8	-14	1.13171614153146	
10.8	-12	1.18716546829254	
10.8	-11	1.21216389087882	
10.8	-10	1.23537978889234	
10.8	-9	1.25658128466883	
10.8	-8	1.27569513867932	
10.8	-7	1.2926849065797	
10.8	-6	1.30751200548876	
10.8	-5	1.32012348109504	
10.8	-4	1.33040274804132	
10.8	-3	1.3384589826019	
10.8	-2	1.3441601384607	
10.8	-1.5	1.34617838731176	
10.8	-1	1.34769367970123	
10.8	-0.5	1.34854381273915	
10.8	0	1.34886064055709	

11	-24	0.804034709415493	
11	-22	0.874750313765032	
11	-20	0.944716464087603	
11	-18	1.01300377355327	
11	-16	1.07779104246183	
11	-14	1.1380034372682	
11	-12	1.19217804936544	
11	-11	1.21656577591581	
11	-10	1.23931145889606	
11	-9	1.25998651787748	
11	-8	1.27864604720548	
11	-7	1.29525158413069	
11	-6	1.30968582796788	
11	-5	1.32203582833204	
11	-4	1.33216041202036	
11	-3	1.34000618194037	
11	-2	1.34564293229907	
11	-1.5	1.34757374749266	
11	-1	1.3489689447578	
11	-0.5	1.34979091185464	
11	0	1.35006544489447	

11.2	-24	0.816730966426909	
11.2	-22	0.886261486479325	
11.2	-20	0.955156285307732	
11.2	-18	1.02202592760414	
11.2	-16	1.08511729478804	
11.2	-14	1.14416263099634	
11.2	-12	1.19710711972204	
11.2	-11	1.220892920075	
11.2	-10	1.24303552367218	
11.2	-9	1.26324786742545	
11.2	-8	1.28149044852733	
11.2	-7	1.29770894794376	
11.2	-6	1.31181183145206	
11.2	-5	1.32383875999827	
11.2	-4	1.33371396755381	
11.2	-3	1.34151433081957	
11.2	-2	1.34701882532687	
11.2	-1.5	1.34894126190369	
11.2	-1	1.35033150406766	
11.2	-0.5	1.35114184921598	
11.2	0	1.35138475976601	

11.4	-24	0.829024143990375	
11.4	-22	0.897359785432552	
11.4	-20	0.965176100898104	
11.4	-18	1.03073532315686	
11.4	-16	1.09242729098641	
11.4	-14	1.1500185007447	
11.4	-12	1.20171938178368	
11.4	-11	1.22504488693078	
11.4	-10	1.24667137085528	
11.4	-9	1.26641998568222	
11.4	-8	1.28422556421758	
11.4	-7	1.30007573542457	
11.4	-6	1.3138913547843	
11.4	-5	1.32561650552746	
11.4	-4	1.33528055711236	
11.4	-3	1.3427971961407	
11.4	-2	1.34819478518252	
11.4	-1.5	1.35005996361701	
11.4	-1	1.35139489459176	
11.4	-0.5	1.35220568221778	
11.4	0	1.35246160194474	

11.6	-24	0.840806854901203	
11.6	-22	0.908059263489064	
11.6	-20	0.974827109408793	
11.6	-18	1.03887187611741	
11.6	-16	1.09934151749284	
11.6	-14	1.15559015428551	
11.6	-12	1.2062071123497	
11.6	-11	1.22907211892977	
11.6	-10	1.25013076245112	
11.6	-9	1.26946110585954	
11.6	-8	1.28685936977294	
11.6	-7	1.3023467492176	
11.6	-6	1.31584427359205	
11.6	-5	1.3273059394202	
11.6	-4	1.33673189803288	
11.6	-3	1.34404592324245	
11.6	-2	1.34931776996619	
11.6	-1.5	1.35118877462416	
11.6	-1	1.35251492275832	
11.6	-0.5	1.35328049184281	
11.6	0	1.35353223754029	

11.8	-24	0.852146891738964	
11.8	-22	0.918802940514342	
11.8	-20	0.983936562040354	
11.8	-18	1.04696113297402	
11.8	-16	1.10607070705062	
11.8	-14	1.16114574261839	
11.8	-12	1.210631527837	
11.8	-11	1.23288349384616	
11.8	-10	1.25354315328797	
11.8	-9	1.2723934850024	
11.8	-8	1.28940404715991	
11.8	-7	1.30450098973821	
11.8	-6	1.31768654069347	
11.8	-5	1.32896615079351	
11.8	-4	1.33816013793194	
11.8	-3	1.34535193792714	
11.8	-2	1.35047933667213	
11.8	-1.5	1.35225692024312	
11.8	-1	1.35352110104704	
11.8	-0.5	1.35431325196494	
11.8	0	1.35456713445604	

12	-24	0.863385357305415	
12	-22	0.928939942182698	
12	-20	0.992744433275038	
12	-18	1.05452786575906	
12	-16	1.11260343230725	
12	-14	1.16645265751106	
12	-12	1.21481021449014	
12	-11	1.23669938203939	
12	-10	1.25679398616036	
12	-9	1.27522582062327	
12	-8	1.29184427270371	
12	-7	1.30661398067996	
12	-6	1.31950624741075	
12	-5	1.33049290942759	
12	-4	1.33951227059352	
12	-3	1.3465768406883	
12	-2	1.35161785082887	
12	-1.5	1.35342367034938	
12	-1	1.35464280806737	
12	-0.5	1.3554005043835	
12	0	1.35566195006795	

12.4	-24	0.884686371319924	
12.4	-22	0.948307569302265	
12.4	-20	1.00987403374345	
12.4	-18	1.06941333081541	
12.4	-16	1.12511619303955	
12.4	-14	1.17655454654401	
12.4	-12	1.22275633661048	
12.4	-11	1.24367705672294	
12.4	-10	1.26297175308306	
12.4	-9	1.28058105480086	
12.4	-8	1.2964917385044	
12.4	-7	1.31063434105735	
12.4	-6	1.32299065806124	
12.4	-5	1.33345612576296	
12.4	-4	1.34205348181629	
12.4	-3	1.34881015536977	
12.4	-2	1.35360770096044	
12.4	-1.5	1.3553135934344	
12.4	-1	1.35651051598098	
12.4	-0.5	1.35723181552588	
12.4	0	1.3574545691495	

12.8	-24	0.904825850269252	
12.8	-22	0.966296127995519	
12.8	-20	1.0257734646558	
12.8	-18	1.08312159361876	
12.8	-16	1.1366028407144	
12.8	-14	1.18610306318813	
12.8	-12	1.23025823690294	
12.8	-11	1.25023697311872	
12.8	-10	1.26872017272163	
12.8	-9	1.28558972973162	
12.8	-8	1.30080829176672	
12.8	-7	1.31432449244789	
12.8	-6	1.32611346015017	
12.8	-5	1.33621032538824	
12.8	-4	1.34445034975851	
12.8	-3	1.35088620262384	
12.8	-2	1.35541356669139	
12.8	-1.5	1.3570662006684	
12.8	-1	1.35821192838151	
12.8	-0.5	1.35889806618333	
12.8	0	1.3591013736672	

13.2	-24	0.924104786907306	
13.2	-22	0.983446065958067	
13.2	-20	1.04112510693577	
13.2	-18	1.09583798188447	
13.2	-16	1.14752056400754	
13.2	-14	1.19485516947305	
13.2	-12	1.237206016193	
13.2	-11	1.2564306928922	
13.2	-10	1.27408782729408	
13.2	-9	1.29025163627912	
13.2	-8	1.30482722446532	
13.2	-7	1.3178041517783	
13.2	-6	1.3290700012268	
13.2	-5	1.33871206128535	
13.2	-4	1.34665206190831	
13.2	-3	1.35284574173674	
13.2	-2	1.35725663498299	
13.2	-1.5	1.3588179540151	
13.2	-1	1.35993606411317	
13.2	-0.5	1.36058135248562	
13.2	0	1.36082273984058	

13.6	-24	0.942172397412703	
13.6	-22	0.999640731466277	
13.6	-20	1.05509005468386	
13.6	-18	1.10813322357892	
13.6	-16	1.15770448476363	
13.6	-14	1.20320026711461	
13.6	-12	1.24375366690859	
13.6	-11	1.26216843270094	
13.6	-10	1.27913118715513	
13.6	-9	1.2946191250243	
13.6	-8	1.30859168331762	
13.6	-7	1.32098140280273	
13.6	-6	1.33183796807337	
13.6	-5	1.34109671602613	
13.6	-4	1.34859563905608	
13.6	-3	1.35452735905987	
13.6	-2	1.35876823959997	
13.6	-1.5	1.36023141697362	
13.6	-1	1.36134094429873	
13.6	-0.5	1.36195123002524	
13.6	0	1.36219179637477	

14	-24	0.959170109438061	
14	-22	1.01472691840085	
14	-20	1.06839588511846	
14	-18	1.11960591119948	
14	-16	1.16738484400827	
14	-14	1.21101806116962	
14	-12	1.24993076635992	
14	-11	1.26753373616774	
14	-10	1.28382513924552	
14	-9	1.29870288943516	
14	-8	1.31211526354436	
14	-7	1.32401494867823	
14	-6	1.3343911904178	
14	-5	1.3432374456694	
14	-4	1.35042562224514	
14	-3	1.35619675122708	
14	-2	1.36024269051046	
14	-1.5	1.36166767676524	
14	-1	1.36269698104307	
14	-0.5	1.36328538113744	
14	0	1.36348116170019	

14.4	-24	0.975328079492381	
14.4	-22	1.02905814798426	
14.4	-20	1.08122448015336	
14.4	-18	1.13040854130824	
14.4	-16	1.17632337903449	
14.4	-14	1.21827572447997	
14.4	-12	1.25575777166382	
14.4	-11	1.27262562242268	
14.4	-10	1.2882597989207	
14.4	-9	1.30253272035666	
14.4	-8	1.3153992836941	
14.4	-7	1.32683372675836	
14.4	-6	1.33679078580706	
14.4	-5	1.34530744175027	
14.4	-4	1.35221052899798	
14.4	-3	1.35765910138264	
14.4	-2	1.3615551715359	
14.4	-1.5	1.36292198489546	
14.4	-1	1.36388945406314	
14.4	-0.5	1.36444447163131	
14.4	0	1.36464264667967	

14.8	-24	0.990543140997796	
14.8	-22	1.04282010492622	
14.8	-20	1.09313982846675	
14.8	-18	1.14068055396833	
14.8	-16	1.18473856322972	
14.8	-14	1.22514793544107	
14.8	-12	1.26118276879157	
14.8	-11	1.27740783960096	
14.8	-10	1.29241868941759	
14.8	-9	1.30612280812618	
14.8	-8	1.31847947652595	
14.8	-7	1.32946074052435	
14.8	-6	1.3390369537938	
14.8	-5	1.34719331318445	
14.8	-4	1.35388282537918	
14.8	-3	1.35914165981432	
14.8	-2	1.36284730704016	
14.8	-1.5	1.36414411599031	
14.8	-1	1.36511035217117	
14.8	-0.5	1.3656405736344	
14.8	0	1.36583340584814	

15.2	-24	1.00486334979738	
15.2	-22	1.05553915220416	
15.2	-20	1.1042967031923	
15.2	-18	1.15022663992007	
15.2	-16	1.1927910406735	
15.2	-14	1.23160925192185	
15.2	-12	1.26626240337493	
15.2	-11	1.28190490631215	
15.2	-10	1.29631785401208	
15.2	-9	1.30949820832627	
15.2	-8	1.32138311540929	
15.2	-7	1.33192968695052	
15.2	-6	1.3411320113617	
15.2	-5	1.34894861724648	
15.2	-4	1.35536571325455	
15.2	-3	1.36043053614452	
15.2	-2	1.3640371107794	
15.2	-1.5	1.36530151778123	
15.2	-1	1.36620054995139	
15.2	-0.5	1.36673717176332	
15.2	0	1.36691400299796	

15.6	-24	1.01866737280546	
15.6	-22	1.06784592222848	
15.6	-20	1.11491561211152	
15.6	-18	1.15918028639951	
15.6	-16	1.2002914625959	
15.6	-14	1.23778050819892	
15.6	-12	1.27108994772543	
15.6	-11	1.28612436451348	
15.6	-10	1.29999767146688	
15.6	-9	1.31265812640123	
15.6	-8	1.32409209901667	
15.6	-7	1.3342760527395	
15.6	-6	1.34310978496785	
15.6	-5	1.35063650438911	
15.6	-4	1.35681241796688	
15.6	-3	1.36170307517724	
15.6	-2	1.36511470374107	
15.6	-1.5	1.36631105494402	
15.6	-1	1.36715670746408	
15.6	-0.5	1.36766274311404	
15.6	0	1.36785093859561	

16	-24	1.03173642543063	
16	-22	1.07942147738628	
16	-20	1.12474304860651	
16	-18	1.16758506463989	
16	-16	1.20735146015026	
16	-14	1.24351499191106	
16	-12	1.27562803840507	
16	-11	1.29011419804887	
16	-10	1.30345532466354	
16	-9	1.31563752618674	
16	-8	1.32662451288095	
16	-7	1.33640528048711	
16	-6	1.34492241349786	
16	-5	1.35222418416209	
16	-4	1.35815945193978	
16	-3	1.36280617203266	
16	-2	1.36611728885571	
16	-1.5	1.36726895410498	
16	-1	1.36810080839582	
16	-0.5	1.36858791895996	
16	0	1.36875326509494	

16.8	-24	1.05588311789687	
16.8	-22	1.10082047873471	
16.8	-20	1.14313655158751	
16.8	-18	1.18332343135169	
16.8	-16	1.22037123894043	
16.8	-14	1.25401695423686	
16.8	-12	1.28392065999941	
16.8	-11	1.29739295994176	
16.8	-10	1.3097870693595	
16.8	-9	1.32109861027148	
16.8	-8	1.33129763566068	
16.8	-7	1.34034484297489	
16.8	-6	1.34820623598331	
16.8	-5	1.35493862521306	
16.8	-4	1.3604601521512	
16.8	-3	1.3647677803333	
16.8	-2	1.36786275643315	
16.8	-1.5	1.36894910369255	
16.8	-1	1.36970380837539	
16.8	-0.5	1.37017347628622	
16.8	0	1.37031430519037	

17.6	-24	1.07792113896608	
17.6	-22	1.12006539168728	
17.6	-20	1.1599635868075	
17.6	-18	1.19756669844039	
17.6	-16	1.2321305698038	
17.6	-14	1.26355286090153	
17.6	-12	1.2913915430624	
17.6	-11	1.30390925220707	
17.6	-10	1.3154409967394	
17.6	-9	1.3259594875721	
17.6	-8	1.33544489579057	
17.6	-7	1.34386664134472	
17.6	-6	1.35119921790575	
17.6	-5	1.35744279788587	
17.6	-4	1.36257018378643	
17.6	-3	1.36659973834839	
17.6	-2	1.3694503678239	
17.6	-1.5	1.37041989156749	
17.6	-1	1.37116872296056	
17.6	-0.5	1.37156076045934	
17.6	0	1.37170478746945	

18.4	-24	1.09757461995018	
18.4	-22	1.13746607965817	
18.4	-20	1.17514995473491	
18.4	-18	1.21021833801064	
18.4	-16	1.24269319877832	
18.4	-14	1.27205226126642	
18.4	-12	1.29806897670665	
18.4	-11	1.30974110212817	
18.4	-10	1.32050116397807	
18.4	-9	1.33029820260681	
18.4	-8	1.33911327813487	
18.4	-7	1.34695515031937	
18.4	-6	1.35379653476093	
18.4	-5	1.35963782613046	
18.4	-4	1.36439048350088	
18.4	-3	1.36814910438097	
18.4	-2	1.37083015017593	
18.4	-1.5	1.37176733515155	
18.4	-1	1.37243670890885	
18.4	-0.5	1.37283346928894	
18.4	0	1.37296366056805	

19.2	-24	1.11572072107114	
19.2	-22	1.15326106008232	
19.2	-20	1.1887476461559	
19.2	-18	1.22181381238379	
19.2	-16	1.25219080334937	
19.2	-14	1.27973523022381	
19.2	-12	1.30406924481717	
19.2	-11	1.31499253375988	
19.2	-10	1.32505057469606	
19.2	-9	1.33421687975287	
19.2	-8	1.34247006187293	
19.2	-7	1.34978281154228	
19.2	-6	1.35612646117401	
19.2	-5	1.36153811310422	
19.2	-4	1.36598987385261	
19.2	-3	1.36945845080309	
19.2	-2	1.37192786874466	
19.2	-1.5	1.37280158660412	
19.2	-1	1.37343196501987	
19.2	-0.5	1.37380127435099	
19.2	0	1.3739233792023	

20	-24	1.13219566243504	
20	-22	1.16773837719778	
20	-20	1.20109252437377	
20	-18	1.23231721043298	
20	-16	1.26085833423112	
20	-14	1.28668721673692	
20	-12	1.30950204071957	
20	-11	1.31973441734932	
20	-10	1.32915298167624	
20	-9	1.33772655129826	
20	-8	1.34545353782417	
20	-7	1.35229295637248	
20	-6	1.35825941066801	
20	-5	1.36336795917105	
20	-4	1.36750488016245	
20	-3	1.37078986005398	
20	-2	1.37308649875742	
20	-1.5	1.37390321882961	
20	-1	1.37449333647311	
20	-0.5	1.37483422340797	
20	0	1.37495760386058	

20.8	-24	1.14721596087126	
20.8	-22	1.18089859413262	
20.8	-20	1.21241427040207	
20.8	-18	1.24181372252744	
20.8	-16	1.26871120426526	
20.8	-14	1.29298057311653	
20.8	-12	1.3144205149218	
20.8	-11	1.32402575229827	
20.8	-10	1.3328635558574	
20.8	-9	1.34090754773416	
20.8	-8	1.34815623758906	
20.8	-7	1.35457246455984	
20.8	-6	1.36017593106376	
20.8	-5	1.36491149048808	
20.8	-4	1.368792790373	
20.8	-3	1.37184979975363	
20.8	-2	1.37403112943303	
20.8	-1.5	1.37480558912015	
20.8	-1	1.37535501520552	
20.8	-0.5	1.37566898685557	
20.8	0	1.37578712146482	

21.6	-24	1.16113648152913	
21.6	-22	1.1928495414654	
21.6	-20	1.22277097193968	
21.6	-18	1.25048654498024	
21.6	-16	1.27585563776125	
21.6	-14	1.29872436864334	
21.6	-12	1.31888972515169	
21.6	-11	1.32792187560297	
21.6	-10	1.33623461679745	
21.6	-9	1.34379675897844	
21.6	-8	1.35059662191834	
21.6	-7	1.35663799300874	
21.6	-6	1.36188500203656	
21.6	-5	1.36635675648071	
21.6	-4	1.37000991598891	
21.6	-3	1.37289652768706	
21.6	-2	1.37491076195761	
21.6	-1.5	1.37562837521928	
21.6	-1	1.37613133346762	
21.6	-0.5	1.37644436154794	
21.6	0	1.37655796725525	

22.4	-24	1.17372659689829	
22.4	-22	1.20391248855507	
22.4	-20	1.23216582612309	
22.4	-18	1.25843933114322	
22.4	-16	1.28238835831405	
22.4	-14	1.30396094631406	
22.4	-12	1.32296281090205	
22.4	-11	1.33147044896503	
22.4	-10	1.33929204507947	
22.4	-9	1.34640577415656	
22.4	-8	1.35280022872596	
22.4	-7	1.35848237834802	
22.4	-6	1.36342653574947	
22.4	-5	1.36764526223354	
22.4	-4	1.37108721656657	
22.4	-3	1.37377662462785	
22.4	-2	1.37569421178913	
22.4	-1.5	1.37636531987676	
22.4	-1	1.37685704956331	
22.4	-0.5	1.37713689211666	
22.4	0	1.37721676678128	

23.2	-24	1.18546657397209	
23.2	-22	1.2141181854157	
23.2	-20	1.24081338066363	
23.2	-18	1.26569744486612	
23.2	-16	1.28835818193295	
23.2	-14	1.30874670103267	
23.2	-12	1.3266815262548	
23.2	-11	1.33470885184158	
23.2	-10	1.34208592862133	
23.2	-9	1.34879215970135	
23.2	-8	1.35482210313538	
23.2	-7	1.36016553373775	
23.2	-6	1.36482404773518	
23.2	-5	1.36879643308843	
23.2	-4	1.37202020707018	
23.2	-3	1.37458126855179	
23.2	-2	1.37636366632285	
23.2	-1.5	1.37700569243601	
23.2	-1	1.37747553386748	
23.2	-0.5	1.37772892629349	
23.2	0	1.37781542439745	

24	-24	1.19627116852664	
24	-22	1.2234571311509	
24	-20	1.24879456925455	
24	-18	1.27234511591221	
24	-16	1.2938446400542	
24	-14	1.31312771426926	
24	-12	1.3300907514586	
24	-11	1.33767354291641	
24	-10	1.34464252973109	
24	-9	1.3509757589479	
24	-8	1.3566754164694	
24	-7	1.36172076762926	
24	-6	1.36608306676659	
24	-5	1.36983585476073	
24	-4	1.37289546041534	
24	-3	1.37528659030333	
24	-2	1.37698542067742	
24	-1.5	1.37758426465207	
24	-1	1.37801643294623	
24	-0.5	1.37826736746963	
24	0	1.37834733948419	

24.8	-24	1.20625296490023	
24.8	-22	1.23204765535215	
24.8	-20	1.2562362200324	
24.8	-18	1.27851296403818	
24.8	-16	1.29886263104577	
24.8	-14	1.31715389505807	
24.8	-12	1.33321529404518	
24.8	-11	1.34039411485609	
24.8	-10	1.34698675644627	
24.8	-9	1.35297249547925	
24.8	-8	1.35835778053439	
24.8	-7	1.36313220573917	
24.8	-6	1.36727391129518	
24.8	-5	1.37081528685566	
24.8	-4	1.3736940565828	
24.8	-3	1.37596697910019	
24.8	-2	1.37755932446242	
24.8	-1.5	1.3781206650446	
24.8	-1	1.37854205365032	
24.8	-0.5	1.37876376420996	
24.8	0	1.37885722100285	

25.6	-24	1.21547540660379	
25.6	-22	1.24007864778269	
25.6	-20	1.26302996568765	
25.6	-18	1.28421653875111	
25.6	-16	1.30352135607451	
25.6	-14	1.32086381020433	
25.6	-12	1.3360936313658	
25.6	-11	1.34289543635744	
25.6	-10	1.34914447763018	
25.6	-9	1.35481598388864	
25.6	-8	1.35992926193456	
25.6	-7	1.36444009353281	
25.6	-6	1.36836217742588	
25.6	-5	1.37170933027912	
25.6	-4	1.37443102327269	
25.6	-3	1.37657306172961	
25.6	-2	1.37808349539475	
25.6	-1.5	1.37861265070519	
25.6	-1	1.3790087593803	
25.6	-0.5	1.37922042938347	
25.6	0	1.37928916184688	

26.4	-24	1.22399469457429	
26.4	-22	1.24746984674773	
26.4	-20	1.26930807682457	
26.4	-18	1.28949049372215	
26.4	-16	1.30783523527304	
26.4	-14	1.32429261953952	
26.4	-12	1.33874614864093	
26.4	-11	1.34520300331446	
26.4	-10	1.35112894214433	
26.4	-9	1.35651088706504	
26.4	-8	1.36134537385164	
26.4	-7	1.36562341781704	
26.4	-6	1.36934979392299	
26.4	-5	1.3725280103295	
26.4	-4	1.37511276939851	
26.4	-3	1.37714264511348	
26.4	-2	1.37857976525268	
26.4	-1.5	1.37908380317111	
26.4	-1	1.37946694925855	
26.4	-0.5	1.379658694586	
26.4	0	1.37974196662987	

27.2	-24	1.2319140143834	
27.2	-22	1.25429401060433	
27.2	-20	1.27512679287525	
27.2	-18	1.29433682411735	
27.2	-16	1.31181971060009	
27.2	-14	1.32746778100637	
27.2	-12	1.34119737571386	
27.2	-11	1.3473303257151	
27.2	-10	1.35296094408253	
27.2	-9	1.35806816708325	
27.2	-8	1.36266091947163	
27.2	-7	1.36673111214944	
27.2	-6	1.37026374249091	
27.2	-5	1.37327985727138	
27.2	-4	1.37572535222891	
27.2	-3	1.37767477416647	
27.2	-2	1.37903450045532	
27.2	-1.5	1.37951883539521	
27.2	-1	1.37987623327887	
27.2	-0.5	1.3800642469618	
27.2	0	1.38012945793887	

28	-24	1.23925032550107	
28	-22	1.26067851594585	
28	-20	1.28053079477547	
28	-18	1.29884714024221	
28	-16	1.31549409861043	
28	-14	1.33039820385541	
28	-12	1.34346507096638	
28	-11	1.34929582587558	
28	-10	1.35464627967708	
28	-9	1.35951406559872	
28	-8	1.36388665761817	
28	-7	1.36775176344446	
28	-6	1.37110670015464	
28	-5	1.37398729816744	
28	-4	1.37629698648054	
28	-3	1.37814205324896	
28	-2	1.37940916431938	
28	-1.5	1.37988563636926	
28	-1	1.38022017031264	
28	-0.5	1.38040532145482	
28	0	1.38046614804516	

28.8	-24	1.24613831652042	
28.8	-22	1.2665730609878	
28.8	-20	1.2855602121773	
28.8	-18	1.30304840427494	
28.8	-16	1.31892010008998	
28.8	-14	1.3331233138907	
28.8	-12	1.34556816800643	
28.8	-11	1.35111932694331	
28.8	-10	1.35621539770557	
28.8	-9	1.36083147682006	
28.8	-8	1.36499757628754	
28.8	-7	1.3686680213287	
28.8	-6	1.37185696111912	
28.8	-5	1.37457973176509	
28.8	-4	1.37679532931761	
28.8	-3	1.37855461573277	
28.8	-2	1.37978031557874	
28.8	-1.5	1.38020879147963	
28.8	-1	1.38053568405391	
28.8	-0.5	1.38070298188404	
28.8	0	1.38076574520257	

29.6	-24	1.25255460859084	
29.6	-22	1.27210751707052	
29.6	-20	1.2902284496838	
29.6	-18	1.30694344271673	
29.6	-16	1.32208796973886	
29.6	-14	1.33565230793501	
29.6	-12	1.34752000263011	
29.6	-11	1.35281559761827	
29.6	-10	1.35767439324561	
29.6	-9	1.36208018521308	
29.6	-8	1.36604106634263	
29.6	-7	1.3695397197925	
29.6	-6	1.37258563691279	
29.6	-5	1.37518100230248	
29.6	-4	1.37729166175597	
29.6	-3	1.37895970955779	
29.6	-2	1.38013026893698	
29.6	-1.5	1.3805427849191	
29.6	-1	1.38084762130275	
29.6	-0.5	1.38099995242638	
29.6	0	1.38105918810958	

30.4	-24	1.258552497644	
30.4	-22	1.27727982386051	
30.4	-20	1.29460537599667	
30.4	-18	1.31057625825317	
30.4	-16	1.32506074614256	
30.4	-14	1.33800944783299	
30.4	-12	1.34933991066353	
30.4	-11	1.35439142450483	
30.4	-10	1.35902273996787	
30.4	-9	1.36322745333412	
30.4	-8	1.36699845652507	
30.4	-7	1.37033736715394	
30.4	-6	1.37323440876275	
30.4	-5	1.37571423394812	
30.4	-4	1.3777276876158	
30.4	-3	1.37931906418068	
30.4	-2	1.38044508755897	
30.4	-1.5	1.38083563555807	
30.4	-1	1.38112763783288	
30.4	-0.5	1.38128316913061	
30.4	0	1.38134413823414	

31.2	-24	1.26415255301002	
31.2	-22	1.28210035487507	
31.2	-20	1.29872184144338	
31.2	-18	1.31397924201565	
31.2	-16	1.32782940851098	
31.2	-14	1.34020658454138	
31.2	-12	1.35103227870744	
31.2	-11	1.35585488356066	
31.2	-10	1.36028800604682	
31.2	-9	1.36430842332033	
31.2	-8	1.36791669007099	
31.2	-7	1.37110000751737	
31.2	-6	1.37386405461556	
31.2	-5	1.37622634070357	
31.2	-4	1.37814310060047	
31.2	-3	1.37966570704101	
31.2	-2	1.3807311425722	
31.2	-1.5	1.38110889763101	
31.2	-1	1.38138869141376	
31.2	-0.5	1.38152720875434	
31.2	0	1.38159246379891	

32	-24	1.26936764192197	
32	-22	1.28658730362447	
32	-20	1.30252704490998	
32	-18	1.31716384270194	
32	-16	1.33041676209179	
32	-14	1.34225903611495	
32	-12	1.35261362914584	
32	-11	1.35722989385081	
32	-10	1.36146363858508	
32	-9	1.36529581794128	
32	-8	1.36875350701252	
32	-7	1.37179434847715	
32	-6	1.37443104698283	
32	-5	1.37668130175113	
32	-4	1.37851609522395	
32	-3	1.37997471088299	
32	-2	1.38100229626816	
32	-1.5	1.38135865776746	
32	-1	1.38162959030521	
32	-0.5	1.38176582903055	
32	0	1.38182690662414	

32.8	-24	1.27426517492019	
32.8	-22	1.29082998853106	
32.8	-20	1.30612624032435	
32.8	-18	1.32015418001034	
32.8	-16	1.3328510217503	
32.8	-14	1.34418172655453	
32.8	-12	1.35409080310148	
32.8	-11	1.35850736629012	
32.8	-10	1.36255776836295	
32.8	-9	1.36623228537368	
32.8	-8	1.36952564509356	
32.8	-7	1.37243314643438	
32.8	-6	1.3749736054653	
32.8	-5	1.37712848499964	
32.8	-4	1.37889018832029	
32.8	-3	1.38027620767875	
32.8	-2	1.38124588886692	
32.8	-1.5	1.38159400919587	
32.8	-1	1.38183873668781	
32.8	-0.5	1.381970870255	
32.8	0	1.38202543516062	

33.6	-24	1.27891353257639	
33.6	-22	1.29475794987899	
33.6	-20	1.30946941433102	
33.6	-18	1.32292353105951	
33.6	-16	1.33511444469022	
33.6	-14	1.34598235599961	
33.6	-12	1.35547171342224	
33.6	-11	1.35970465325669	
33.6	-10	1.36358185416566	
33.6	-9	1.36709666464059	
33.6	-8	1.37025935537323	
33.6	-7	1.37305739357123	
33.6	-6	1.37547344897709	
33.6	-5	1.37754971023292	
33.6	-4	1.37922448161938	
33.6	-3	1.38054742561868	
33.6	-2	1.38147957485131	
33.6	-1.5	1.38179932030378	
33.6	-1	1.38205392778149	
33.6	-0.5	1.38217181366125	
33.6	0	1.38223339696816	

34.4	-24	1.28329197006815	
34.4	-22	1.29853388897912	
34.4	-20	1.31260626511503	
34.4	-18	1.32554935825543	
34.4	-16	1.33723801340637	
34.4	-14	1.34766755153344	
34.4	-12	1.35676859690417	
34.4	-11	1.36082599921769	
34.4	-10	1.36454501634676	
34.4	-9	1.36790634914071	
34.4	-8	1.3709372102491	
34.4	-7	1.37359859507049	
34.4	-6	1.37591476350075	
34.4	-5	1.37791125635542	
34.4	-4	1.37952161298949	
34.4	-3	1.38080061376828	
34.4	-2	1.38169017278346	
34.4	-1.5	1.38200135900851	
34.4	-1	1.38223852449607	
34.4	-0.5	1.38235920461295	
34.4	0	1.38241140512468	

35.2	-24	1.2873645059219	
35.2	-22	1.30206657346523	
35.2	-20	1.31558605168059	
35.2	-18	1.32799274187792	
35.2	-16	1.33922413549924	
35.2	-14	1.34925026504055	
35.2	-12	1.35798985769386	
35.2	-11	1.36188294241638	
35.2	-10	1.36544586070663	
35.2	-9	1.36867902692548	
35.2	-8	1.37157626144785	
35.2	-7	1.37414103280646	
35.2	-6	1.37636512820329	
35.2	-5	1.3782735711897	
35.2	-4	1.37980737271397	
35.2	-3	1.38102924452508	
35.2	-2	1.38187874428912	
35.2	-1.5	1.38217395279094	
35.2	-1	1.3824169231233	
35.2	-0.5	1.38251357918549	
35.2	0	1.38256980285417	

36	-24	1.29118427357555	
36	-22	1.30533828434161	
36	-20	1.31839701282183	
36	-18	1.33032025569855	
36	-16	1.34111011387329	
36	-14	1.35073864239898	
36	-12	1.35913681617385	
36	-11	1.36287972602825	
36	-10	1.36630050349584	
36	-9	1.36940534969776	
36	-8	1.37219061320516	
36	-7	1.37463858188449	
36	-6	1.37678649428791	
36	-5	1.37860504583867	
36	-4	1.38008390121716	
36	-3	1.38126599605953	
36	-2	1.38207852796137	
36	-1.5	1.38237014079869	
36	-1	1.38258693024671	
36	-0.5	1.38269971057487	
36	0	1.38274452926148	

36.8	-24	1.2948259038332	
36.8	-22	1.30845950903035	
36.8	-20	1.32101140391508	
36.8	-18	1.33251061872476	
36.8	-16	1.34289133954022	
36.8	-14	1.35214100664881	
36.8	-12	1.36020966165001	
36.8	-11	1.36380108188178	
36.8	-10	1.36710075556444	
36.8	-9	1.37008098135606	
36.8	-8	1.37275860315798	
36.8	-7	1.37512288713941	
36.8	-6	1.37717980685822	
36.8	-5	1.37893747682573	
36.8	-4	1.38034748326705	
36.8	-3	1.38148545544157	
36.8	-2	1.38227600842335	
36.8	-1.5	1.38254174109144	
36.8	-1	1.38276144273749	
36.8	-0.5	1.3828560629871	
36.8	0	1.38289805188227	

37.6	-24	1.29828404800753	
37.6	-22	1.3113903210482	
37.6	-20	1.32348676826517	
37.6	-18	1.33456091292034	
37.6	-16	1.34455769419694	
37.6	-14	1.35346207916878	
37.6	-12	1.36122061467698	
37.6	-11	1.36467756735298	
37.6	-10	1.36784680589297	
37.6	-9	1.37071896299469	
37.6	-8	1.37328566653424	
37.6	-7	1.37556548488501	
37.6	-6	1.37753815403488	
37.6	-5	1.3792325419829	
37.6	-4	1.38059652513384	
37.6	-3	1.3816825598113	
37.6	-2	1.38243445537723	
37.6	-1.5	1.38268456915761	
37.6	-1	1.38289822217705	
37.6	-0.5	1.38298319151065	
37.6	0	1.38302278783387	

38.4	-24	1.30154632652744	
38.4	-22	1.31419010879659	
38.4	-20	1.32584001319827	
38.4	-18	1.33650324793163	
38.4	-16	1.3461339630463	
38.4	-14	1.35470896742009	
38.4	-12	1.36217849224069	
38.4	-11	1.36550591380954	
38.4	-10	1.36854556860857	
38.4	-9	1.37131109018474	
38.4	-8	1.37377868479213	
38.4	-7	1.37597223678987	
38.4	-6	1.377858797487	
38.4	-5	1.3794905515329	
38.4	-4	1.3808013221819	
38.4	-3	1.38184698693655	
38.4	-2	1.3825666181418	
38.4	-1.5	1.3828287060426	
38.4	-1	1.38302485840994	
38.4	-0.5	1.38310759081281	
38.4	0	1.38315247679892	

39.2	-24	1.30459545529395	
39.2	-22	1.31682350117973	
39.2	-20	1.32806199924735	
39.2	-18	1.33833888007932	
39.2	-16	1.34762035600806	
39.2	-14	1.35588617415975	
39.2	-12	1.363085122372	
39.2	-11	1.36629058085046	
39.2	-10	1.36922518037412	
39.2	-9	1.37188523428892	
39.2	-8	1.37426968161276	
39.2	-7	1.37637018906898	
39.2	-6	1.37819221138847	
39.2	-5	1.3797573651278	
39.2	-4	1.38101514419931	
39.2	-3	1.38202554996297	
39.2	-2	1.38272100504367	
39.2	-1.5	1.38296103030206	
39.2	-1	1.38315393512623	
39.2	-0.5	1.38325138453958	
39.2	0	1.3832844402042	

40	-24	1.30754	
40	-22	1.31931	
40	-20	1.33016	
40	-18	1.34008	
40	-16	1.34903	
40	-14	1.357	
40	-12	1.36394	
40	-11	1.36703	
40	-10	1.36986	
40	-9	1.37242	
40	-8	1.37472	
40	-7	1.37675	
40	-6	1.37851	
40	-5	1.38001	
40	-4	1.38123	
40	-3	1.38219	
40	-2	1.38287	
40	-1.5	1.38311	
40	-1	1.38328	
40	-0.5	1.38338	
40	0	1.38341	

