1.824049221155869427e+00 8.186734824766814800e-01 2.642722703632550907e+00 1.199999999999999956e+00 -2.411739053239396746e+00 3.593299249202605572e-01
1.839764705173791981e+00 8.142294646637431299e-01 2.653994169837535111e+00 1.199999999999999956e+00 -2.387587319469463232e+00 3.643971094593825288e-01
1.855897872518743386e+00 8.095717474639508859e-01 2.665469619982694383e+00 1.199999999999999956e+00 -2.363468970558815663e+00 3.696666578096706735e-01
1.872462655544797405e+00 8.046304432880385660e-01 2.677093098832835860e+00 1.199999999999999956e+00 -2.339389683753892335e+00 3.752686786474200287e-01
1.889473598512504626e+00 7.995543584492998956e-01 2.689027956961804300e+00 1.199999999999999956e+00 -2.315355151283084112e+00 3.809193572039357711e-01
1.906945891436016005e+00 7.943468814014598145e-01 2.701292772837475820e+00 1.199999999999999956e+00 -2.291371076878452762e+00 3.866183342905388232e-01
1.924895406187111302e+00 7.890116854172777305e-01 2.713907091604388810e+00 1.199999999999999956e+00 -2.267443172249024919e+00 3.923652312842304535e-01
1.941625296011707524e+00 7.834365365565947315e-01 2.725061832568302478e+00 1.199999999999999956e+00 -2.242386041348425341e+00 3.981596499826643987e-01
1.958765038519330925e+00 7.777315109674375337e-01 2.736496549486768348e+00 1.199999999999999956e+00 -2.217371028244881526e+00 4.040011724664278048e-01
1.976350692933799502e+00 7.719024607462769971e-01 2.748253153680076721e+00 1.199999999999999956e+00 -2.192419612972639875e+00 4.098893609688199491e-01
1.994396762483134911e+00 7.659540037595163886e-01 2.760350766242651410e+00 1.199999999999999956e+00 -2.167537598342648586e+00 4.158237577533103746e-01
2.012918367722304591e+00 7.598909838999874378e-01 2.772809351622291807e+00 1.199999999999999956e+00 -2.142730781064884127e+00 4.218038849988679506e-01
2.031931279453415229e+00 7.537184529214421280e-01 2.785649732374857468e+00 1.199999999999999956e+00 -2.118004948013821220e+00 4.278292446933349424e-01
2.051451953755343727e+00 7.474416519352029553e-01 2.798893605690546682e+00 1.199999999999999956e+00 -2.093365872464636901e+00 4.338993185350316639e-01
2.071497569281537388e+00 7.410659926803706554e-01 2.812563561961908043e+00 1.199999999999999956e+00 -2.068819310303525949e+00 4.400135678427617436e-01
2.092086066998577909e+00 7.345970386744036240e-01 2.826683105672981533e+00 1.199999999999999956e+00 -2.044370996215390868e+00 4.461714334743949739e-01
2.113236192553189063e+00 7.280404863458125320e-01 2.841276678899001595e+00 1.199999999999999956e+00 -2.020026639852373407e+00 4.523723357541961088e-01
2.134645998912763520e+00 7.213778003050711485e-01 2.856023799217834558e+00 1.199999999999999956e+00 -1.995604383303196450e+00 4.586156744090607584e-01
2.154813166223827459e+00 7.144988443832399616e-01 2.869312010607067531e+00 1.199999999999999956e+00 -1.970250155067934550e+00 4.649008285138274688e-01
2.175500955588892005e+00 7.075413024307984911e-01 2.883042258019690607e+00 1.199999999999999956e+00 -1.945008735677470568e+00 4.712271564458226925e-01
2.196726194584646574e+00 7.005113313127748764e-01 2.897237525897421229e+00 1.199999999999999956e+00 -1.919885826206563451e+00 4.775939958487838144e-01
2.218506416836191431e+00 6.934151485978314877e-01 2.911921565434022696e+00 1.199999999999999956e+00 -1.894887087455305874e+00 4.840006636063257095e-01
2.240859898819282048e+00 6.860756206950351377e-01 2.926935519514317185e+00 1.199999999999999956e+00 -1.870018136081399440e+00 4.907776345299272314e-01
2.263805698956167678e+00 6.786809505288291522e-01 2.942486649484997052e+00 1.199999999999999956e+00 -1.845284540737019974e+00 4.976001252640998018e-01
2.287363699172368925e+00 6.712407352670288763e-01 2.958604434439397579e+00 1.199999999999999956e+00 -1.820691818214094759e+00 5.044622348568371661e-01
2.311554649095790559e+00 6.637616885946527878e-01 2.975316337690443458e+00 1.199999999999999956e+00 -1.796245429601899701e+00 5.113631571053638414e-01
2.336400213094957934e+00 6.562504740907155742e-01 2.992650687185673508e+00 1.199999999999999956e+00 -1.771950776460812449e+00 5.183020639797326634e-01
2.361788108615569648e+00 6.487032629951675622e-01 3.010491371610737321e+00 1.199999999999999956e+00 -1.747747813377103832e+00 5.252781056581345975e-01
2.385418742113991630e+00 6.409479179107742119e-01 3.026366660024765842e+00 1.199999999999999956e+00 -1.722543346533004005e+00 5.322904105732124691e-01
2.409649859624793500e+00 6.331724771980969946e-01 3.042822336822890605e+00 1.199999999999999956e+00 -1.697500224500064547e+00 5.393380854694798110e-01
2.434500449850341308e+00 6.253835009237360687e-01 3.059883950774077377e+00 1.199999999999999956e+00 -1.672623733298727267e+00 5.464202154719692839e-01
2.459990269361228776e+00 6.175874402985441769e-01 3.077577709659772953e+00 1.199999999999999956e+00 -1.647919084447782900e+00 5.535358641662000423e-01
2.486139880601878183e+00 6.097906253670990484e-01 3.095930505968977009e+00 1.199999999999999956e+00 -1.623391411303161114e+00 5.606840736895707389e-01
2.512970692118676297e+00 6.019992536439673358e-01 3.114969945762643633e+00 1.199999999999999956e+00 -1.599045765439021771e+00 5.678638648342657635e-01
2.540505001161379450e+00 5.942193796910297809e-01 3.134724380852409453e+00 1.199999999999999956e+00 -1.574887113075110534e+00 5.750742371617570958e-01
2.568766038820082365e+00 5.864569056256221380e-01 3.155222944445704503e+00 1.199999999999999956e+00 -1.550920331554364928e+00 5.823141691289818178e-01
2.597778017872744538e+00 5.787175725451690900e-01 3.176495590417913739e+00 1.199999999999999956e+00 -1.527150205874887590e+00 5.895826182262627890e-01
2.626192540026219380e+00 5.709060268729312382e-01 3.197098566899150729e+00 1.199999999999999956e+00 -1.503032192001994005e+00 5.968785211270368762e-01
2.653683541613734320e+00 5.630053001944015367e-01 3.216688841808135635e+00 1.199999999999999956e+00 -1.478468879016178406e+00 6.042007938494465824e-01
2.681854076180370861e+00 5.550791030468564813e-01 3.236933179227227342e+00 1.199999999999999956e+00 -1.454111846824384990e+00 6.116809731682388840e-01
2.710724683438274774e+00 5.471659926452407952e-01 3.257890676083515569e+00 1.199999999999999956e+00 -1.429965661991287718e+00 6.192495843977426917e-01
2.740316674633731520e+00 5.393001351415718236e-01 3.279616809775303565e+00 1.199999999999999956e+00 -1.406034785644858509e+00 6.268418056917904879e-01
2.770652166871266253e+00 5.314865329726136123e-01 3.302138699843879976e+00 1.199999999999999956e+00 -1.382323570382631317e+00 6.344564411861074449e-01
2.801754119176054214e+00 5.237299787124312100e-01 3.325484097888485202e+00 1.199999999999999956e+00 -1.358836257257597602e+00 6.420922748230405430e-01
2.833646370392269631e+00 5.160350527740811266e-01 3.349681423166350758e+00 1.199999999999999956e+00 -1.335576972847521304e+00 6.497480705913168952e-01
2.866353679020914758e+00 5.084061218417679218e-01 3.374759800862682901e+00 1.199999999999999956e+00 -1.312549726411208262e+00 6.574225727781730644e-01
2.899246589143082975e+00 5.008033008139427533e-01 3.400049889957025506e+00 1.199999999999999956e+00 -1.289538279692653333e+00 6.651145062338337244e-01
2.930153514086369704e+00 4.930869529823781461e-01 3.423240467068747961e+00 1.199999999999999956e+00 -1.265838796677265066e+00 6.728225766483373338e-01
2.961787870565024683e+00 4.854447700999647841e-01 3.447232640664989578e+00 1.199999999999999956e+00 -1.242380440940574537e+00 6.805454708406791786e-01
2.994169829514425007e+00 4.778805476996565438e-01 3.472050377214081607e+00 1.199999999999999956e+00 -1.219166924214150960e+00 6.882818570602379227e-01
3.027320216790744478e+00 4.703978665733958286e-01 3.497718083364140362e+00 1.199999999999999956e+00 -1.196201830840506020e+00 6.960303853004556895e-01
3.061260536007492927e+00 4.630000941766254097e-01 3.524260630184118170e+00 1.199999999999999956e+00 -1.173488615476471431e+00 7.037896876247076161e-01
3.096012992108089890e+00 4.556903865329989811e-01 3.551703378641088982e+00 1.199999999999999956e+00 -1.151030600905579071e+00 7.115583785043144704e-01
3.131600515685243113e+00 4.484716906014851734e-01 3.580072206286728509e+00 1.199999999999999956e+00 -1.128830975962322292e+00 7.193350551686265026e-01
3.168046788056279262e+00 4.413467470689866334e-01 3.609393535125265728e+00 1.199999999999999956e+00 -1.106892793571465639e+00 7.271182979671021451e-01
3.204976824393343637e+00 4.342870189357085908e-01 3.639263843329052062e+00 1.199999999999999956e+00 -1.085106183843245198e+00 7.349299215874388613e-01
3.239293788532618734e+00 4.271065117347381812e-01 3.666400300267357082e+00 1.199999999999999956e+00 -1.062619531667289507e+00 7.427925551960178341e-01
3.274363647476366435e+00 4.200259583901977956e-01 3.694389605866564175e+00 1.199999999999999956e+00 -1.040402341274853981e+00 7.506574185229452079e-01
3.310204553942957872e+00 4.130475391536887475e-01 3.723252093096646398e+00 1.199999999999999956e+00 -1.018457310323495513e+00 7.585230148193179422e-01
3.346835099459428253e+00 4.061732395123297534e-01 3.753008338971758118e+00 1.199999999999999956e+00 -9.967869946406464621e-01 7.663878323085018263e-01
3.384274320384849322e+00 3.994048547569239993e-01 3.783679175141773321e+00 1.199999999999999956e+00 -9.753938069481140616e-01 7.742503446220103669e-01
3.422541703455870721e+00 3.927439947741498960e-01 3.815285698230020728e+00 1.199999999999999956e+00 -9.542800157173623177e-01 7.821090112466978495e-01
3.461657190781883831e+00 3.861920890337305901e-01 3.847849279815614310e+00 1.199999999999999956e+00 -9.334477441575117496e-01 7.899622779831270147e-01
3.501641184209688618e+00 3.797503917430098408e-01 3.881391575952698680e+00 1.199999999999999956e+00 -9.128989693379763182e-01 7.978085774149403786e-01
3.542277083464973941e+00 3.734076720706890340e-01 3.915684755535663086e+00 1.199999999999999956e+00 -8.925789974072522170e-01 8.056463293890794297e-01
3.579762712267274161e+00 3.669712136102829536e-01 3.946733925877556892e+00 1.199999999999999956e+00 -8.716031600947404812e-01 8.134739415066719603e-01
3.617992141655340443e+00 3.606471714043519849e-01 3.978639313059692206e+00 1.199999999999999956e+00 -8.509173666007896486e-01 8.212898096244020119e-01
3.656979439482479499e+00 3.544363507354485465e-01 4.011415790217927935e+00 1.199999999999999956e+00 -8.305232096558530230e-01 8.290923183661735862e-01
3.696738798660317737e+00 3.483394026505852725e-01 4.045078201310903232e+00 1.199999999999999956e+00 -8.104221349050062528e-01 8.368798416448575139e-01
3.737284523504081690e+00 3.423568295484619162e-01 4.079641353052543273e+00 1.199999999999999956e+00 -7.906154408009200552e-01 8.446507431939247468e-01
3.778631014530746679e+00 3.364889908027951515e-01 4.115120005333541719e+00 1.199999999999999956e+00 -7.711042786390729376e-01 8.524033771087314859e-01
3.820792751595512460e+00 3.307365486108264641e-01 4.151529300206338924e+00 1.199999999999999956e+00 -7.518896527357235016e-01 8.601338057235760060e-01
3.863784275245489397e+00 3.251023442266061103e-01 4.188886619472095063e+00 1.199999999999999956e+00 -7.329724207491583599e-01 8.678253819693747539e-01
3.907620166162773412e+00 3.195828980145078990e-01 4.227203064177281533e+00 1.199999999999999956e+00 -7.143532941445869255e-01 8.754937595529037608e-01
3.948173985444245471e+00 3.139970848541755455e-01 4.262171070298420794e+00 1.199999999999999956e+00 -6.952144831289812643e-01 8.831372638711493250e-01
3.988967415347498324e+00 3.085060779464064984e-01 4.297473493293904490e+00 1.199999999999999956e+00 -6.762873806196463278e-01 8.907542135432773289e-01
4.030456601333987976e+00 3.031296616189625981e-01 4.333586262952950463e+00 1.199999999999999956e+00 -6.576630058454737693e-01 8.983429210032974899e-01
4.072649061984547458e+00 2.978675020662169270e-01 4.370516564050764607e+00 1.199999999999999956e+00 -6.393416943563519084e-01 9.059016931006045326e-01
4.115552032589289588e+00 2.927191608373275189e-01 4.408271193426616996e+00 1.199999999999999956e+00 -6.213236405786810579e-01 9.134288317081076247e-01
4.159172432014959675e+00 2.876841001572483236e-01 4.446856532172207999e+00 1.199999999999999956e+00 -6.036088990659287390e-01 9.209226343376565316e-01
4.203516827500574315e+00 2.827616881706819241e-01 4.486278515671256351e+00 1.199999999999999956e+00 -5.861973858893474443e-01 9.283813947624777185e-01
4.248591397300024219e+00 2.779512041008528334e-01 4.526542601400876720e+00 1.199999999999999956e+00 -5.690888801679321318e-01 9.358034036463023231e-01
4.294401891092223700e+00 2.732518433158210858e-01 4.567653734408044564e+00 1.199999999999999956e+00 -5.522830257363811057e-01 9.431869491788763549e-01
4.338762848900623581e+00 2.685805308143659476e-01 4.607343379714989418e+00 1.199999999999999956e+00 -5.354081189592294621e-01 9.505303177175481455e-01
4.381156304141361701e+00 2.639222294627344700e-01 4.645078533604095838e+00 1.199999999999999956e+00 -5.183994289377764630e-01 9.578317944345857704e-01
4.424125656511468385e+00 2.593734585110167856e-01 4.683499115022485171e+00 1.199999999999999956e+00 -5.016963456722107750e-01 9.650896639699159119e-01
4.467669889277714468e+00 2.549332258166925325e-01 4.722603115094407222e+00 1.199999999999999956e+00 -4.852981807166045769e-01 9.723022110889264491e-01
4.511787325624743161e+00 2.506004741449661122e-01 4.762387799769709495e+00 1.199999999999999956e+00 -4.692041206093744421e-01 9.794677213450054820e-01
4.556475587381791925e+00 2.463748526298333852e-01 4.802850440011625643e+00 1.199999999999999956e+00 -4.534132292607813142e-01 9.865769250731306617e-01
4.601731552330990738e+00 2.422603245732556365e-01 4.843991876904246041e+00 1.199999999999999956e+00 -4.379244504647399339e-01 9.935742983869063627e-01
4.647551310129768076e+00 2.382491463677407495e-01 4.885800456497508826e+00 1.199999999999999956e+00 -4.227366105324623646e-01 1.000520011781587115e+00
4.693930116889972304e+00 2.343400748635406927e-01 4.928270191753512997e+00 1.199999999999999956e+00 -4.078484210453012793e-01 1.007412377297125072e+00
4.740862348468890097e+00 2.305318224343478883e-01 4.971394170903238319e+00 1.199999999999999956e+00 -3.932584817238851116e-01 1.014249711092120032e+00
4.786001205404503800e+00 2.267487657270467194e-01 5.012749971131550630e+00 1.199999999999999956e+00 -3.786272442402518479e-01 1.021030334120553773e+00
4.829058199395904083e+00 2.229852181011460210e-01 5.052043417497049660e+00 1.199999999999999956e+00 -3.639322926333115049e-01 1.027752572810678000e+00
4.872501798377361304e+00 2.193201269418063593e-01 5.091821925319167441e+00 1.199999999999999956e+00 -3.495369749922225822e-01 1.034414759745688750e+00
4.916320743170816243e+00 2.157521269083043647e-01 5.132072870079120719e+00 1.199999999999999956e+00 -3.354396466530911169e-01 1.041015234345788576e+00
4.960502825882454836e+00 2.122798226364288610e-01 5.172782648518883697e+00 1.199999999999999956e+00 -3.216385662920684396e-01 1.047552343551271470e+00
5.005034855638926139e+00 2.089017921294140656e-01 5.213936647768340649e+00 1.199999999999999956e+00 -3.081318993533885831e-01 1.054024442506221737e+00
5.049902624644609261e+00 2.056165900308957184e-01 5.255519214675505424e+00 1.199999999999999956e+00 -2.949177215696350274e-01 1.060429895242446019e+00
5.095090874725221930e+00 2.024227507806688475e-01 5.297513625505891000e+00 1.199999999999999956e+00 -2.819940225701715875e-01 1.066767075363251438e+00
5.140583264536924268e+00 1.993187916543746052e-01 5.339902056191299096e+00 1.199999999999999956e+00 -2.693587095739324866e-01 1.073034366726649758e+00
5.186362337633710240e+00 1.963032156883491863e-01 5.382665553322059537e+00 1.199999999999999956e+00 -2.570096111620205903e-01 1.079230164127618963e+00
5.232409491599829821e+00 1.933745144912215608e-01 5.425784006091051381e+00 1.199999999999999956e+00 -2.449444811260743649e-01 1.085352873978994603e+00
5.276044745918159862e+00 1.904599558350106303e-01 5.466504701753170714e+00 1.199999999999999956e+00 -2.328323607425657471e-01 1.091400914990613868e+00
5.317783821616267836e+00 1.875759670274904645e-01 5.505359788643758634e+00 1.199999999999999956e+00 -2.207523594221907359e-01 1.097372718846289841e+00
5.359631830410094722e+00 1.847762866428134254e-01 5.544408117052908480e+00 1.199999999999999956e+00 -2.089566791792414335e-01 1.103266730878228463e+00
5.401567026679593653e+00 1.820594205317055403e-01 5.583626447211298860e+00 1.199999999999999956e+00 -1.974429630041276695e-01 1.109081410738468332e+00
5.443566678695886729e+00 1.794257153775300484e-01 5.622992394073416555e+00 1.199999999999999956e+00 -1.862087978705062596e-01 1.114764042170018010e+00
5.485607062025473546e+00 1.768725276934393076e-01 5.662479589718913076e+00 1.199999999999999956e+00 -1.752517188770337242e-01 1.120336582017782190e+00
5.527663455467453524e+00 1.743972837370146856e-01 5.702060739204467765e+00 1.199999999999999956e+00 -1.645692134320437816e-01 1.125826432235448982e+00
5.569710139725163600e+00 1.719985228779883357e-01 5.741708662603151936e+00 1.199999999999999956e+00 -1.541587254761758174e-01 1.131232137011761285e+00
5.611720399014866523e+00 1.696747904655365735e-01 5.781395189480402763e+00 1.199999999999999956e+00 -1.440176597380506962e-01 1.136552257907859742e+00
5.653666525813807908e+00 1.674246397429787203e-01 5.821091165556786962e+00 1.199999999999999956e+00 -1.341433860176524107e-01 1.141785374493447636e+00
5.695519828949086261e+00 1.652466336745347375e-01 5.860766462623621109e+00 1.199999999999999956e+00 -1.245332434923103193e-01 1.146930084977254349e+00
5.737250645224529322e+00 1.631393466866000175e-01 5.900389991911129783e+00 1.199999999999999956e+00 -1.151845450400568183e-01 1.151985006831404146e+00
5.778828354778800858e+00 1.611013663260266737e-01 5.939929721104827642e+00 1.199999999999999956e+00 -1.060945815750820032e-01 1.156948777409313678e+00
5.816555239943037137e+00 1.590488111835607343e-01 5.975604051126597760e+00 1.199999999999999956e+00 -9.687259881262377803e-02 1.161820054556713444e+00
5.853516812579118600e+00 1.570530652850966602e-01 6.010569877864215371e+00 1.199999999999999956e+00 -8.785695410235661029e-02 1.166597517215436364e+00
5.890201191857706853e+00 1.551245896307784644e-01 6.045325781488485539e+00 1.199999999999999956e+00 -7.910048827958160444e-02 1.171279866019560467e+00
5.926578844251077172e+00 1.532620536977612469e-01 6.079840897948838752e+00 1.199999999999999956e+00 -7.060056408418624585e-02 1.175865823883567973e+00
5.962619666782361882e+00 1.514641458672447705e-01 6.114083812649607097e+00 1.199999999999999956e+00 -6.235454188347588911e-02 1.180354136582113300e+00
5.998293024872460855e+00 1.497295747144254952e-01 6.148022599586886017e+00 1.199999999999999956e+00 -5.435978391621354433e-02 1.184743573321054733e+00
6.033567793632967025e+00 1.480570702312564713e-01 6.181624863864223940e+00 1.199999999999999956e+00 -4.661365851237686542e-02 1.189032927299382481e+00
6.068412402620633195e+00 1.464453849844251643e-01 6.214857787605058803e+00 1.199999999999999956e+00 -3.911354428312918685e-02 1.193221016261670764e+00
6.102794884049271396e+00 1.448932952109869277e-01 6.247688179260258323e+00 1.199999999999999956e+00 -3.185683427578123172e-02 1.197306683040723074e+00
6.136682924434827768e+00 1.433996018540717454e-01 6.280082526288899736e+00 1.199999999999999956e+00 -2.484094008859916158e-02 1.201288796090035804e+00
6.170043919627795859e+00 1.419631315410199157e-01 6.312007051168816218e+00 1.199999999999999956e+00 -1.806329594021072182e-02 1.205166250005767825e+00
6.202845033164234856e+00 1.405827375062647100e-01 6.343427770670500010e+00 1.199999999999999956e+00 -1.152136268844294875e-02 1.208937966037845868e+00
6.235053257843380159e+00 1.392573004612621679e-01 6.374310558304641994e+00 1.199999999999999956e+00 -5.212631793572342076e-03 1.212602892589904613e+00
6.266635480414284309e+00 1.379857294136942469e-01 6.404621209827978667e+00 1.199999999999999956e+00 8.653707790857723126e-04 1.216160005707718428e+00
6.297558549229909985e+00 1.367669624381387949e-01 6.434325511668048669e+00 1.199999999999999956e+00 6.715080722162092286e-03 1.219608309555815451e+00
6.327789344700373242e+00 1.355999674003338651e-01 6.463389312100707329e+00 1.199999999999999956e+00 1.233889161971291060e-02 1.222946836881959598e+00
6.357294852351759396e+00 1.344837426371127131e-01 6.491778594988872442e+00 1.199999999999999956e+00 1.773915125598790610e-02 1.226174649469202071e+00
6.383736784679476806e+00 1.333733756097617018e-01 6.517110160289238507e+00 1.199999999999999956e+00 2.312954784561505051e-02 1.229290838575203493e+00
6.408870563062843750e+00 1.323029190287072776e-01 6.541173482091551250e+00 1.199999999999999956e+00 2.834449756448798041e-02 1.232294525358534454e+00
6.433243421876357004e+00 1.312824814028441534e-01 6.564525903279201380e+00 1.199999999999999956e+00 3.333300776534642296e-02 1.235177639944208927e+00
6.456828729568846903e+00 1.303109804827411455e-01 6.587139710051587826e+00 1.199999999999999956e+00 3.809713837355133137e-02 1.237908894309446728e+00
6.479600332705762966e+00 1.293877769548046341e-01 6.608988109660567822e+00 1.199999999999999956e+00 4.263888898857359777e-02 1.240527053046186490e+00
6.501532621091425490e+00 1.285120753979969166e-01 6.630044696489422407e+00 1.199999999999999956e+00 4.696019577126975264e-02 1.243031373128104189e+00
6.522600593022604976e+00 1.276831136157643432e-01 6.650283706638369097e+00 1.199999999999999956e+00 5.106292843590942709e-02 1.245421142841641959e+00
6.542779920393628323e+00 1.269001630859885044e-01 6.669680083479616606e+00 1.199999999999999956e+00 5.494888735099134891e-02 1.247695682123092675e+00
6.562047013363974557e+00 1.261625293797928871e-01 6.688209542743767777e+00 1.199999999999999956e+00 5.861980075245654120e-02 1.249854342881116631e+00
6.580379084292138359e+00 1.254695525506086540e-01 6.705848636842747013e+00 1.199999999999999956e+00 6.207732207295357796e-02 1.251896509304496696e+00
6.597754210633447691e+00 1.248206074948404742e-01 6.722574818128288499e+00 1.199999999999999956e+00 6.532302739064199670e-02 1.253821598154914785e+00
6.614151396497746305e+00 1.242151042854044984e-01 6.738366500783151025e+00 1.199999999999999956e+00 6.835841300086897832e-02 1.255629059044561568e+00
6.629550632559658929e+00 1.236524884793706036e-01 6.753203121039029533e+00 1.199999999999999956e+00 7.118489311375952866e-02 1.257318374698386920e+00
6.643932954017591541e+00 1.231322414008174659e-01 6.767065195418409118e+00 1.199999999999999956e+00 7.380379768087408365e-02 1.258889061200827220e+00
6.657280496299120998e+00 1.226538803999981386e-01 6.779934376699118914e+00 1.199999999999999956e+00 7.621637035361672474e-02 1.260340668226829441e+00
6.669576548218263845e+00 1.222169590897912439e-01 6.791793507308055311e+00 1.199999999999999956e+00 7.842376657618732594e-02 1.261672779257040800e+00
6.680805602296739920e+00 1.218210675603913495e-01 6.802626669857131603e+00 1.199999999999999956e+00 8.042705181542686432e-02 1.262885011776985866e+00
6.690953401974058856e+00 1.214658325730766375e-01 6.812419234547135716e+00 1.199999999999999956e+00 8.222719992999039107e-02 1.263977017460138574e+00
6.700006985442204410e+00 1.211509177338546683e-01 6.821157903176058745e+00 1.199999999999999956e+00 8.382509168088603246e-02 1.264948482334730784e+00
6.707954725858786382e+00 1.208760236477006700e-01 6.828830749506487052e+00 1.199999999999999956e+00 8.522151338535266518e-02 1.265799126934205932e+00
6.714786367707373138e+00 1.206408880540308370e-01 6.835427255761404197e+00 1.199999999999999956e+00 8.641715571584640543e-02 1.266528706431212292e+00
6.720493059096414257e+00 1.204452859439797408e-01 6.840938345040393997e+00 1.199999999999999956e+00 8.741261264571420497e-02 1.267137010755040594e+00
6.725067379807387447e+00 1.202890296599952169e-01 6.845356409467382441e+00 1.199999999999999956e+00 8.820838054290014441e-02 1.267623864692438707e+00
6.728503364927602703e+00 1.201719689781869382e-01 6.848675333905789309e+00 1.199999999999999956e+00 8.880485741281951562e-02 1.267989127971718588e+00
6.730796523928147757e+00 1.200939911737495258e-01 6.850890515101896838e+00 1.199999999999999956e+00 8.920234229159262895e-02 1.268232695330115734e+00
6.731943855072861638e+00 1.200550210697954867e-01 6.851998876142657124e+00 1.199999999999999956e+00 8.940103479019523292e-02 1.268354496564352507e+00
6.731943855072861638e+00 1.200550210697954867e-01 6.851998876142657124e+00 1.199999999999999956e+00 8.940103479019523292e-02 1.268354496564352507e+00
6.730796523928147757e+00 1.200939911737495258e-01 6.850890515101896838e+00 1.199999999999999956e+00 8.920234229159262895e-02 1.268232695330115734e+00
6.728503364927602703e+00 1.201719689781869382e-01 6.848675333905789309e+00 1.199999999999999956e+00 8.880485741281951562e-02 1.267989127971718588e+00
6.725067379807387447e+00 1.202890296599952169e-01 6.845356409467382441e+00 1.199999999999999956e+00 8.820838054290014441e-02 1.267623864692438707e+00
6.720493059096414257e+00 1.204452859439797408e-01 6.840938345040393997e+00 1.199999999999999956e+00 8.741261264571420497e-02 1.267137010755040594e+00
6.714786367707373138e+00 1.206408880540308370e-01 6.835427255761404197e+00 1.199999999999999956e+00 8.641715571584640543e-02 1.266528706431212292e+00
6.707954725858786382e+00 1.208760236477014471e-01 6.828830749506487940e+00 1.199999999999999956e+00 8.522151338534911247e-02 1.265799126934205932e+00
6.700006985442204410e+00 1.211509177338546683e-01 6.821157903176058745e+00 1.199999999999999956e+00 8.382509168088603246e-02 1.264948482334730784e+00
6.690953401974058856e+00 1.214658325730766375e-01 6.812419234547135716e+00 1.199999999999999956e+00 8.222719992999039107e-02 1.263977017460138574e+00
6.680805602296739920e+00 1.218210675603913495e-01 6.802626669857131603e+00 1.199999999999999956e+00 8.042705181542686432e-02 1.262885011776985866e+00
6.669576548218263845e+00 1.222169590897912439e-01 6.791793507308055311e+00 1.199999999999999956e+00 7.842376657618732594e-02 1.261672779257040800e+00
6.657280496299120998e+00 1.226538803999981386e-01 6.779934376699118914e+00 1.199999999999999956e+00 7.621637035361672474e-02 1.260340668226829441e+00
6.643932954017591541e+00 1.231322414008174659e-01 6.767065195418409118e+00 1.199999999999999956e+00 7.380379768087408365e-02 1.258889061200827220e+00
6.629550632559658929e+00 1.236524884793706036e-01 6.753203121039029533e+00 1.199999999999999956e+00 7.118489311375952866e-02 1.257318374698386920e+00
6.614151396497746305e+00 1.242151042854044984e-01 6.738366500783151025e+00 1.199999999999999956e+00 6.835841300086897832e-02 1.255629059044561568e+00
6.597754210633447691e+00 1.248206074948401412e-01 6.722574818128287610e+00 1.199999999999999956e+00 6.532302739064377306e-02 1.253821598154915451e+00
6.580379084292138359e+00 1.254695525506096532e-01 6.705848636842747901e+00 1.199999999999999956e+00 6.207732207294824889e-02 1.251896509304496696e+00
6.562047013363974557e+00 1.261625293797928871e-01 6.688209542743767777e+00 1.199999999999999956e+00 5.861980075245654120e-02 1.249854342881116631e+00
6.542779920393628323e+00 1.269001630859885044e-01 6.669680083479616606e+00 1.199999999999999956e+00 5.494888735099134891e-02 1.247695682123092675e+00
6.522600593022581883e+00 1.276831136157651203e-01 6.650283706638346892e+00 1.199999999999999956e+00 5.106292843590587438e-02 1.245421142841642181e+00
6.501532621091425490e+00 1.285120753979969166e-01 6.630044696489422407e+00 1.199999999999999956e+00 4.696019577126975264e-02 1.243031373128104189e+00
6.479600332705762966e+00 1.293877769548046341e-01 6.608988109660567822e+00 1.199999999999999956e+00 4.263888898857359777e-02 1.240527053046186490e+00
6.456828729568846903e+00 1.303109804827411455e-01 6.587139710051587826e+00 1.199999999999999956e+00 3.809713837355133137e-02 1.237908894309446728e+00
6.433243421876357004e+00 1.312824814028444864e-01 6.564525903279201380e+00 1.199999999999999956e+00 3.333300776534464660e-02 1.235177639944208927e+00
6.408870563062843750e+00 1.323029190287061674e-01 6.541173482091549474e+00 1.199999999999999956e+00 2.834449756449330948e-02 1.232294525358534676e+00
6.383736784679476806e+00 1.333733756097623679e-01 6.517110160289239396e+00 1.199999999999999956e+00 2.312954784561149779e-02 1.229290838575203493e+00
6.357294852351748737e+00 1.344837426371130462e-01 6.491778594988861784e+00 1.199999999999999956e+00 1.773915125598612974e-02 1.226174649469202294e+00
6.327789344700373242e+00 1.355999674003327549e-01 6.463389312100705553e+00 1.199999999999999956e+00 1.233889161971823967e-02 1.222946836881959598e+00
6.297558549229909985e+00 1.367669624381387949e-01 6.434325511668048669e+00 1.199999999999999956e+00 6.715080722162092286e-03 1.219608309555815451e+00
6.266635480414274539e+00 1.379857294136946910e-01 6.404621209827968897e+00 1.199999999999999956e+00 8.653707790831077773e-04 1.216160005707718650e+00
6.235053257843380159e+00 1.392573004612621679e-01 6.374310558304641994e+00 1.199999999999999956e+00 -5.212631793572342076e-03 1.212602892589904613e+00
6.202845033164234856e+00 1.405827375062647100e-01 6.343427770670500010e+00 1.199999999999999956e+00 -1.152136268844294875e-02 1.208937966037845868e+00
6.170043919627795859e+00 1.419631315410199157e-01 6.312007051168816218e+00 1.199999999999999956e+00 -1.806329594021072182e-02 1.205166250005768269e+00
6.136682924434849085e+00 1.433996018540715234e-01 6.280082526288920164e+00 1.199999999999999956e+00 -2.484094008859827341e-02 1.201288796090036470e+00
6.102794884049271396e+00 1.448932952109869277e-01 6.247688179260258323e+00 1.199999999999999956e+00 -3.185683427578123172e-02 1.197306683040723074e+00
6.068412402620642965e+00 1.464453849844249422e-01 6.214857787605067685e+00 1.199999999999999956e+00 -3.911354428312741049e-02 1.193221016261671208e+00
6.033567793632967025e+00 1.480570702312564713e-01 6.181624863864223940e+00 1.199999999999999956e+00 -4.661365851237686542e-02 1.189032927299382481e+00
5.998293024872450196e+00 1.497295747144243849e-01 6.148022599586874470e+00 1.199999999999999956e+00 -5.435978391620821526e-02 1.184743573321054955e+00
5.962619666782361882e+00 1.514641458672436602e-01 6.114083812649605321e+00 1.199999999999999956e+00 -6.235454188347056004e-02 1.180354136582113300e+00
5.926578844251077172e+00 1.532620536977608028e-01 6.079840897948837863e+00 1.199999999999999956e+00 -7.060056408418446949e-02 1.175865823883568195e+00
5.890201191857706853e+00 1.551245896307775762e-01 6.045325781488484651e+00 1.199999999999999956e+00 -7.910048827957716355e-02 1.171279866019560689e+00
5.853516812579118600e+00 1.570530652850959941e-01 6.010569877864214483e+00 1.199999999999999956e+00 -8.785695410235305758e-02 1.166597517215436364e+00
5.816555239943055788e+00 1.590488111835600682e-01 5.975604051126615524e+00 1.199999999999999956e+00 -9.687259881262111350e-02 1.161820054556713888e+00
5.778828354778800858e+00 1.611013663260271178e-01 5.939929721104827642e+00 1.199999999999999956e+00 -1.060945815750837795e-01 1.156948777409313678e+00
5.737250645224537315e+00 1.631393466866002395e-01 5.900389991911137777e+00 1.199999999999999956e+00 -1.151845450400577064e-01 1.151985006831404368e+00
5.695519828949076491e+00 1.652466336745349595e-01 5.860766462623611339e+00 1.199999999999999956e+00 -1.245332434923112075e-01 1.146930084977254127e+00
5.653666525813807908e+00 1.674246397429790534e-01 5.821091165556786962e+00 1.199999999999999956e+00 -1.341433860176541870e-01 1.141785374493447858e+00
5.611720399014866523e+00 1.696747904655365735e-01 5.781395189480402763e+00 1.199999999999999956e+00 -1.440176597380506962e-01 1.136552257907859742e+00
5.569710139725163600e+00 1.719985228779878916e-01 5.741708662603151936e+00 1.199999999999999956e+00 -1.541587254761740411e-01 1.131232137011761285e+00
5.527663455467445530e+00 1.743972837370139084e-01 5.702060739204459772e+00 1.199999999999999956e+00 -1.645692134320402289e-01 1.125826432235449426e+00
5.485607062025482428e+00 1.768725276934398627e-01 5.662479589718921957e+00 1.199999999999999956e+00 -1.752517188770363887e-01 1.120336582017782634e+00
5.443566678695886729e+00 1.794257153775291602e-01 5.622992394073415667e+00 1.199999999999999956e+00 -1.862087978705027069e-01 1.114764042170018454e+00
5.401567026679609640e+00 1.820594205317049852e-01 5.583626447211314847e+00 1.199999999999999956e+00 -1.974429630041258932e-01 1.109081410738469220e+00
5.359631830410101827e+00 1.847762866428133144e-01 5.544408117052915586e+00 1.199999999999999956e+00 -2.089566791792405454e-01 1.103266730878228907e+00
5.317783821616260731e+00 1.875759670274892432e-01 5.505359788643749752e+00 1.199999999999999956e+00 -2.207523594221854069e-01 1.097372718846290063e+00
5.276044745918175849e+00 1.904599558350108524e-01 5.466504701753186701e+00 1.199999999999999956e+00 -2.328323607425666353e-01 1.091400914990613646e+00
5.232409491599836926e+00 1.933745144912222269e-01 5.425784006091059375e+00 1.199999999999999956e+00 -2.449444811260779176e-01 1.085352873978994603e+00
5.186362337633710240e+00 1.963032156883496304e-01 5.382665553322059537e+00 1.199999999999999956e+00 -2.570096111620223667e-01 1.079230164127618963e+00
5.140583264536924268e+00 1.993187916543760485e-01 5.339902056191299984e+00 1.199999999999999956e+00 -2.693587095739395920e-01 1.073034366726650202e+00
5.095090874725221930e+00 2.024227507806684034e-01 5.297513625505890111e+00 1.199999999999999956e+00 -2.819940225701698111e-01 1.066767075363251882e+00
5.049902624644616367e+00 2.056165900308948302e-01 5.255519214675510753e+00 1.199999999999999956e+00 -2.949177215696305865e-01 1.060429895242446241e+00
5.005034855638926139e+00 2.089017921294132885e-01 5.213936647768339760e+00 1.199999999999999956e+00 -3.081318993533850303e-01 1.054024442506221737e+00
4.960502825882454836e+00 2.122798226364285279e-01 5.172782648518883697e+00 1.199999999999999956e+00 -3.216385662920666633e-01 1.047552343551271914e+00
4.916320743170822460e+00 2.157521269083035875e-01 5.132072870079126048e+00 1.199999999999999956e+00 -3.354396466530875642e-01 1.041015234345789020e+00
4.872501798377361304e+00 2.193201269418063593e-01 5.091821925319167441e+00 1.199999999999999956e+00 -3.495369749922225822e-01 1.034414759745688750e+00
4.829058199395904083e+00 2.229852181011464651e-01 5.052043417497050548e+00 1.199999999999999956e+00 -3.639322926333132813e-01 1.027752572810678444e+00
4.786001205404510017e+00 2.267487657270468304e-01 5.012749971131556848e+00 1.199999999999999956e+00 -3.786272442402527361e-01 1.021030334120554217e+00
4.740862348468883880e+00 2.305318224343487765e-01 4.971394170903232990e+00 1.199999999999999956e+00 -3.932584817238895525e-01 1.014249711092120476e+00
4.693930116889966087e+00 2.343400748635406927e-01 4.928270191753506779e+00 1.199999999999999956e+00 -4.078484210453012793e-01 1.007412377297125072e+00
4.647551310129768076e+00 2.382491463677401944e-01 4.885800456497507938e+00 1.199999999999999956e+00 -4.227366105324605883e-01 1.000520011781587559e+00
4.601731552330996955e+00 2.422603245732551924e-01 4.843991876904252258e+00 1.199999999999999956e+00 -4.379244504647381575e-01 9.935742983869066958e-01
4.556475587381791925e+00 2.463748526298333852e-01 4.802850440011625643e+00 1.199999999999999956e+00 -4.534132292607813142e-01 9.865769250731306617e-01
4.511787325624743161e+00 2.506004741449665563e-01 4.762387799769709495e+00 1.199999999999999956e+00 -4.692041206093762185e-01 9.794677213450054820e-01
4.467669889277714468e+00 2.549332258166925325e-01 4.722603115094407222e+00 1.199999999999999956e+00 -4.852981807166045769e-01 9.723022110889264491e-01
4.424125656511473714e+00 2.593734585110170077e-01 4.683499115022490500e+00 1.199999999999999956e+00 -5.016963456722116632e-01 9.650896639699159119e-01
4.381156304141372360e+00 2.639222294627341370e-01 4.645078533604106497e+00 1.199999999999999956e+00 -5.183994289377746867e-01 9.578317944345861035e-01
4.338762848900623581e+00 2.685805308143656145e-01 4.607343379714989418e+00 1.199999999999999956e+00 -5.354081189592276857e-01 9.505303177175481455e-01
4.294401891092223700e+00 2.732518433158210858e-01 4.567653734408044564e+00 1.199999999999999956e+00 -5.522830257363811057e-01 9.431869491788763549e-01
4.248591397300024219e+00 2.779512041008520562e-01 4.526542601400876720e+00 1.199999999999999956e+00 -5.690888801679285791e-01 9.358034036463024341e-01
4.203516827500579645e+00 2.827616881706815910e-01 4.486278515671260791e+00 1.199999999999999956e+00 -5.861973858893456679e-01 9.283813947624780516e-01
4.159172432014965004e+00 2.876841001572483236e-01 4.446856532172213328e+00 1.199999999999999956e+00 -6.036088990659287390e-01 9.209226343376567536e-01
4.115552032589285147e+00 2.927191608373269638e-01 4.408271193426612555e+00 1.199999999999999956e+00 -6.213236405786783934e-01 9.134288317081077357e-01
4.072649061984551899e+00 2.978675020662160389e-01 4.370516564050768160e+00 1.199999999999999956e+00 -6.393416943563483557e-01 9.059016931006050877e-01
4.030456601333987976e+00 3.031296616189628201e-01 4.333586262952950463e+00 1.199999999999999956e+00 -6.576630058454755456e-01 8.983429210032977119e-01
3.988967415347493439e+00 3.085060779464064984e-01 4.297473493293900049e+00 1.199999999999999956e+00 -6.762873806196463278e-01 8.907542135432774399e-01
3.948173985444245471e+00 3.139970848541755455e-01 4.262171070298420794e+00 1.199999999999999956e+00 -6.952144831289812643e-01 8.831372638711493250e-01
3.907620166162773412e+00 3.195828980145078990e-01 4.227203064177281533e+00 1.199999999999999956e+00 -7.143532941445869255e-01 8.754937595529037608e-01
3.863784275245493394e+00 3.251023442266051111e-01 4.188886619472098616e+00 1.199999999999999956e+00 -7.329724207491539190e-01 8.678253819693749760e-01
3.820792751595520897e+00 3.307365486108266861e-01 4.151529300206347806e+00 1.199999999999999956e+00 -7.518896527357252779e-01 8.601338057235762280e-01
3.778631014530746679e+00 3.364889908027954846e-01 4.115120005333542608e+00 1.199999999999999956e+00 -7.711042786390747139e-01 8.524033771087315969e-01
3.737284523504086131e+00 3.423568295484613611e-01 4.079641353052547714e+00 1.199999999999999956e+00 -7.906154408009182788e-01 8.446507431939248578e-01
3.696738798660317737e+00 3.483394026505854946e-01 4.045078201310903232e+00 1.199999999999999956e+00 -8.104221349050071410e-01 8.368798416448578470e-01
3.656979439482479499e+00 3.544363507354485465e-01 4.011415790217927935e+00 1.199999999999999956e+00 -8.305232096558530230e-01 8.290923183661735862e-01
3.617992141655340443e+00 3.606471714043514298e-01 3.978639313059691762e+00 1.199999999999999956e+00 -8.509173666007869841e-01 8.212898096244024559e-01
3.579762712267277713e+00 3.669712136102831757e-01 3.946733925877560889e+00 1.199999999999999956e+00 -8.716031600947413693e-01 8.134739415066720714e-01
3.542277083464977050e+00 3.734076720706895891e-01 3.915684755535666639e+00 1.199999999999999956e+00 -8.925789974072548816e-01 8.056463293890794297e-01
3.501641184209685509e+00 3.797503917430091747e-01 3.881391575952694684e+00 1.199999999999999956e+00 -9.128989693379736536e-01 7.978085774149406006e-01
3.461657190781883831e+00 3.861920890337301460e-01 3.847849279815613865e+00 1.199999999999999956e+00 -9.334477441575108614e-01 7.899622779831274588e-01
3.422541703455870721e+00 3.927439947741496740e-01 3.815285698230020284e+00 1.199999999999999956e+00 -9.542800157173623177e-01 7.821090112466981825e-01
3.384274320384849322e+00 3.994048547569239993e-01 3.783679175141773321e+00 1.199999999999999956e+00 -9.753938069481140616e-01 7.742503446220103669e-01
3.346835099459434471e+00 4.061732395123304196e-01 3.753008338971764779e+00 1.199999999999999956e+00 -9.967869946406509030e-01 7.663878323085022704e-01
3.310204553942954764e+00 4.130475391536888030e-01 3.723252093096643733e+00 1.199999999999999956e+00 -1.018457310323496401e+00 7.585230148193181643e-01
3.274363647476369543e+00 4.200259583901979066e-01 3.694389605866567283e+00 1.199999999999999956e+00 -1.040402341274853981e+00 7.506574185229453189e-01
3.239293788532612517e+00 4.271065117347380702e-01 3.666400300267350421e+00 1.199999999999999956e+00 -1.062619531667289507e+00 7.427925551960180561e-01
3.204976824393343637e+00 4.342870189357085908e-01 3.639263843329052062e+00 1.199999999999999956e+00 -1.085106183843246086e+00 7.349299215874393054e-01
3.168046788056279262e+00 4.413467470689866334e-01 3.609393535125265728e+00 1.199999999999999956e+00 -1.106892793571465639e+00 7.271182979671021451e-01
3.131600515685243113e+00 4.484716906014852844e-01 3.580072206286728509e+00 1.199999999999999956e+00 -1.128830975962323180e+00 7.193350551686268357e-01
3.096012992108089890e+00 4.556903865329989811e-01 3.551703378641088982e+00 1.199999999999999956e+00 -1.151030600905579071e+00 7.115583785043146925e-01
3.061260536007492927e+00 4.630000941766262423e-01 3.524260630184119059e+00 1.199999999999999956e+00 -1.173488615476475871e+00 7.037896876247078382e-01
3.027320216790742258e+00 4.703978665733951625e-01 3.497718083364137254e+00 1.199999999999999956e+00 -1.196201830840503355e+00 6.960303853004560226e-01
2.994169829514427672e+00 4.778805476996564328e-01 3.472050377214084271e+00 1.199999999999999956e+00 -1.219166924214150960e+00 6.882818570602380337e-01
2.961787870565024683e+00 4.854447700999647841e-01 3.447232640664989578e+00 1.199999999999999956e+00 -1.242380440940574537e+00 6.805454708406791786e-01
2.930153514086369704e+00 4.930869529823781461e-01 3.423240467068747961e+00 1.199999999999999956e+00 -1.265838796677265066e+00 6.728225766483373338e-01
2.899246589143082975e+00 5.008033008139425313e-01 3.400049889957025506e+00 1.199999999999999956e+00 -1.289538279692653333e+00 6.651145062338342795e-01
2.866353679020914758e+00 5.084061218417679218e-01 3.374759800862682901e+00 1.199999999999999956e+00 -1.312549726411208262e+00 6.574225727781731754e-01
2.833646370392269631e+00 5.160350527740812376e-01 3.349681423166350758e+00 1.199999999999999956e+00 -1.335576972847522192e+00 6.497480705913172283e-01
2.801754119176055990e+00 5.237299787124316541e-01 3.325484097888487867e+00 1.199999999999999956e+00 -1.358836257257600266e+00 6.420922748230406540e-01
2.770652166871268030e+00 5.314865329726132792e-01 3.302138699843881309e+00 1.199999999999999956e+00 -1.382323570382630429e+00 6.344564411861077780e-01
2.740316674633731520e+00 5.393001351415718236e-01 3.279616809775303565e+00 1.199999999999999956e+00 -1.406034785644858509e+00 6.268418056917904879e-01
2.710724683438274774e+00 5.471659926452407952e-01 3.257890676083515569e+00 1.199999999999999956e+00 -1.429965661991288606e+00 6.192495843977430248e-01
2.681854076180373081e+00 5.550791030468555931e-01 3.236933179227228674e+00 1.199999999999999956e+00 -1.454111846824382326e+00 6.116809731682394391e-01
2.653683541613736097e+00 5.630053001944007596e-01 3.216688841808136967e+00 1.199999999999999956e+00 -1.478468879016174853e+00 6.042007938494470265e-01
2.626192540026217603e+00 5.709060268729306831e-01 3.197098566899148508e+00 1.199999999999999956e+00 -1.503032192001991341e+00 5.968785211270370983e-01
2.597778017872744538e+00 5.787175725451685349e-01 3.176495590417912851e+00 1.199999999999999956e+00 -1.527150205874884925e+00 5.895826182262631221e-01
2.568766038820082365e+00 5.864569056256214719e-01 3.155222944445704059e+00 1.199999999999999956e+00 -1.550920331554362264e+00 5.823141691289820399e-01
2.540505001161379450e+00 5.942193796910297809e-01 3.134724380852409453e+00 1.199999999999999956e+00 -1.574887113075110534e+00 5.750742371617570958e-01
2.512970692118678073e+00 6.019992536439666697e-01 3.114969945762644521e+00 1.199999999999999956e+00 -1.599045765439019107e+00 5.678638648342662076e-01
2.486139880601878183e+00 6.097906253670981602e-01 3.095930505968976121e+00 1.199999999999999956e+00 -1.623391411303156673e+00 5.606840736895708499e-01
2.459990269361231441e+00 6.175874402985433997e-01 3.077577709659774730e+00 1.199999999999999956e+00 -1.647919084447779348e+00 5.535358641662001533e-01
2.434500449850343085e+00 6.253835009237362907e-01 3.059883950774079153e+00 1.199999999999999956e+00 -1.672623733298729043e+00 5.464202154719696169e-01
2.409649859624794388e+00 6.331724771980967725e-01 3.042822336822891049e+00 1.199999999999999956e+00 -1.697500224500063659e+00 5.393380854694799220e-01
2.385418742113991630e+00 6.409479179107742119e-01 3.026366660024765842e+00 1.199999999999999956e+00 -1.722543346533004005e+00 5.322904105732124691e-01
2.361788108615569648e+00 6.487032629951675622e-01 3.010491371610737321e+00 1.199999999999999956e+00 -1.747747813377103832e+00 5.252781056581345975e-01
2.336400213094957934e+00 6.562504740907151302e-01 2.992650687185673064e+00 1.199999999999999956e+00 -1.771950776460810673e+00 5.183020639797328855e-01
2.311554649095791003e+00 6.637616885946518996e-01 2.975316337690443014e+00 1.199999999999999956e+00 -1.796245429601895260e+00 5.113631571053642855e-01
2.287363699172368925e+00 6.712407352670289873e-01 2.958604434439398023e+00 1.199999999999999956e+00 -1.820691818214095647e+00 5.044622348568372772e-01
2.263805698956167678e+00 6.786809505288289301e-01 2.942486649484996608e+00 1.199999999999999956e+00 -1.845284540737018197e+00 4.976001252640998018e-01
2.240859898819282048e+00 6.860756206950349156e-01 2.926935519514317185e+00 1.199999999999999956e+00 -1.870018136081398552e+00 4.907776345299273424e-01
2.218506416836191431e+00 6.934151485978314877e-01 2.911921565434022696e+00 1.199999999999999956e+00 -1.894887087455305874e+00 4.840006636063257095e-01
2.196726194584647462e+00 7.005113313127747654e-01 2.897237525897422117e+00 1.199999999999999956e+00 -1.919885826206564339e+00 4.775939958487841475e-01
2.175500955588892449e+00 7.075413024307984911e-01 2.883042258019691051e+00 1.199999999999999956e+00 -1.945008735677471456e+00 4.712271564458227480e-01
2.154813166223827903e+00 7.144988443832395175e-01 2.869312010607067531e+00 1.199999999999999956e+00 -1.970250155067932774e+00 4.649008285138278573e-01
2.134645998912762188e+00 7.213778003050712595e-01 2.856023799217833670e+00 1.199999999999999956e+00 -1.995604383303198226e+00 4.586156744090608695e-01
2.113236192553189952e+00 7.280404863458123099e-01 2.841276678899002484e+00 1.199999999999999956e+00 -2.020026639852372519e+00 4.523723357541963863e-01
2.092086066998578353e+00 7.345970386744031799e-01 2.826683105672981533e+00 1.199999999999999956e+00 -2.044370996215389091e+00 4.461714334743951960e-01
2.071497569281537388e+00 7.410659926803706554e-01 2.812563561961908043e+00 1.199999999999999956e+00 -2.068819310303525949e+00 4.400135678427617436e-01
2.051451953755343727e+00 7.474416519352027333e-01 2.798893605690546238e+00 1.199999999999999956e+00 -2.093365872464636013e+00 4.338993185350319415e-01
2.031931279453417005e+00 7.537184529214417950e-01 2.785649732374858800e+00 1.199999999999999956e+00 -2.118004948013819444e+00 4.278292446933352755e-01
2.012918367722304591e+00 7.598909838999872157e-01 2.772809351622291807e+00 1.199999999999999956e+00 -2.142730781064883239e+00 4.218038849988682282e-01
1.994396762483135577e+00 7.659540037595161666e-01 2.760350766242651854e+00 1.199999999999999956e+00 -2.167537598342646810e+00 4.158237577533105411e-01
1.976350692933801501e+00 7.719024607462766641e-01 2.748253153680078054e+00 1.199999999999999956e+00 -2.192419612972638099e+00 4.098893609688201156e-01
1.958765038519330925e+00 7.777315109674375337e-01 2.736496549486768348e+00 1.199999999999999956e+00 -2.217371028244881526e+00 4.040011724664278048e-01
1.941625296011708635e+00 7.834365365565945094e-01 2.725061832568303366e+00 1.199999999999999956e+00 -2.242386041348424008e+00 3.981596499826646207e-01
1.924895406187111968e+00 7.890116854172773975e-01 2.713907091604389255e+00 1.199999999999999956e+00 -2.267443172249023586e+00 3.923652312842307865e-01
1.906945891436017559e+00 7.943468814014593704e-01 2.701292772837477152e+00 1.199999999999999956e+00 -2.291371076878449209e+00 3.866183342905392117e-01
1.889473598512505736e+00 7.995543584492997846e-01 2.689027956961805632e+00 1.199999999999999956e+00 -2.315355151283083224e+00 3.809193572039359932e-01
1.872462655544796961e+00 8.046304432880383439e-01 2.677093098832835416e+00 1.199999999999999956e+00 -2.339389683753892335e+00 3.752686786474203062e-01
1.855897872518744052e+00 8.095717474639507749e-01 2.665469619982694827e+00 1.199999999999999956e+00 -2.363468970558814775e+00 3.696666578096707290e-01
1.839764705173791981e+00 8.142294646637431299e-01 2.653994169837535111e+00 1.199999999999999956e+00 -2.387587319469463232e+00 3.643971094593825288e-01
1.824049221155869427e+00 8.186734824766814800e-01 2.642722703632550907e+00 1.199999999999999956e+00 -2.411739053239396746e+00 3.593299249202605572e-01
