7.000000000000000000e+00 4.500000000000000000e+01 4.500000000000000000e+01 4.326237921249263430e+00 1.383951363849494465e+00 1.797154808540401573e+05 2.417905103178502824e+00 1.678683385579936527e+01 3.730407523510970158e-01 2.794436672830156176e-01
7.000000000000000000e+00 4.550000000000000000e+01 4.550000000000000000e+01 4.326237921249263430e+00 1.384519631552570296e+00 1.857730119660339551e+05 2.417904049942495970e+00 1.697335423197491622e+01 3.730407523510970713e-01 2.798572582374427853e-01
7.000000000000000000e+00 4.600000000000000000e+01 4.600000000000000000e+01 4.326237921249263430e+00 1.384683321537484524e+00 1.919651516673788137e+05 2.417903030864802183e+00 1.715987460815047427e+01 3.730407523510972934e-01 2.799763934562959911e-01
7.000000000000000000e+00 4.650000000000000000e+01 4.650000000000000000e+01 4.326237921249263430e+00 1.384038356969989003e+00 1.982933791733453400e+05 2.417902044484147250e+00 1.734639498432601101e+01 3.730407523510970158e-01 2.795069817523625488e-01
7.000000000000000000e+00 4.700000000000000000e+01 4.700000000000000000e+01 4.326237921249263430e+00 1.384308316132965233e+00 2.047591736991852813e+05 2.417901089416565341e+00 1.753291536050156196e+01 3.730407523510970713e-01 2.797034607486523772e-01
7.000000000000000000e+00 4.750000000000000000e+01 4.750000000000000000e+01 4.326237921249263430e+00 1.384743702283135480e+00 2.113640144601709326e+05 2.417900164350542447e+00 1.771943573667711291e+01 3.730407523510971268e-01 2.800203391713261825e-01
7.000000000000000000e+00 4.800000000000000000e+01 4.800000000000000000e+01 4.326237921249263430e+00 1.384120007298616173e+00 2.181093806715630635e+05 2.417899268042524863e+00 1.790595611285266386e+01 3.730407523510971823e-01 2.795664076839536882e-01
7.000000000000000000e+00 4.850000000000000000e+01 4.850000000000000000e+01 4.326237921249263430e+00 1.384110707563357856e+00 2.249967515486290213e+05 2.417898399312716773e+00 1.809247648902821481e+01 3.730407523510972378e-01 2.795596392432015964e-01
7.000000000000000000e+00 4.900000000000000000e+01 4.900000000000000000e+01 4.326237921249263430e+00 1.384800583894253201e+00 2.320276063066377828e+05 2.417897557041207346e+00 1.827899686520375155e+01 3.730407523510969603e-01 2.800617381809706874e-01
7.000000000000000000e+00 4.950000000000000000e+01 4.950000000000000000e+01 4.326237921249263430e+00 1.384196795289747817e+00 2.392034241608472075e+05 2.417896740164378944e+00 1.846551724137930250e+01 3.730407523510970158e-01 2.796222947573232531e-01
7.000000000000000000e+00 5.000000000000000000e+01 5.000000000000000000e+01 4.326237921249263430e+00 1.383925518647267205e+00 2.465256843265227799e+05 2.417895947671524493e+00 1.865203761755486767e+01 3.730407523510973489e-01 2.794248568865427274e-01
7.000000000000000000e+00 5.050000000000000000e+01 5.050000000000000000e+01 4.326237921249263430e+00 1.384854263329453161e+00 2.539958660189295479e+05 2.417895178601718431e+00 1.883855799373040441e+01 3.730407523510971268e-01 2.801008066147039344e-01
7.000000000000000000e+00 5.100000000000000000e+01 5.100000000000000000e+01 4.326237921249263430e+00 1.384269145147835278e+00 2.616154484533345385e+05 2.417894432040903041e+00 1.902507836990595536e+01 3.730407523510971823e-01 2.796749517127470330e-01
7.000000000000000000e+00 5.150000000000000000e+01 5.150000000000000000e+01 4.326237921249263430e+00 1.383751618003211004e+00 2.693859108450030908e+05 2.417893707119186164e+00 1.921159874608150631e+01 3.730407523510971823e-01 2.792982902478489127e-01
7.000000000000000000e+00 5.200000000000000000e+01 5.200000000000000000e+01 4.326237921249263430e+00 1.384905004708055110e+00 2.773087324092036579e+05 2.417893003008286801e+00 1.939811912225705726e+01 3.730407523510972378e-01 2.801377367012309882e-01
7.000000000000000000e+00 5.250000000000000000e+01 5.250000000000000000e+01 4.326237921249263430e+00 1.384337432867226658e+00 2.853853923611849314e+05 2.417892318919201866e+00 1.958463949843260821e+01 3.730407523510972934e-01 2.797246522027001525e-01
7.000000000000000000e+00 5.300000000000000000e+01 5.300000000000000000e+01 4.326237921249263430e+00 1.383772497539281554e+00 2.936173699162288685e+05 2.417891654099939558e+00 1.977115987460814495e+01 3.730407523510970713e-01 2.793134865847803905e-01
7.000000000000000000e+00 5.350000000000000000e+01 5.350000000000000000e+01 4.326237921249263430e+00 1.384953043750437374e+00 3.020061442895926302e+05 2.417891007833494754e+00 1.995768025078369590e+01 3.730407523510971268e-01 2.801727000002203205e-01
7.000000000000000000e+00 5.400000000000000000e+01 5.400000000000000000e+01 4.326237921249263430e+00 1.384401992925026192e+00 3.105531946965600364e+05 2.417890379435901238e+00 2.014420062695924685e+01 3.730407523510971823e-01 2.797716396629916780e-01
7.000000000000000000e+00 5.450000000000000000e+01 5.450000000000000000e+01 4.326237921249263430e+00 1.383853385960768678e+00 3.192600003523703781e+05 2.417889768254442462e+00 2.033072100313479780e+01 3.730407523510971823e-01 2.793723579925057043e-01
7.000000000000000000e+00 5.500000000000000000e+01 5.500000000000000000e+01 4.326237921249263430e+00 1.384998591512802024e+00 3.281280404723095126e+05 2.417889173665906721e+00 2.051724137931034875e+01 3.730407523510972378e-01 2.802058501205044738e-01
7.000000000000000000e+00 5.550000000000000000e+01 5.550000000000000000e+01 4.326237921249263430e+00 1.384463123884185576e+00 3.371587942716194084e+05 2.417888595075055047e+00 2.070376175548589970e+01 3.730407523510972934e-01 2.798161313907454595e-01
7.000000000000000000e+00 5.600000000000000000e+01 5.600000000000000000e+01 4.326237921249263430e+00 1.383929926927977450e+00 3.463537409655889496e+05 2.417888031913087765e+00 2.089028213166143644e+01 3.730407523510970713e-01 2.794280652792173747e-01
7.000000000000000000e+00 5.650000000000000000e+01 5.650000000000000000e+01 4.326237921249263430e+00 1.385041837545361920e+00 3.557143597694734344e+05 2.417887483636246948e+00 2.107680250783698739e+01 3.730407523510971268e-01 2.802373250186391829e-01
7.000000000000000000e+00 5.700000000000000000e+01 5.700000000000000000e+01 4.326237921249263430e+00 1.384521093109057688e+00 3.652421298985463218e+05 2.417886949724559198e+00 2.126332288401253834e+01 3.730407523510971823e-01 2.798583219764323449e-01
7.000000000000000000e+00 5.750000000000000000e+01 5.750000000000000000e+01 4.326237921249263430e+00 1.384002463160793450e+00 3.749385305680532474e+05 2.417886429680534022e+00 2.144984326018807508e+01 3.730407523510969603e-01 2.794808578799010679e-01
7.000000000000000000e+00 5.800000000000000000e+01 5.800000000000000000e+01 4.326237921249263430e+00 1.385043534174278168e+00 3.848050409932793118e+05 2.417885923028030515e+00 2.163636363636364024e+01 3.730407523510972378e-01 2.802385598425587432e-01
7.000000000000000000e+00 5.850000000000000000e+01 5.850000000000000000e+01 4.326237921249263430e+00 1.384576140754113283e+00 3.948431403894809773e+05 2.417885429311176448e+00 2.182288401253917698e+01 3.730407523510970158e-01 2.798983862068962214e-01
7.000000000000000000e+00 5.900000000000000000e+01 5.900000000000000000e+01 4.326237921249263430e+00 1.384071302150884586e+00 4.050543079719318775e+05 2.417884948093330877e+00 2.200940438871474214e+01 3.730407523510973489e-01 2.795309595900912214e-01
7.000000000000000000e+00 5.950000000000000000e+01 5.950000000000000000e+01 4.326237921249263430e+00 1.384864648335942139e+00 4.154400229558983119e+05 2.417884478956112027e+00 2.219592476489027888e+01 3.730407523510971268e-01 2.801083649291280508e-01
7.000000000000000000e+00 6.000000000000000000e+01 6.000000000000000000e+01 4.326237921249263430e+00 1.384628483153332645e+00 4.260017645566363353e+05 2.417884021498524660e+00 2.238244514106582983e+01 3.730407523510971823e-01 2.799364815321880862e-01
7.000000000000000000e+00 6.050000000000000000e+01 6.050000000000000000e+01 4.326237921249263430e+00 1.384136720588598601e+00 4.367410119894212112e+05 2.417883575336059465e+00 2.256896551724138078e+01 3.730407523510971823e-01 2.795785717878092047e-01
7.000000000000000000e+00 6.100000000000000000e+01 6.100000000000000000e+01 4.326237921249263430e+00 1.384694906442349716e+00 4.476592444695080630e+05 2.417883140099899020e+00 2.275548589341691752e+01 3.730407523510970158e-01 2.799848250706995501e-01
7.000000000000000000e+00 6.150000000000000000e+01 6.150000000000000000e+01 4.326237921249263430e+00 1.384678315713661956e+00 4.587579412121613277e+05 2.417882715436166841e+00 2.294200626959248268e+01 3.730407523510972934e-01 2.799727501714524003e-01
7.000000000000000000e+00 6.200000000000000000e+01 6.200000000000000000e+01 4.326237921249263430e+00 1.384198968137101193e+00 4.700385814326724503e+05 2.417882301005162216e+00 2.312852664576803363e+01 3.730407523510972934e-01 2.796238761804228368e-01
7.000000000000000000e+00 6.250000000000000000e+01 6.250000000000000000e+01 4.326237921249263430e+00 1.384533626512566507e+00 4.815026443462782190e+05 2.417881896480781112e+00 2.331504702194357037e+01 3.730407523510971268e-01 2.798674439146862092e-01
7.000000000000000000e+00 6.300000000000000000e+01 6.300000000000000000e+01 4.326237921249263430e+00 1.384725815394922677e+00 4.931516091682570986e+05 2.417881501549761225e+00 2.350156739811912132e+01 3.730407523510971823e-01 2.800073209178299827e-01
7.000000000000000000e+00 6.350000000000000000e+01 6.350000000000000000e+01 4.311188463496424816e+00 1.414104418827073273e+00 4.906111518365562079e+05 2.393299134707193687e+00 2.368808777429467227e+01 3.730407523510971823e-01 3.013893642073659507e-01
7.000000000000000000e+00 6.400000000000000000e+01 6.400000000000000000e+01 4.295252466336711095e+00 1.446828924878930334e+00 4.877094626120905741e+05 2.369457259826745155e+00 2.387460815047020901e+01 3.730407523510970158e-01 3.252065891018547372e-01
7.000000000000000000e+00 6.450000000000000000e+01 6.450000000000000000e+01 4.286574180787317445e+00 1.464110927528438744e+00 4.915038305025844020e+05 2.357359444745135590e+00 2.406112852664577417e+01 3.730407523510972934e-01 3.377846045829672184e-01
7.000000000000000000e+00 6.500000000000000000e+01 6.500000000000000000e+01 4.279852052108440219e+00 1.476792433765601098e+00 4.970837943859001971e+05 2.348394710543743269e+00 2.367711598746080881e+01 3.642633228840124193e-01 3.470143324686911779e-01
7.000000000000000000e+00 6.550000000000000000e+01 6.550000000000000000e+01 4.260889252987175801e+00 1.516020543721427360e+00 4.923244714120783610e+05 2.324900150995925951e+00 2.385924764890282290e+01 3.642633228840125859e-01 3.755649457468105412e-01
7.000000000000000000e+00 6.600000000000000000e+01 6.600000000000000000e+01 4.247584249852787153e+00 1.542271838266836559e+00 4.926536554662329727e+05 2.309883300028408470e+00 2.404137931034482278e+01 3.642633228840124748e-01 3.946709021505598880e-01
7.000000000000000000e+00 6.650000000000000000e+01 6.650000000000000000e+01 4.234148598774289951e+00 1.569614502049120119e+00 4.930694417597040883e+05 2.295840811136029558e+00 2.422351097178682267e+01 3.642633228840123638e-01 4.145711680701369417e-01
7.000000000000000000e+00 6.700000000000000000e+01 6.700000000000000000e+01 4.220547494801929034e+00 1.597362737391373688e+00 4.935349541264296859e+05 2.282682816244525625e+00 2.381755485893417301e+01 3.554858934169279339e-01 4.347666130533656137e-01
7.000000000000000000e+00 6.750000000000000000e+01 6.750000000000000000e+01 4.212409258668296630e+00 1.613858293747035377e+00 4.983291562003629515e+05 2.275282330649444074e+00 2.399529780564263604e+01 3.554858934169279339e-01 4.467722450058408956e-01
7.000000000000000000e+00 6.800000000000000000e+01 6.800000000000000000e+01 4.198973607589799428e+00 1.642833819922854044e+00 4.991531491076260572e+05 2.263783584864736298e+00 2.417304075235109906e+01 3.554858934169279339e-01 4.678609246110982944e-01
7.000000000000000000e+00 6.850000000000000000e+01 6.850000000000000000e+01 4.177234267483806107e+00 1.689210712209684218e+00 4.940643983888975927e+05 2.246907129097425848e+00 2.435078369905956208e+01 3.554858934169279339e-01 5.016144936261531795e-01
7.000000000000000000e+00 6.900000000000000000e+01 6.900000000000000000e+01 4.155084421408877127e+00 1.736647463987473161e+00 4.891784513563120854e+05 2.231653045504617516e+00 2.392288401253917129e+01 3.467084639498430598e-01 5.361394390468017246e-01
7.000000000000000000e+00 6.950000000000000000e+01 6.950000000000000000e+01 4.155494927377812786e+00 1.736441669275513133e+00 5.001798388316775090e+05 2.231919447890751584e+00 2.409623824451411167e+01 3.467084639498433374e-01 5.359896595841152633e-01
7.000000000000000000e+00 7.000000000000000000e+01 7.000000000000000000e+01 4.120319936193322263e+00 1.811346118248255088e+00 4.868746509849033901e+05 2.211038193365869375e+00 2.426959247648902362e+01 3.467084639498431708e-01 5.905058715005631065e-01
7.000000000000000000e+00 7.050000000000000000e+01 7.050000000000000000e+01 4.120319936193322263e+00 1.812082581461087472e+00 4.973825271514070919e+05 2.211038091124382987e+00 2.444294670846394979e+01 3.467084639498432819e-01 5.910418768398852940e-01
7.000000000000000000e+00 7.100000000000000000e+01 7.100000000000000000e+01 4.098580596087328942e+00 1.858814006671428265e+00 4.935908262960981810e+05 2.199882642547376754e+00 2.399310344827586050e+01 3.379310344827585744e-01 6.250534784852874726e-01
7.000000000000000000e+00 7.150000000000000000e+01 7.150000000000000000e+01 4.085144945008831741e+00 1.887986079697004271e+00 4.953729432218768052e+05 2.193559390075885851e+00 2.416206896551723560e+01 3.379310344827585189e-01 6.462852068662001681e-01
