7.000000000000000000e+00 4.400000000000000000e+01 2.800000000000000000e+01 2.240111052232392819e+00 6.804790073570636366e+00 1.886747755994304316e+05 1.254711958267088923e+00
7.000000000000000000e+00 4.400000000000000000e+01 3.000000000000000000e+01 2.571556054858615159e+00 5.894135059075569671e+00 2.339356864242114534e+05 1.295341791031064727e+00
7.000000000000000000e+00 4.400000000000000000e+01 3.200000000000000000e+01 2.939192710258863972e+00 4.881999624343852595e+00 3.083818315755997901e+05 1.356489000104353915e+00
7.000000000000000000e+00 4.400000000000000000e+01 3.400000000000000000e+01 3.303020888240620234e+00 3.884359222245069354e+00 4.033192181307434803e+05 1.487399409705377762e+00
7.000000000000000000e+00 4.400000000000000000e+01 3.600000000000000000e+01 3.617847252827671944e+00 3.019568932217427726e+00 4.766539181353785680e+05 1.781215696436991625e+00
7.000000000000000000e+00 4.400000000000000000e+01 3.800000000000000000e+01 3.851172995932024889e+00 2.378481900755889722e+00 4.607420810224654269e+05 2.336073205265510655e+00
7.000000000000000000e+00 4.400000000000000000e+01 4.000000000000000000e+01 4.067977302736440315e+00 1.782799215571152063e+00 4.809712109373061685e+05 3.191022356232944279e+00
7.000000000000000000e+00 4.400000000000000000e+01 4.200000000000000000e+01 4.213413524570368551e+00 1.383279851520717196e+00 4.754136980152319302e+05 3.858118862256174619e+00
7.000000000000000000e+00 4.400000000000000000e+01 4.400000000000000000e+01 4.307914157800941446e+00 1.421263327144565158e+00 4.650033568959612167e+05 4.109419742480579174e+00
7.000000000000000000e+00 4.400000000000000000e+01 4.600000000000000000e+01 4.364310794050435760e+00 1.699411803453282799e+00 4.177013625892324490e+05 4.202346120563456466e+00
7.000000000000000000e+00 4.400000000000000000e+01 4.800000000000000000e+01 4.371541259381495514e+00 2.062617208050373740e+00 2.960388135753215756e+05 4.365847184857470253e+00
7.000000000000000000e+00 4.400000000000000000e+01 5.000000000000000000e+01 4.371935757700392777e+00 2.421513070688007918e+00 2.043343325737871928e+05 4.504014147118017064e+00
7.000000000000000000e+00 4.600000000000000000e+01 2.800000000000000000e+01 2.049854064878792403e+00 7.326887535733781931e+00 1.909734139495760610e+05 1.235615941384074379e+00
7.000000000000000000e+00 4.600000000000000000e+01 3.000000000000000000e+01 2.352803649435858624e+00 6.494550216502320339e+00 2.318021460081034747e+05 1.267102108278312045e+00
7.000000000000000000e+00 4.600000000000000000e+01 3.200000000000000000e+01 2.690301080841758452e+00 5.564960087288407742e+00 2.957565015877953265e+05 1.307861668067906491e+00
7.000000000000000000e+00 4.600000000000000000e+01 3.400000000000000000e+01 3.035378954544015517e+00 4.617176588159153994e+00 3.785822805495716166e+05 1.380437530522990119e+00
7.000000000000000000e+00 4.600000000000000000e+01 3.600000000000000000e+01 3.388037255187637875e+00 3.650091293481878552e+00 4.980509569629647303e+05 1.529774875747294649e+00
7.000000000000000000e+00 4.600000000000000000e+01 3.800000000000000000e+01 3.629670326527896229e+00 2.986406621435407693e+00 4.918396873174718348e+05 1.819880638299442577e+00
7.000000000000000000e+00 4.600000000000000000e+01 4.000000000000000000e+01 3.861195600197384170e+00 2.350268114346608872e+00 4.832177773859561421e+05 2.352500649831577917e+00
7.000000000000000000e+00 4.600000000000000000e+01 4.200000000000000000e+01 4.069314770457508779e+00 1.778498076480116374e+00 4.942102603223053738e+05 3.134301911939582297e+00
7.000000000000000000e+00 4.600000000000000000e+01 4.400000000000000000e+01 4.212029038325201924e+00 1.386594529100044548e+00 4.755421210242763045e+05 3.752752725516371068e+00
7.000000000000000000e+00 4.600000000000000000e+01 4.600000000000000000e+01 4.326237921249263430e+00 1.384993813010492847e+00 4.968433593352828757e+05 3.996892931758337042e+00
7.000000000000000000e+00 4.600000000000000000e+01 4.800000000000000000e+01 4.362455526655418581e+00 1.686687582584807998e+00 3.831077287666384946e+05 4.146705866643407568e+00
7.000000000000000000e+00 4.600000000000000000e+01 5.000000000000000000e+01 4.381479165975237677e+00 2.014155999705073530e+00 2.801522283510079142e+05 4.274229725895124510e+00
7.000000000000000000e+00 4.600000000000000000e+01 5.200000000000000000e+01 4.385969782782244586e+00 2.353319623541254124e+00 1.927703683782242006e+05 4.371358727308095382e+00
7.000000000000000000e+00 4.800000000000000000e+01 2.800000000000000000e+01 1.883679630186715137e+00 7.782312357507853662e+00 1.952373584946789779e+05 1.220881201613462252e+00
7.000000000000000000e+00 4.800000000000000000e+01 3.000000000000000000e+01 2.160821407207585310e+00 7.021018187664883392e+00 2.328365380388552148e+05 1.246454640083126231e+00
7.000000000000000000e+00 4.800000000000000000e+01 3.200000000000000000e+01 2.458534578867297427e+00 6.203006996985253707e+00 2.820597772933532833e+05 1.279945518602847665e+00
7.000000000000000000e+00 4.800000000000000000e+01 3.400000000000000000e+01 2.788788426424394729e+00 5.293439874830506042e+00 3.595892009434178472e+05 1.324969663897052952e+00
7.000000000000000000e+00 4.800000000000000000e+01 3.600000000000000000e+01 3.124916205864488372e+00 4.370153351885176285e+00 4.611850802161222673e+05 1.406636887102316491e+00
7.000000000000000000e+00 4.800000000000000000e+01 3.800000000000000000e+01 3.387156761204680677e+00 3.651684213490322239e+00 4.900755147870358778e+05 1.565321504704394018e+00
7.000000000000000000e+00 4.800000000000000000e+01 4.000000000000000000e+01 3.625180447112505977e+00 2.997684237499763871e+00 4.842817455431136186e+05 1.840964066003361266e+00
7.000000000000000000e+00 4.800000000000000000e+01 4.200000000000000000e+01 3.866036338258707517e+00 2.335951100972915029e+00 4.984635845672119176e+05 2.351862369887054438e+00
7.000000000000000000e+00 4.800000000000000000e+01 4.400000000000000000e+01 4.058678811626183602e+00 1.806842082120051485e+00 4.826643761357218609e+05 3.048741872355971605e+00
7.000000000000000000e+00 4.800000000000000000e+01 4.600000000000000000e+01 4.214614853625206159e+00 1.378899628264707244e+00 4.856364993862010888e+05 3.641078940363225769e+00
7.000000000000000000e+00 4.800000000000000000e+01 4.800000000000000000e+01 4.326237921249263430e+00 1.384552029818459262e+00 4.806808202180138323e+05 3.907561811386584427e+00
7.000000000000000000e+00 4.800000000000000000e+01 5.000000000000000000e+01 4.370909954121471763e+00 1.656476616334398910e+00 3.734807092500916333e+05 4.048313433544921125e+00
7.000000000000000000e+00 4.800000000000000000e+01 5.200000000000000000e+01 4.377831519067196808e+00 1.991206897298090084e+00 2.497454890808514028e+05 4.156725621006008176e+00
7.000000000000000000e+00 4.800000000000000000e+01 5.400000000000000000e+01 4.401750119941601369e+00 2.285407877674575428e+00 1.853860106366523542e+05 4.203768735346116614e+00
7.000000000000000000e+00 5.000000000000000000e+01 2.800000000000000000e+01 1.737044480513409761e+00 8.183344623116065364e+00 2.007043139345629897e+05 1.208885954162584042e+00
7.000000000000000000e+00 5.000000000000000000e+01 3.000000000000000000e+01 1.992083374739033186e+00 7.482847129364454730e+00 2.364475889310817583e+05 1.230395790151321389e+00
7.000000000000000000e+00 5.000000000000000000e+01 3.200000000000000000e+01 2.265785467884101401e+00 6.730880965311295761e+00 2.814837929379214183e+05 1.257495987782541791e+00
7.000000000000000000e+00 5.000000000000000000e+01 3.400000000000000000e+01 2.557859375853535955e+00 5.928356317700899325e+00 3.402178489311177982e+05 1.293262666590643484e+00
7.000000000000000000e+00 5.000000000000000000e+01 3.600000000000000000e+01 2.880968108658045868e+00 5.038447637835780313e+00 4.338111020793856005e+05 1.342914243370892713e+00
7.000000000000000000e+00 5.000000000000000000e+01 3.800000000000000000e+01 3.155254125969943146e+00 4.287120753761644920e+00 4.873475125547372154e+05 1.438463115821339899e+00
7.000000000000000000e+00 5.000000000000000000e+01 4.000000000000000000e+01 3.385990288775032830e+00 3.653141863403769118e+00 4.829663377536897897e+05 1.592563587921066670e+00
7.000000000000000000e+00 5.000000000000000000e+01 4.200000000000000000e+01 3.627917315277566335e+00 2.988458465106361484e+00 4.893486176895692479e+05 1.856861373312692187e+00
7.000000000000000000e+00 5.000000000000000000e+01 4.400000000000000000e+01 3.855866822270659799e+00 2.362318094007701763e+00 4.887291288227497134e+05 2.319385491303633362e+00
7.000000000000000000e+00 5.000000000000000000e+01 4.600000000000000000e+01 4.053411247443997389e+00 1.820023222792056306e+00 4.843100700780575280e+05 2.960139368114211411e+00
7.000000000000000000e+00 5.000000000000000000e+01 4.800000000000000000e+01 4.209252155126502082e+00 1.392880216731783305e+00 4.779827268697086838e+05 3.515854408943517306e+00
7.000000000000000000e+00 5.000000000000000000e+01 5.000000000000000000e+01 4.326237921249263430e+00 1.384951361527723801e+00 4.672905667573320679e+05 3.800743403512743868e+00
7.000000000000000000e+00 5.000000000000000000e+01 5.200000000000000000e+01 4.394979502262910565e+00 1.598577090262322642e+00 3.960271658196458011e+05 3.927244974167440006e+00
7.000000000000000000e+00 5.000000000000000000e+01 5.400000000000000000e+01 4.391960574054611932e+00 1.938909542082660309e+00 2.462401001127491763e+05 3.999317514790861505e+00
7.000000000000000000e+00 5.000000000000000000e+01 5.600000000000000000e+01 4.404034914114477672e+00 2.241382830106093405e+00 1.708159838626768324e+05 3.977428056221613772e+00
7.000000000000000000e+00 5.200000000000000000e+01 2.800000000000000000e+01 1.607001183906628938e+00 8.537712831567747074e+00 2.071303836943038914e+05 1.199000187968581210e+00
7.000000000000000000e+00 5.200000000000000000e+01 3.000000000000000000e+01 1.842798978124106313e+00 7.890100751569749882e+00 2.417991727807981370e+05 1.217455387675897560e+00
7.000000000000000000e+00 5.200000000000000000e+01 3.200000000000000000e+01 2.094858689184168288e+00 7.197718871914495331e+00 2.838098000081081991e+05 1.239967282855792607e+00
7.000000000000000000e+00 5.200000000000000000e+01 3.400000000000000000e+01 2.364884777971095087e+00 6.455768071071664060e+00 3.374939193539968110e+05 1.268430268816338691e+00
7.000000000000000000e+00 5.200000000000000000e+01 3.600000000000000000e+01 2.664622881525560594e+00 5.629860803153382776e+00 4.198885953183629899e+05 1.303563445028015577e+00
7.000000000000000000e+00 5.200000000000000000e+01 3.800000000000000000e+01 2.935275946549351200e+00 4.888721050895077802e+00 4.809366924750951002e+05 1.367709714725534598e+00
7.000000000000000000e+00 5.200000000000000000e+01 4.000000000000000000e+01 3.164215477811521460e+00 4.259675032331558420e+00 4.894554686017833883e+05 1.468285426384828840e+00
7.000000000000000000e+00 5.200000000000000000e+01 4.200000000000000000e+01 3.391342517969796688e+00 3.635653634032731674e+00 4.863609576184705365e+05 1.615041258830807180e+00
7.000000000000000000e+00 5.200000000000000000e+01 4.400000000000000000e+01 3.630899402362499195e+00 2.977604141398463078e+00 4.965794033105622511e+05 1.866011047642958554e+00
7.000000000000000000e+00 5.200000000000000000e+01 4.600000000000000000e+01 3.851881052823325824e+00 2.370882581149262869e+00 4.921559909834145219e+05 2.285785044482403272e+00
7.000000000000000000e+00 5.200000000000000000e+01 4.800000000000000000e+01 4.048623515451530430e+00 1.831314923672341832e+00 4.884191770837232471e+05 2.865403724686816478e+00
7.000000000000000000e+00 5.200000000000000000e+01 5.000000000000000000e+01 4.203566297024105225e+00 1.407531224532912351e+00 4.722444777837237343e+05 3.378771590442690265e+00
7.000000000000000000e+00 5.200000000000000000e+01 5.200000000000000000e+01 4.326237921249263430e+00 1.384437938113107780e+00 4.573610631977090961e+05 3.676962552779666993e+00
7.000000000000000000e+00 5.200000000000000000e+01 5.400000000000000000e+01 4.381986221855282082e+00 1.609607922691118409e+00 3.522976665679150028e+05 3.796700621934201880e+00
7.000000000000000000e+00 5.200000000000000000e+01 5.600000000000000000e+01 4.392183295536519871e+00 1.914175797518539168e+00 2.315824245142389555e+05 3.796092444133383204e+00
7.000000000000000000e+00 5.200000000000000000e+01 5.800000000000000000e+01 4.424906712526010644e+00 2.171400191307613081e+00 1.735166953312630940e+05 3.759147637900182914e+00
7.000000000000000000e+00 5.400000000000000000e+01 2.800000000000000000e+01 1.477804459545018156e+00 8.888941944570191822e+00 2.077807501608271850e+05 1.195930920296653710e+00
7.000000000000000000e+00 5.400000000000000000e+01 3.000000000000000000e+01 1.709792559504200948e+00 8.251087150887737920e+00 2.483499245685765927e+05 1.206756940217883489e+00
7.000000000000000000e+00 5.400000000000000000e+01 3.200000000000000000e+01 1.943526941776631878e+00 7.609072996920183130e+00 2.887964920311655733e+05 1.226038365707257549e+00
7.000000000000000000e+00 5.400000000000000000e+01 3.400000000000000000e+01 2.192952139792126331e+00 6.923825009583443268e+00 3.384219778777993051e+05 1.249641356682105409e+00
7.000000000000000000e+00 5.400000000000000000e+01 3.600000000000000000e+01 2.458534578867297427e+00 6.194078151405065569e+00 4.016077802118106629e+05 1.279887932499562675e+00
7.000000000000000000e+00 5.400000000000000000e+01 3.800000000000000000e+01 2.752626531281809452e+00 5.383766919258064831e+00 4.993155246957766358e+05 1.318212752427411649e+00
7.000000000000000000e+00 5.400000000000000000e+01 4.000000000000000000e+01 2.953470040431254162e+00 4.834365574563253887e+00 4.906719631087619346e+05 1.396662282968964330e+00
7.000000000000000000e+00 5.400000000000000000e+01 4.200000000000000000e+01 3.158117388410914828e+00 4.272109289779759678e+00 4.751626676144005614e+05 1.492766597157164199e+00
7.000000000000000000e+00 5.400000000000000000e+01 4.400000000000000000e+01 3.390278040782364499e+00 3.634369136477062945e+00 4.836834883062025183e+05 1.629462627073326786e+00
7.000000000000000000e+00 5.400000000000000000e+01 4.600000000000000000e+01 3.613140292127891673e+00 3.022449585322722232e+00 4.770016508981485968e+05 1.847523406535382273e+00
7.000000000000000000e+00 5.400000000000000000e+01 4.800000000000000000e+01 3.844217841003938041e+00 2.388488860196441355e+00 4.918362362238594214e+05 2.237763449506053437e+00
7.000000000000000000e+00 5.400000000000000000e+01 5.000000000000000000e+01 4.043496700321631998e+00 1.842822322510367483e+00 4.934921649867097149e+05 2.765284934327079114e+00
7.000000000000000000e+00 5.400000000000000000e+01 5.200000000000000000e+01 4.202657603103315154e+00 1.408816324776649420e+00 4.790411361626819125e+05 3.244201154055401659e+00
7.000000000000000000e+00 5.400000000000000000e+01 5.400000000000000000e+01 4.347977261355256751e+00 1.341320658613362360e+00 4.990307066209645127e+05 3.562840423190624328e+00
7.000000000000000000e+00 5.400000000000000000e+01 5.600000000000000000e+01 4.407801354365523672e+00 1.550969436475139185e+00 3.809054207961478387e+05 3.668793628000991180e+00
7.000000000000000000e+00 5.400000000000000000e+01 5.800000000000000000e+01 4.434633341199211820e+00 1.817755723944545432e+00 2.630878192376091029e+05 3.669243903854789490e+00
7.000000000000000000e+00 5.400000000000000000e+01 6.000000000000000000e+01 4.448097521639468255e+00 2.098985169972648723e+00 1.803502774176047824e+05 3.544626565817063035e+00
7.000000000000000000e+00 5.600000000000000000e+01 2.800000000000000000e+01 1.374131952816732172e+00 9.167368566637815519e+00 2.153034509924650774e+05 1.189132984491378942e+00
7.000000000000000000e+00 5.600000000000000000e+01 3.000000000000000000e+01 1.577447394815126192e+00 8.608777234708991699e+00 2.481426187557723606e+05 1.202914265346815670e+00
7.000000000000000000e+00 5.600000000000000000e+01 3.200000000000000000e+01 1.808117951388390043e+00 7.974605437004180786e+00 2.953256722670962336e+05 1.214620133376049793e+00
7.000000000000000000e+00 5.600000000000000000e+01 3.400000000000000000e+01 2.039476906059549677e+00 7.339063973298049603e+00 3.423141437303959974e+05 1.234718797473042473e+00
7.000000000000000000e+00 5.600000000000000000e+01 3.600000000000000000e+01 2.286060852033495294e+00 6.661547832470920305e+00 4.006263192128789960e+05 1.259631330987502906e+00
7.000000000000000000e+00 5.600000000000000000e+01 3.800000000000000000e+01 2.547123356741023859e+00 5.944198483386707643e+00 4.746025726765286527e+05 1.291637058256183135e+00
7.000000000000000000e+00 5.600000000000000000e+01 4.000000000000000000e+01 2.759608449927360763e+00 5.360595124585481486e+00 4.935774859309106832e+05 1.349439851965524184e+00
7.000000000000000000e+00 5.600000000000000000e+01 4.200000000000000000e+01 2.956182094702404672e+00 4.820518661907924773e+00 4.840540501158047700e+05 1.422865367642536238e+00
7.000000000000000000e+00 5.600000000000000000e+01 4.400000000000000000e+01 3.174154830948516359e+00 4.221751969953803751e+00 4.895491992813928518e+05 1.512671653821990425e+00
7.000000000000000000e+00 5.600000000000000000e+01 4.600000000000000000e+01 3.383401585839067582e+00 3.647215852953369808e+00 4.763163940273554181e+05 1.635137271571148743e+00
7.000000000000000000e+00 5.600000000000000000e+01 4.800000000000000000e+01 3.616348802187740574e+00 3.008060728489323932e+00 4.890353205502316123e+05 1.843251515131426377e+00
7.000000000000000000e+00 5.600000000000000000e+01 5.000000000000000000e+01 3.833246072807817040e+00 2.413893431579256177e+00 4.888061078843063442e+05 2.177876827958070027e+00
7.000000000000000000e+00 5.600000000000000000e+01 5.200000000000000000e+01 4.036305947203785216e+00 1.859171379286020720e+00 4.967771387935933308e+05 2.657336574004660168e+00
7.000000000000000000e+00 5.600000000000000000e+01 5.400000000000000000e+01 4.193997036682685753e+00 1.431145744706472156e+00 4.734400959100157488e+05 3.088131469181409905e+00
7.000000000000000000e+00 5.600000000000000000e+01 5.600000000000000000e+01 4.347977261355256751e+00 1.341186933138584614e+00 4.943296335374902119e+05 3.427019154548923474e+00
7.000000000000000000e+00 5.600000000000000000e+01 5.800000000000000000e+01 4.419884013186968552e+00 1.517627959607846133e+00 3.894788371125810081e+05 3.526322590836354909e+00
7.000000000000000000e+00 5.600000000000000000e+01 6.000000000000000000e+01 4.428238339109959121e+00 1.806166792235325280e+00 2.487511003420437046e+05 3.423620544760016760e+00
7.000000000000000000e+00 5.600000000000000000e+01 6.200000000000000000e+01 4.459498416259790154e+00 2.047883249772654679e+00 1.829345710224796494e+05 3.290911902468009576e+00
7.000000000000000000e+00 5.800000000000000000e+01 2.800000000000000000e+01 1.302460116781703814e+00 9.350802588518771330e+00 2.352497909501367831e+05 1.174098966975690050e+00
7.000000000000000000e+00 5.800000000000000000e+01 3.000000000000000000e+01 1.470533599922781542e+00 8.893463165898687350e+00 2.561541120711771364e+05 1.195519015769323401e+00
7.000000000000000000e+00 5.800000000000000000e+01 3.200000000000000000e+01 1.686473809617714537e+00 8.299659670113607390e+00 3.030466966766960104e+05 1.205031748663390800e+00
7.000000000000000000e+00 5.800000000000000000e+01 3.400000000000000000e+01 1.902152074138748317e+00 7.707231797741974866e+00 3.485389675736729987e+05 1.222456244695052430e+00
7.000000000000000000e+00 5.800000000000000000e+01 3.600000000000000000e+01 2.131119747912318729e+00 7.078202895981393183e+00 4.030607396589482087e+05 1.243397347826930677e+00
7.000000000000000000e+00 5.800000000000000000e+01 3.800000000000000000e+01 2.374488361099836187e+00 6.409478015875122558e+00 4.712353891635625623e+05 1.269566342234895062e+00
7.000000000000000000e+00 5.800000000000000000e+01 4.000000000000000000e+01 2.573475653677824937e+00 5.862948619993113120e+00 4.885394022540989099e+05 1.318159946448509201e+00
7.000000000000000000e+00 5.800000000000000000e+01 4.200000000000000000e+01 2.774267459404335501e+00 5.311275777098956041e+00 4.983265721309398068e+05 1.375348152310598815e+00
7.000000000000000000e+00 5.800000000000000000e+01 4.400000000000000000e+01 2.972355241032039519e+00 4.767138100441900228e+00 4.951697326978496858e+05 1.443609727376026663e+00
7.000000000000000000e+00 5.800000000000000000e+01 4.600000000000000000e+01 3.176212144630707002e+00 4.207385801422202753e+00 4.894921154198700679e+05 1.526949236530187992e+00
7.000000000000000000e+00 5.800000000000000000e+01 4.800000000000000000e+01 3.395336808367962256e+00 3.606155162892395349e+00 4.944799903090070002e+05 1.644336057954499442e+00
7.000000000000000000e+00 5.800000000000000000e+01 5.000000000000000000e+01 3.615738856287610936e+00 3.002259992895089269e+00 4.981068081923203426e+05 1.830722678107410850e+00
7.000000000000000000e+00 5.800000000000000000e+01 5.200000000000000000e+01 3.819287099511532002e+00 2.446031011770823493e+00 4.846123109720938955e+05 2.109911622594935032e+00
7.000000000000000000e+00 5.800000000000000000e+01 5.400000000000000000e+01 4.021745725463971688e+00 1.894857926682110616e+00 4.904930675526924315e+05 2.529548103980315155e+00
7.000000000000000000e+00 5.800000000000000000e+01 5.600000000000000000e+01 4.185258953847402097e+00 1.453468000775141489e+00 4.716300053058633348e+05 2.928902673331300832e+00
7.000000000000000000e+00 5.800000000000000000e+01 5.800000000000000000e+01 4.347977261355256751e+00 1.341285119922143165e+00 4.942898645068889600e+05 3.281602010868419406e+00
7.000000000000000000e+00 5.800000000000000000e+01 6.000000000000000000e+01 4.409379242061819859e+00 1.526564987634181580e+00 3.675100106670983369e+05 3.327208485351272227e+00
7.000000000000000000e+00 5.800000000000000000e+01 6.200000000000000000e+01 4.457584559282507186e+00 1.735613576718135320e+00 2.721757650827927282e+05 3.281441334888978378e+00
7.000000000000000000e+00 5.800000000000000000e+01 6.400000000000000000e+01 4.499083798529148304e+00 1.952964418498901011e+00 2.048579990008841269e+05 3.157295107609638940e+00
7.000000000000000000e+00 6.000000000000000000e+01 2.800000000000000000e+01 1.217076620237125484e+00 9.573390531052124786e+00 2.436629765522457892e+05 1.169640358765570820e+00
7.000000000000000000e+00 6.000000000000000000e+01 3.000000000000000000e+01 1.397154283435475541e+00 9.078038593846676108e+00 2.796897645221334533e+05 1.179696090574909428e+00
7.000000000000000000e+00 6.000000000000000000e+01 3.200000000000000000e+01 1.563456799649259654e+00 8.625858938669546561e+00 3.023134211741852341e+05 1.201947198567460351e+00
7.000000000000000000e+00 6.000000000000000000e+01 3.400000000000000000e+01 1.778329512241504151e+00 8.035047667000549509e+00 3.562778355613697204e+05 1.212248242997496339e+00
7.000000000000000000e+00 6.000000000000000000e+01 3.600000000000000000e+01 1.992083374739033186e+00 7.447874587861926798e+00 4.085935261389642255e+05 1.230398365204572020e+00
7.000000000000000000e+00 6.000000000000000000e+01 3.800000000000000000e+01 2.218827457427735794e+00 6.824891618182695296e+00 4.719723770759144099e+05 1.252391584373551359e+00
7.000000000000000000e+00 6.000000000000000000e+01 4.000000000000000000e+01 2.392310732749316493e+00 6.348426696535788949e+00 4.740637219387564692e+05 1.298077924578925790e+00
7.000000000000000000e+00 6.000000000000000000e+01 4.200000000000000000e+01 2.592398814843384081e+00 5.798682299512693206e+00 4.959201704961071955e+05 1.343262556635649529e+00
7.000000000000000000e+00 6.000000000000000000e+01 4.400000000000000000e+01 2.778374915971791204e+00 5.287814164326073652e+00 4.929125861573779839e+05 1.398552157813100605e+00
7.000000000000000000e+00 6.000000000000000000e+01 4.600000000000000000e+01 2.981327170282933814e+00 4.730522780589092591e+00 5.001382564082884346e+05 1.460874712356653671e+00
7.000000000000000000e+00 6.000000000000000000e+01 4.800000000000000000e+01 3.172753617597173559e+00 4.205342064403794211e+00 4.856878060717607150e+05 1.535580212802154509e+00
7.000000000000000000e+00 6.000000000000000000e+01 5.000000000000000000e+01 3.378707086819868088e+00 3.641035666294613726e+00 4.808626757542070118e+05 1.635733383507919525e+00
7.000000000000000000e+00 6.000000000000000000e+01 5.200000000000000000e+01 3.585240271778722398e+00 3.076428746622412724e+00 4.726612252131025307e+05 1.783403066648882485e+00
7.000000000000000000e+00 6.000000000000000000e+01 5.400000000000000000e+01 3.794920158005327782e+00 2.505152763318020170e+00 4.705094928119009128e+05 2.023513735092622223e+00
7.000000000000000000e+00 6.000000000000000000e+01 5.600000000000000000e+01 4.010923466266086201e+00 1.919366507531175658e+00 4.937494206402529962e+05 2.415309369453146449e+00
7.000000000000000000e+00 6.000000000000000000e+01 5.800000000000000000e+01 4.181864627319310301e+00 1.460985247727290215e+00 4.824676936667435803e+05 2.788088686081859890e+00
7.000000000000000000e+00 6.000000000000000000e+01 6.000000000000000000e+01 4.347977261355256751e+00 1.341375763450751268e+00 4.991857811385098030e+05 3.132044440340476577e+00
7.000000000000000000e+00 6.000000000000000000e+01 6.200000000000000000e+01 4.437145139122309345e+00 1.466555113620727324e+00 4.076750802552024834e+05 3.219948928461842108e+00
7.000000000000000000e+00 6.000000000000000000e+01 6.400000000000000000e+01 4.453719553294088307e+00 1.722814452443627742e+00 2.696251342600482749e+05 3.036663773253911014e+00
7.000000000000000000e+00 6.000000000000000000e+01 6.600000000000000000e+01 4.513570200486795692e+00 1.901081663081136242e+00 2.150356484437464678e+05 2.944237373004803704e+00
7.000000000000000000e+00 6.200000000000000000e+01 2.800000000000000000e+01 1.139822016871397281e+00 9.769823068862802273e+00 2.525608734912278596e+05 1.165575414497877382e+00
7.000000000000000000e+00 6.200000000000000000e+01 3.000000000000000000e+01 1.308469152020736770e+00 9.305872681000082025e+00 2.886878060838805977e+05 1.174462265748597689e+00
7.000000000000000000e+00 6.200000000000000000e+01 3.200000000000000000e+01 1.488747124076927442e+00 8.810048808249389296e+00 3.299247345418846235e+05 1.185230252226795900e+00
7.000000000000000000e+00 6.200000000000000000e+01 3.400000000000000000e+01 1.666295415557426773e+00 8.326652571750004839e+00 3.652516044768168358e+05 1.203532137274380576e+00
7.000000000000000000e+00 6.200000000000000000e+01 3.600000000000000000e+01 1.866481134857921997e+00 7.776789099477322331e+00 4.161432447354499600e+05 1.219455244388245152e+00
7.000000000000000000e+00 6.200000000000000000e+01 3.800000000000000000e+01 2.078106038118446630e+00 7.195439511611545491e+00 4.760096777521026670e+05 1.238297352728435330e+00
7.000000000000000000e+00 6.200000000000000000e+01 4.000000000000000000e+01 2.240457502054510108e+00 6.749563256262852029e+00 4.779011244689525338e+05 1.279423747776899489e+00
7.000000000000000000e+00 6.200000000000000000e+01 4.200000000000000000e+01 2.427844883828351286e+00 6.234714258243752916e+00 4.981019503766378621e+05 1.318559651854638304e+00
7.000000000000000000e+00 6.200000000000000000e+01 4.400000000000000000e+01 2.602862390955197558e+00 5.753948245440168030e+00 4.957876711316781584e+05 1.365736344915453371e+00
7.000000000000000000e+00 6.200000000000000000e+01 4.600000000000000000e+01 2.779598765488475287e+00 5.268667232077910434e+00 4.867599596318277181e+05 1.416818810832913389e+00
7.000000000000000000e+00 6.200000000000000000e+01 4.800000000000000000e+01 2.971361348426071913e+00 4.742512376803107443e+00 4.860458892712991801e+05 1.472758001225724644e+00
7.000000000000000000e+00 6.200000000000000000e+01 5.000000000000000000e+01 3.164241808676254486e+00 4.214025710607805841e+00 4.790443003096037428e+05 1.538671995926065739e+00
7.000000000000000000e+00 6.200000000000000000e+01 5.200000000000000000e+01 3.382408468929828160e+00 3.617307373602011378e+00 4.934863366433444899e+05 1.634455185126654664e+00
7.000000000000000000e+00 6.200000000000000000e+01 5.400000000000000000e+01 3.591073124032469810e+00 3.048575160704754428e+00 4.937411711904582335e+05 1.772975501407309196e+00
7.000000000000000000e+00 6.200000000000000000e+01 5.600000000000000000e+01 3.801233561344744771e+00 2.478454183140568645e+00 4.978705391350137070e+05 1.994824331691855690e+00
7.000000000000000000e+00 6.200000000000000000e+01 5.800000000000000000e+01 3.997008621008152573e+00 1.951481584552631876e+00 4.954453030430187355e+05 2.300075693483169648e+00
7.000000000000000000e+00 6.200000000000000000e+01 6.000000000000000000e+01 4.171564326796761257e+00 1.487370064212676368e+00 4.856913412601930322e+05 2.634065062769912036e+00
7.000000000000000000e+00 6.200000000000000000e+01 6.200000000000000000e+01 4.326237921249263430e+00 1.384589649980737081e+00 4.715310337204010575e+05 2.920981933846242384e+00
7.000000000000000000e+00 6.200000000000000000e+01 6.400000000000000000e+01 4.451080010305324741e+00 1.432227539277066919e+00 4.322146828079667175e+05 3.086035822723261379e+00
7.000000000000000000e+00 6.200000000000000000e+01 6.600000000000000000e+01 4.500274122335010674e+00 1.625623812198649709e+00 3.157793344626701437e+05 2.985435054456534676e+00
7.000000000000000000e+00 6.200000000000000000e+01 6.800000000000000000e+01 4.555599488995289548e+00 1.807739810462780206e+00 2.453612131217230926e+05 2.859172544353596024e+00
7.000000000000000000e+00 6.400000000000000000e+01 2.800000000000000000e+01 1.069696248255286086e+00 9.942310297009459674e+00 2.619114712897221034e+05 1.162144787617641173e+00
7.000000000000000000e+00 6.400000000000000000e+01 3.000000000000000000e+01 1.227967631925711123e+00 9.506877115993649596e+00 2.982900951583742863e+05 1.170191907708484358e+00
7.000000000000000000e+00 6.400000000000000000e+01 3.200000000000000000e+01 1.397154283435475541e+00 9.041572276154420607e+00 3.394438351922752336e+05 1.179691546778105504e+00
7.000000000000000000e+00 6.400000000000000000e+01 3.400000000000000000e+01 1.577256202784580008e+00 8.546174064689521899e+00 3.864165810360343312e+05 1.191079126648491471e+00
7.000000000000000000e+00 6.400000000000000000e+01 3.600000000000000000e+01 1.752469111912561717e+00 8.069516911940613824e+00 4.251642896648786264e+05 1.210157339855573388e+00
7.000000000000000000e+00 6.400000000000000000e+01 3.800000000000000000e+01 1.951074123663893989e+00 7.523961430819730012e+00 4.831179436830367777e+05 1.226721668210816185e+00
7.000000000000000000e+00 6.400000000000000000e+01 4.000000000000000000e+01 2.102616854955453363e+00 7.107866996773593016e+00 4.843329945626633707e+05 1.264560893645139794e+00
7.000000000000000000e+00 6.400000000000000000e+01 4.200000000000000000e+01 2.263326916256529042e+00 6.666319680391867841e+00 4.868677341923563508e+05 1.303062145419072282e+00
7.000000000000000000e+00 6.400000000000000000e+01 4.400000000000000000e+01 2.430212292444957622e+00 6.207889207661633435e+00 4.876979570246536168e+05 1.343335879851164316e+00
7.000000000000000000e+00 6.400000000000000000e+01 4.600000000000000000e+01 2.608588294564868626e+00 5.718080965631537893e+00 4.927849090812963550e+05 1.385074710851802227e+00
7.000000000000000000e+00 6.400000000000000000e+01 4.800000000000000000e+01 2.788552984216265518e+00 5.224297029327870767e+00 4.916556231966062333e+05 1.430987010084475486e+00
7.000000000000000000e+00 6.400000000000000000e+01 5.000000000000000000e+01 2.969566775525274149e+00 4.728324743409079822e+00 4.842201743666618713e+05 1.481501675917418215e+00
7.000000000000000000e+00 6.400000000000000000e+01 5.200000000000000000e+01 3.174311072892153085e+00 4.168318641864307672e+00 4.950427774760653265e+05 1.544069310123694638e+00
7.000000000000000000e+00 6.400000000000000000e+01 5.400000000000000000e+01 3.357624890493169811e+00 3.668925362697865289e+00 4.770806775639159023e+05 1.616531658540528493e+00
7.000000000000000000e+00 6.400000000000000000e+01 5.600000000000000000e+01 3.567368605910449020e+00 3.099531752186490685e+00 4.829910921788612613e+05 1.733504271709492617e+00
7.000000000000000000e+00 6.400000000000000000e+01 5.800000000000000000e+01 3.782286582417558662e+00 2.519504147669867855e+00 4.955210694849754218e+05 1.925447644250531276e+00
7.000000000000000000e+00 6.400000000000000000e+01 6.000000000000000000e+01 3.964233310136025423e+00 2.034425623732374788e+00 4.767067356905425549e+05 2.149470742906440357e+00
7.000000000000000000e+00 6.400000000000000000e+01 6.200000000000000000e+01 4.146496563690422299e+00 1.554135711288825661e+00 4.725008500518669025e+05 2.445484758267619796e+00
7.000000000000000000e+00 6.400000000000000000e+01 6.400000000000000000e+01 4.326237921249263430e+00 1.384899938429932531e+00 4.876499908403210575e+05 2.775896327338736924e+00
7.000000000000000000e+00 6.400000000000000000e+01 6.600000000000000000e+01 4.465510018227822897e+00 1.397828541984720507e+00 4.624882918150838232e+05 2.963240700148304096e+00
7.000000000000000000e+00 6.400000000000000000e+01 6.800000000000000000e+01 4.522953039351448545e+00 1.571267981112572709e+00 3.455270774845046690e+05 2.865436413736625276e+00
7.000000000000000000e+00 6.400000000000000000e+01 7.000000000000000000e+01 4.572590791124462761e+00 1.756306859130539522e+00 2.640770551518358989e+05 2.699285482344343290e+00
7.000000000000000000e+00 6.600000000000000000e+01 2.800000000000000000e+01 1.005848446476963032e+00 1.009270313325732893e+01 2.716721249925085576e+05 1.159161812382291101e+00
7.000000000000000000e+00 6.600000000000000000e+01 3.000000000000000000e+01 1.154672961516922003e+00 9.683265645162508761e+00 3.084088082993295975e+05 1.166337066005623146e+00
7.000000000000000000e+00 6.600000000000000000e+01 3.200000000000000000e+01 1.313761236214809003e+00 9.245749559770604975e+00 3.496590405031046830e+05 1.174782178395614718e+00
7.000000000000000000e+00 6.600000000000000000e+01 3.400000000000000000e+01 1.483113270570624476e+00 8.779873972876403698e+00 3.963731660260306089e+05 1.184875225823830869e+00
7.000000000000000000e+00 6.600000000000000000e+01 3.600000000000000000e+01 1.648663946065317187e+00 8.329400939595231534e+00 4.354802962268666597e+05 1.202187775003571657e+00
7.000000000000000000e+00 6.600000000000000000e+01 3.800000000000000000e+01 1.835414664185944789e+00 7.816431401203860929e+00 4.920611271674800082e+05 1.216871059667995469e+00
7.000000000000000000e+00 6.600000000000000000e+01 4.000000000000000000e+01 1.977529563569540239e+00 7.426328153488632289e+00 4.932398497924520634e+05 1.252010729972856895e+00
7.000000000000000000e+00 6.600000000000000000e+01 4.200000000000000000e+01 2.128233941457011724e+00 7.012271450973782017e+00 4.956058969485607813e+05 1.287444430695491082e+00
7.000000000000000000e+00 6.600000000000000000e+01 4.400000000000000000e+01 2.285158298864680138e+00 6.581203729201352104e+00 4.966786447698560078e+05 1.323992485726040780e+00
7.000000000000000000e+00 6.600000000000000000e+01 4.600000000000000000e+01 2.435800590723443015e+00 6.167580228830798816e+00 4.833446451417808421e+05 1.363805911609268673e+00
7.000000000000000000e+00 6.600000000000000000e+01 4.800000000000000000e+01 2.608777055540743017e+00 5.692952545693612976e+00 4.864002664203901077e+05 1.401864546374999687e+00
7.000000000000000000e+00 6.600000000000000000e+01 5.000000000000000000e+01 2.792319906462700452e+00 5.189951356682661832e+00 4.932910877905237139e+05 1.442802245899823088e+00
7.000000000000000000e+00 6.600000000000000000e+01 5.200000000000000000e+01 2.963008489073323926e+00 4.723334248778557232e+00 4.800757392993518151e+05 1.487145211238524833e+00
7.000000000000000000e+00 6.600000000000000000e+01 5.400000000000000000e+01 3.157215691336093144e+00 4.193785297366093623e+00 4.845302619470055215e+05 1.540491516011508022e+00
7.000000000000000000e+00 6.600000000000000000e+01 5.600000000000000000e+01 3.354440268551239335e+00 3.658377594180200365e+00 4.864809815741287894e+05 1.609316200117481666e+00
7.000000000000000000e+00 6.600000000000000000e+01 5.800000000000000000e+01 3.557326103822080476e+00 3.110789462385212367e+00 4.901467761664819554e+05 1.708833395086664320e+00
7.000000000000000000e+00 6.600000000000000000e+01 6.000000000000000000e+01 3.758916782529976963e+00 2.571169166244730242e+00 4.914985758212872315e+05 1.856316529832498174e+00
7.000000000000000000e+00 6.600000000000000000e+01 6.200000000000000000e+01 3.962559428263492833e+00 2.031532172226097721e+00 5.002379415479312302e+05 2.083596818540174755e+00
7.000000000000000000e+00 6.600000000000000000e+01 6.400000000000000000e+01 4.134864989140182523e+00 1.584226608490424182e+00 4.827344867036702344e+05 2.313093166049745797e+00
7.000000000000000000e+00 6.600000000000000000e+01 6.600000000000000000e+01 4.304340355689204145e+00 1.428731367733528712e+00 4.765485103935515508e+05 2.572979028310154792e+00
7.000000000000000000e+00 6.600000000000000000e+01 6.800000000000000000e+01 4.471574933903168514e+00 1.378691291634826399e+00 4.846296475666413317e+05 2.826103391578685731e+00
7.000000000000000000e+00 6.600000000000000000e+01 7.000000000000000000e+01 4.531297063181796148e+00 1.541560946298703660e+00 3.654803086291495129e+05 2.712408275677135716e+00
7.000000000000000000e+00 6.600000000000000000e+01 7.200000000000000000e+01 4.590729068247548561e+00 1.704463153087432126e+00 2.873602875294417609e+05 2.565552376163386050e+00
7.000000000000000000e+00 6.800000000000000000e+01 2.800000000000000000e+01 9.475510019147171947e-01 1.022264189908983667e+01 2.818294490232815733e+05 1.156544472109519717e+00
7.000000000000000000e+00 6.800000000000000000e+01 3.000000000000000000e+01 1.087749874646996906e+00 9.836941435146133728e+00 3.190256030079547781e+05 1.163030078734556216e+00
7.000000000000000000e+00 6.800000000000000000e+01 3.200000000000000000e+01 1.237617635153916318e+00 9.424788223215475824e+00 3.605168717846717336e+05 1.170659012946223321e+00
7.000000000000000000e+00 6.800000000000000000e+01 3.400000000000000000e+01 1.397154283435475541e+00 8.985886604755933149e+00 4.071474057047480019e+05 1.179621102629302420e+00
7.000000000000000000e+00 6.800000000000000000e+01 3.600000000000000000e+01 1.566359819491675243e+00 8.520512886239901107e+00 4.599560246930752764e+05 1.190359715396705598e+00
7.000000000000000000e+00 6.800000000000000000e+01 3.800000000000000000e+01 1.716476245560001113e+00 8.113186681149455737e+00 4.874349978431489435e+05 1.213223101415346505e+00
7.000000000000000000e+00 6.800000000000000000e+01 4.000000000000000000e+01 1.850354379758294865e+00 7.745336695932001803e+00 4.892360536732327892e+05 1.245529695517822111e+00
7.000000000000000000e+00 6.800000000000000000e+01 4.200000000000000000e+01 1.983172614314517412e+00 7.380424979832448606e+00 4.821785778986642836e+05 1.280431364387159432e+00
7.000000000000000000e+00 6.800000000000000000e+01 4.400000000000000000e+01 2.137986757552200690e+00 6.955146913191803115e+00 4.913698648810858140e+05 1.311273086188856851e+00
7.000000000000000000e+00 6.800000000000000000e+01 4.600000000000000000e+01 2.294625296970441042e+00 6.525028849568555778e+00 4.950962269143854501e+05 1.344223449759252675e+00
7.000000000000000000e+00 6.800000000000000000e+01 4.800000000000000000e+01 2.455111571120080161e+00 6.084681595691081135e+00 4.957435213081082329e+05 1.378470219926503981e+00
7.000000000000000000e+00 6.800000000000000000e+01 5.000000000000000000e+01 2.613043511236975203e+00 5.651963039702481595e+00 4.869679661900715437e+05 1.414141842909950819e+00
7.000000000000000000e+00 6.800000000000000000e+01 5.200000000000000000e+01 2.791897778256482443e+00 5.162784604572366653e+00 4.930684103889400722e+05 1.451085920611721702e+00
7.000000000000000000e+00 6.800000000000000000e+01 5.400000000000000000e+01 2.974228276699831586e+00 4.665632266396856132e+00 4.962776802503057988e+05 1.492333904532066491e+00
7.000000000000000000e+00 6.800000000000000000e+01 5.600000000000000000e+01 3.160022017692301510e+00 4.161256032555332496e+00 4.969460189909660839e+05 1.540122192713754057e+00
7.000000000000000000e+00 6.800000000000000000e+01 5.800000000000000000e+01 3.338588295690289254e+00 3.679830241920259315e+00 4.853172053803884774e+05 1.594155216209879544e+00
7.000000000000000000e+00 6.800000000000000000e+01 6.000000000000000000e+01 3.541828468432941079e+00 3.134945346149922152e+00 4.937422520200129948e+05 1.680170250269339194e+00
7.000000000000000000e+00 6.800000000000000000e+01 6.200000000000000000e+01 3.733668296463906078e+00 2.626588414519792192e+00 4.890634247204912244e+05 1.793315224652922035e+00
7.000000000000000000e+00 6.800000000000000000e+01 6.400000000000000000e+01 3.933069361455152180e+00 2.104086336478765418e+00 4.939051936986052897e+05 1.970077504667208768e+00
7.000000000000000000e+00 6.800000000000000000e+01 6.600000000000000000e+01 4.104682908008574493e+00 1.664984220371609203e+00 4.753453879472453846e+05 2.150588894448556498e+00
7.000000000000000000e+00 6.800000000000000000e+01 6.800000000000000000e+01 4.293838710220178712e+00 1.449600290656237078e+00 4.878771286113570095e+05 2.422336796040542417e+00
7.000000000000000000e+00 6.800000000000000000e+01 7.000000000000000000e+01 4.463841991235868001e+00 1.384763861687205333e+00 4.918156961860252777e+05 2.658375625264859377e+00
7.000000000000000000e+00 6.800000000000000000e+01 7.200000000000000000e+01 4.555513550133287737e+00 1.487170304342881888e+00 4.064720377429794171e+05 2.631136526514996632e+00
7.000000000000000000e+00 6.800000000000000000e+01 7.400000000000000000e+01 4.619742962612985338e+00 1.636879418653784724e+00 3.223463288475543377e+05 2.490852786838232191e+00
7.000000000000000000e+00 7.000000000000000000e+01 2.800000000000000000e+01 8.941787413987045685e-01 1.033354092409832248e+01 2.923872014947473654e+05 1.154174704962665166e+00
7.000000000000000000e+00 7.000000000000000000e+01 3.000000000000000000e+01 1.026480698034226702e+00 9.969572860040122109e+00 3.300871354088941589e+05 1.160141666290147588e+00
7.000000000000000000e+00 7.000000000000000000e+01 3.200000000000000000e+01 1.167906927541165096e+00 9.580613540276504025e+00 3.719401365407512058e+05 1.167081954307504388e+00
7.000000000000000000e+00 7.000000000000000000e+01 3.400000000000000000e+01 1.318457429919518642e+00 9.166439170069006437e+00 4.186703716701256344e+05 1.175079621602506341e+00
7.000000000000000000e+00 7.000000000000000000e+01 3.600000000000000000e+01 1.478132205169287117e+00 8.727290946448496456e+00 4.712021170504177571e+05 1.184554466797791195e+00
7.000000000000000000e+00 7.000000000000000000e+01 3.800000000000000000e+01 1.619793093769274828e+00 8.342914047308772396e+00 4.986877373819163186e+05 1.205973165509977463e+00
7.000000000000000000e+00 7.000000000000000000e+01 4.000000000000000000e+01 1.726353829045152555e+00 8.050127578348092783e+00 4.791021407063294319e+05 1.243031200556579341e+00
7.000000000000000000e+00 7.000000000000000000e+01 4.200000000000000000e+01 1.871467381344964931e+00 7.651426338197385491e+00 4.948347756090252078e+05 1.269075887488974930e+00
7.000000000000000000e+00 7.000000000000000000e+01 4.400000000000000000e+01 1.995074412559795451e+00 7.311892539066233709e+00 4.800893612885337207e+05 1.302909086111144088e+00
7.000000000000000000e+00 7.000000000000000000e+01 4.600000000000000000e+01 2.140799315955235649e+00 6.911743342550428437e+00 4.822501888769195066e+05 1.332320809060488997e+00
7.000000000000000000e+00 7.000000000000000000e+01 4.800000000000000000e+01 2.304241306950316481e+00 6.463236856671950470e+00 4.960632291380275274e+05 1.360449905221881473e+00
7.000000000000000000e+00 7.000000000000000000e+01 5.000000000000000000e+01 2.453277486597003509e+00 6.054886163120569265e+00 4.884163779094973579e+05 1.392062436548357596e+00
7.000000000000000000e+00 7.000000000000000000e+01 5.200000000000000000e+01 2.622057510766692356e+00 5.593251909457868543e+00 4.945954750384038198e+05 1.423446806437111745e+00
7.000000000000000000e+00 7.000000000000000000e+01 5.400000000000000000e+01 2.786163856382887438e+00 5.145921501707098500e+00 4.900689432162644225e+05 1.456349626443529166e+00
7.000000000000000000e+00 7.000000000000000000e+01 5.600000000000000000e+01 2.959516946419314287e+00 4.675337833749827254e+00 4.889112533941426664e+05 1.491648730861514949e+00
7.000000000000000000e+00 7.000000000000000000e+01 5.800000000000000000e+01 3.150537199851406900e+00 4.159273605502237459e+00 4.991714964471221319e+05 1.535152510775167567e+00
7.000000000000000000e+00 7.000000000000000000e+01 6.000000000000000000e+01 3.329747196469128756e+00 3.679521664426244065e+00 4.931369796195012750e+05 1.583299137675225676e+00
7.000000000000000000e+00 7.000000000000000000e+01 6.200000000000000000e+01 3.524114735275326815e+00 3.163304953329930225e+00 4.973512912596378592e+05 1.652804389674207730e+00
7.000000000000000000e+00 7.000000000000000000e+01 6.400000000000000000e+01 3.711533209667066124e+00 2.672286033196542565e+00 4.924599831559697050e+05 1.742876528533909175e+00
7.000000000000000000e+00 7.000000000000000000e+01 6.600000000000000000e+01 3.909866291549305206e+00 2.158945604301940158e+00 4.982153528846460395e+05 1.886018636972189411e+00
7.000000000000000000e+00 7.000000000000000000e+01 6.800000000000000000e+01 4.082555948542163193e+00 1.723891005794907505e+00 4.820305667469967739e+05 2.032718330047772248e+00
7.000000000000000000e+00 7.000000000000000000e+01 7.000000000000000000e+01 4.269323589958780474e+00 1.499435742762424528e+00 4.872969433507733047e+05 2.251105907652986460e+00
7.000000000000000000e+00 7.000000000000000000e+01 7.200000000000000000e+01 4.442342690152147000e+00 1.415920809085396304e+00 4.878900377327472088e+05 2.463757713719277209e+00
7.000000000000000000e+00 7.000000000000000000e+01 7.400000000000000000e+01 4.580372927382494019e+00 1.432740042578236173e+00 4.548635675730946241e+05 2.567302453553098385e+00
7.000000000000000000e+00 7.000000000000000000e+01 7.600000000000000000e+01 4.665452760545704791e+00 1.545001908958985926e+00 3.766463575156582519e+05 2.486786892298211260e+00
7.000000000000000000e+00 7.200000000000000000e+01 2.800000000000000000e+01 8.451920973868924936e-01 1.042667221103781827e+01 3.033053651993672247e+05 1.152015527514794080e+00
7.000000000000000000e+00 7.200000000000000000e+01 3.000000000000000000e+01 9.702460301635249529e-01 1.008265127051418730e+01 3.415789743292400963e+05 1.157581392822446320e+00
7.000000000000000000e+00 7.200000000000000000e+01 3.200000000000000000e+01 1.103924372097165874e+00 9.714982958029494853e+00 3.838993320598086575e+05 1.163788754004139836e+00
7.000000000000000000e+00 7.200000000000000000e+01 3.400000000000000000e+01 1.246227123187816144e+00 9.323505641373845521e+00 4.308661830138869700e+05 1.171150424601770101e+00
7.000000000000000000e+00 7.200000000000000000e+01 3.600000000000000000e+01 1.397154283435475541e+00 8.908429952232944871e+00 4.833105825729268254e+05 1.179628389885563067e+00
7.000000000000000000e+00 7.200000000000000000e+01 3.800000000000000000e+01 1.515200977061340160e+00 8.588669171983125850e+00 4.924874563562819967e+05 1.205814334644885966e+00
7.000000000000000000e+00 7.200000000000000000e+01 4.000000000000000000e+01 1.635381145980615125e+00 8.258455940665568207e+00 4.966052835811593686e+05 1.233581839144507253e+00
7.000000000000000000e+00 7.200000000000000000e+01 4.200000000000000000e+01 1.750938413840841035e+00 7.940968717831117907e+00 4.884660688014559564e+05 1.264577104380404382e+00
7.000000000000000000e+00 7.200000000000000000e+01 4.400000000000000000e+01 1.885973376273005098e+00 7.570025881681083924e+00 4.950052304590371787e+05 1.291020389689506498e+00
7.000000000000000000e+00 7.200000000000000000e+01 4.600000000000000000e+01 2.023517871948428137e+00 7.192339850364735554e+00 4.974917075263003353e+05 1.318522814770261231e+00
7.000000000000000000e+00 7.200000000000000000e+01 4.800000000000000000e+01 2.162372535564715204e+00 6.811355753949405845e+00 4.949747859823756735e+05 1.346765682197815561e+00
7.000000000000000000e+00 7.200000000000000000e+01 5.000000000000000000e+01 2.304763509315161052e+00 6.421194799962135491e+00 4.901549942064705538e+05 1.374824397394226461e+00
7.000000000000000000e+00 7.200000000000000000e+01 5.200000000000000000e+01 2.460063392475681621e+00 5.996466602492572129e+00 4.924479012716649449e+05 1.402272894351092036e+00
7.000000000000000000e+00 7.200000000000000000e+01 5.400000000000000000e+01 2.620923873730125919e+00 5.557851982332141283e+00 4.944291891922850627e+05 1.430503680335965422e+00
7.000000000000000000e+00 7.200000000000000000e+01 5.600000000000000000e+01 2.776286633289799521e+00 5.136325563314778186e+00 4.858641630156814354e+05 1.459046439365430103e+00
7.000000000000000000e+00 7.200000000000000000e+01 5.800000000000000000e+01 2.948472261128117111e+00 4.671419296825685130e+00 4.878930313652191544e+05 1.490132645849150173e+00
7.000000000000000000e+00 7.200000000000000000e+01 6.000000000000000000e+01 3.132233726527230644e+00 4.178516362102937975e+00 4.953892385321230395e+05 1.526945067161212588e+00
7.000000000000000000e+00 7.200000000000000000e+01 6.200000000000000000e+01 3.302326888693894347e+00 3.727749711800413035e+00 4.860792404950447381e+05 1.564633023609619311e+00
7.000000000000000000e+00 7.200000000000000000e+01 6.400000000000000000e+01 3.491023995041372618e+00 3.231979674304221284e+00 4.892707663219071110e+05 1.619073910121652471e+00
7.000000000000000000e+00 7.200000000000000000e+01 6.600000000000000000e+01 3.683065434425760287e+00 2.734200129614391184e+00 4.924266337766444776e+05 1.694398266204564463e+00
7.000000000000000000e+00 7.200000000000000000e+01 6.800000000000000000e+01 3.878288359665644780e+00 2.236119362551815204e+00 4.974240288514196873e+05 1.804460568033978252e+00
7.000000000000000000e+00 7.200000000000000000e+01 7.000000000000000000e+01 4.067036492640433210e+00 1.765099620766492627e+00 4.982257883437079727e+05 1.947028715169151214e+00
7.000000000000000000e+00 7.200000000000000000e+01 7.200000000000000000e+01 4.247584249852787153e+00 1.542835636394697119e+00 4.954830908762703184e+05 2.113812766263462706e+00
7.000000000000000000e+00 7.200000000000000000e+01 7.400000000000000000e+01 4.412526012488680927e+00 1.462978762063088745e+00 4.830090151304861065e+05 2.268465172650507178e+00
7.000000000000000000e+00 7.200000000000000000e+01 7.600000000000000000e+01 4.590850299277128954e+00 1.402392815436193985e+00 4.924573820534509723e+05 2.471473857800918328e+00
7.000000000000000000e+00 7.200000000000000000e+01 7.800000000000000000e+01 4.686294445890430538e+00 1.492516695965402151e+00 4.176993297737948596e+05 2.414732195545256754e+00
7.000000000000000000e+00 7.400000000000000000e+01 2.800000000000000000e+01 8.001234172486580976e-01 1.050320302076405987e+01 3.145795683270119480e+05 1.150242108977742372e+00
7.000000000000000000e+00 7.400000000000000000e+01 3.000000000000000000e+01 9.185090249027961784e-01 1.017753410466612785e+01 3.535056533578622621e+05 1.155249185135609924e+00
7.000000000000000000e+00 7.400000000000000000e+01 3.200000000000000000e+01 1.045059157222737234e+00 9.829456441538484412e+00 3.963513282211580081e+05 1.160991822255589057e+00
7.000000000000000000e+00 7.400000000000000000e+01 3.400000000000000000e+01 1.179773814208480820e+00 9.458861981858287749e+00 4.436532510410900577e+05 1.167668637105473861e+00
7.000000000000000000e+00 7.400000000000000000e+01 3.600000000000000000e+01 1.322652995860027048e+00 9.065900322526259103e+00 4.961955386915970012e+05 1.175291655686570680e+00
7.000000000000000000e+00 7.400000000000000000e+01 3.800000000000000000e+01 1.410121417719526038e+00 8.829939892977522575e+00 4.778237351650997298e+05 1.209654129851781112e+00
7.000000000000000000e+00 7.400000000000000000e+01 4.000000000000000000e+01 1.535554371081518266e+00 8.485290563964552391e+00 4.960940310493423021e+05 1.230920089367146808e+00
7.000000000000000000e+00 7.400000000000000000e+01 4.200000000000000000e+01 1.644949708499721774e+00 8.184732555387530084e+00 4.893340695639302721e+05 1.259734559567177836e+00
7.000000000000000000e+00 7.400000000000000000e+01 4.400000000000000000e+01 1.772784119541604309e+00 7.833568988824779034e+00 4.965672561481648590e+05 1.284126383228082480e+00
7.000000000000000000e+00 7.400000000000000000e+01 4.600000000000000000e+01 1.893624164201970661e+00 7.501766899280675638e+00 4.899417708702500095e+05 1.311340972154919626e+00
7.000000000000000000e+00 7.400000000000000000e+01 4.800000000000000000e+01 2.023120636426992025e+00 7.146461108043715704e+00 4.867497420745582785e+05 1.337026604944611119e+00
7.000000000000000000e+00 7.400000000000000000e+01 5.000000000000000000e+01 2.169242851734679789e+00 6.745987288275000715e+00 4.946875414111113641e+05 1.360713099789205183e+00
7.000000000000000000e+00 7.400000000000000000e+01 5.200000000000000000e+01 2.314113549122029934e+00 6.349796490074900213e+00 4.955923033950143727e+05 1.385479903073385533e+00
7.000000000000000000e+00 7.400000000000000000e+01 5.400000000000000000e+01 2.462435918028305082e+00 5.945424185949293339e+00 4.944692043563679908e+05 1.410399697699399990e+00
7.000000000000000000e+00 7.400000000000000000e+01 5.600000000000000000e+01 2.615622661528064885e+00 5.529584774562845695e+00 4.928470859561093384e+05 1.435453247415767741e+00
7.000000000000000000e+00 7.400000000000000000e+01 5.800000000000000000e+01 2.770825662654153199e+00 5.110817603730303915e+00 4.882920506340688444e+05 1.460664543821762029e+00
7.000000000000000000e+00 7.400000000000000000e+01 6.000000000000000000e+01 2.942087229739406951e+00 4.651521677257430376e+00 4.933374448445756570e+05 1.488523071350409177e+00
7.000000000000000000e+00 7.400000000000000000e+01 6.200000000000000000e+01 3.116803496757377889e+00 4.187267442719545762e+00 4.967299204796786653e+05 1.519545048162682432e+00
7.000000000000000000e+00 7.400000000000000000e+01 6.400000000000000000e+01 3.278559464281009195e+00 3.763910804976676516e+00 4.849661744415541762e+05 1.549384519806609850e+00
7.000000000000000000e+00 7.400000000000000000e+01 6.600000000000000000e+01 3.472023843082414629e+00 3.260764761387070276e+00 4.960046427654131548e+05 1.598012439261933482e+00
7.000000000000000000e+00 7.400000000000000000e+01 6.800000000000000000e+01 3.653127127073885649e+00 2.799178031479880424e+00 4.936224350461794529e+05 1.653250317753158338e+00
7.000000000000000000e+00 7.400000000000000000e+01 7.000000000000000000e+01 3.844390670369600915e+00 2.319105130987404007e+00 4.977904199059996172e+05 1.736399967380331866e+00
7.000000000000000000e+00 7.400000000000000000e+01 7.200000000000000000e+01 4.021701971319904700e+00 1.886830619627104744e+00 4.898790869743683143e+05 1.829367496556971284e+00
7.000000000000000000e+00 7.400000000000000000e+01 7.400000000000000000e+01 4.212409258668296630e+00 1.613899652107593452e+00 4.953250011580160353e+05 1.974028010611830197e+00
7.000000000000000000e+00 7.400000000000000000e+01 7.600000000000000000e+01 4.383151698417502296e+00 1.509229971147189042e+00 4.865316795379144023e+05 2.107041168753134297e+00
7.000000000000000000e+00 7.400000000000000000e+01 7.800000000000000000e+01 4.553645790101408686e+00 1.449388568144518441e+00 4.821065208264479879e+05 2.255300569921470100e+00
7.000000000000000000e+00 7.400000000000000000e+01 8.000000000000000000e+01 4.707939358618959957e+00 1.439911255215278629e+00 4.657953006138193305e+05 2.360836784511610276e+00
7.000000000000000000e+00 7.600000000000000000e+01 2.800000000000000000e+01 7.585657605356045385e-01 1.056422275144656808e+01 3.262075016284638550e+05 1.148617239559345471e+00
7.000000000000000000e+00 7.600000000000000000e+01 3.000000000000000000e+01 8.708025312270971652e-01 1.025547629523449267e+01 3.658344730098065338e+05 1.153175997824619436e+00
7.000000000000000000e+00 7.600000000000000000e+01 3.200000000000000000e+01 9.907797688628303678e-01 9.925465215271019659e+00 4.092743367736022919e+05 1.158563836231536692e+00
7.000000000000000000e+00 7.600000000000000000e+01 3.400000000000000000e+01 1.118497473442804591e+00 9.574127485832514495e+00 4.570474980201392318e+05 1.164460934709481865e+00
7.000000000000000000e+00 7.600000000000000000e+01 3.600000000000000000e+01 1.233856043619691034e+00 9.260944613727732033e+00 4.854581279144479777e+05 1.180489668567664685e+00
7.000000000000000000e+00 7.600000000000000000e+01 3.800000000000000000e+01 1.336881039375367841e+00 8.977865968487382275e+00 4.924576716949481051e+05 1.204505513344489742e+00
7.000000000000000000e+00 7.600000000000000000e+01 4.000000000000000000e+01 1.440033380536292373e+00 8.694440021655228890e+00 4.928042769017331884e+05 1.230350218273001728e+00
7.000000000000000000e+00 7.600000000000000000e+01 4.200000000000000000e+01 1.544721693806949681e+00 8.406813464950614545e+00 4.886042827472459176e+05 1.256822513924739981e+00
7.000000000000000000e+00 7.600000000000000000e+01 4.400000000000000000e+01 1.661630833315693945e+00 8.085664313636202749e+00 4.919084462144284043e+05 1.280371211706286871e+00
7.000000000000000000e+00 7.600000000000000000e+01 4.600000000000000000e+01 1.782384979540098335e+00 7.754084026886078895e+00 4.933714747548344894e+05 1.303967582386230450e+00
7.000000000000000000e+00 7.600000000000000000e+01 4.800000000000000000e+01 1.895338986457918429e+00 7.444199471285550374e+00 4.813468409899955150e+05 1.329349242720655022e+00
7.000000000000000000e+00 7.600000000000000000e+01 5.000000000000000000e+01 2.041349788458774128e+00 7.043973654429168896e+00 4.974595803319431725e+05 1.349614261082032307e+00
7.000000000000000000e+00 7.600000000000000000e+01 5.200000000000000000e+01 2.164812863334764970e+00 6.706475126088265348e+00 4.858056570810126723e+05 1.373178487972618322e+00
7.000000000000000000e+00 7.600000000000000000e+01 5.400000000000000000e+01 2.319139617028417977e+00 6.285441802105939502e+00 4.989321871108697378e+05 1.394454775794226720e+00
7.000000000000000000e+00 7.600000000000000000e+01 5.600000000000000000e+01 2.462202197841649287e+00 5.897120028119366530e+00 4.962234953976366669e+05 1.416744404515985378e+00
7.000000000000000000e+00 7.600000000000000000e+01 5.800000000000000000e+01 2.606425321736412837e+00 5.508058454471907339e+00 4.901349138714622241e+05 1.438636816967079568e+00
7.000000000000000000e+00 7.600000000000000000e+01 6.000000000000000000e+01 2.767354519007761304e+00 5.076481790434487884e+00 4.944218416289176675e+05 1.461590340082808970e+00
7.000000000000000000e+00 7.600000000000000000e+01 6.200000000000000000e+01 2.917042461697158640e+00 4.679840247814508025e+00 4.848770874464259250e+05 1.483175967529485995e+00
7.000000000000000000e+00 7.600000000000000000e+01 6.400000000000000000e+01 3.083330135476303635e+00 4.242986616890473961e+00 4.852947777416505269e+05 1.507891617501571080e+00
7.000000000000000000e+00 7.600000000000000000e+01 6.600000000000000000e+01 3.262654498781472956e+00 3.776927396860775055e+00 4.922047122642664472e+05 1.538546517596812269e+00
7.000000000000000000e+00 7.600000000000000000e+01 6.800000000000000000e+01 3.443353676840414490e+00 3.314658474662648402e+00 4.964629790913111065e+05 1.575101674985194045e+00
7.000000000000000000e+00 7.600000000000000000e+01 7.000000000000000000e+01 3.623413818651477047e+00 2.862748454897853900e+00 4.970329799099916709e+05 1.619668719377298727e+00
7.000000000000000000e+00 7.600000000000000000e+01 7.200000000000000000e+01 3.800177689758641897e+00 2.429378504531087390e+00 4.926735343787195161e+05 1.673319586817848981e+00
7.000000000000000000e+00 7.600000000000000000e+01 7.400000000000000000e+01 3.980882873123570143e+00 1.996037023089640039e+00 4.900559414586086641e+05 1.746008953172250688e+00
7.000000000000000000e+00 7.600000000000000000e+01 7.600000000000000000e+01 4.177234267483806107e+00 1.689355503840972661e+00 5.000502821851171902e+05 1.864388850498216454e+00
7.000000000000000000e+00 7.600000000000000000e+01 7.800000000000000000e+01 4.340032287361526464e+00 1.581649689241981793e+00 4.843433469996573403e+05 1.951359968188526306e+00
7.000000000000000000e+00 7.600000000000000000e+01 8.000000000000000000e+01 4.526476393361587469e+00 1.480776151377930949e+00 4.909979200263587991e+05 2.102307860198941114e+00
7.000000000000000000e+00 7.600000000000000000e+01 8.200000000000000000e+01 4.689373726911734153e+00 1.450090842434712313e+00 4.804689292568504461e+05 2.210250380302053230e+00
7.000000000000000000e+00 7.800000000000000000e+01 2.800000000000000000e+01 7.201636806136838542e-01 1.061076146598284886e+01 3.381655512843771721e+05 1.147273831785514231e+00
7.000000000000000000e+00 7.800000000000000000e+01 3.000000000000000000e+01 8.267185109085654071e-01 1.031765252728385995e+01 3.785479425734231481e+05 1.151318576076825861e+00
7.000000000000000000e+00 7.800000000000000000e+01 3.200000000000000000e+01 9.406219501893012813e-01 1.000433799353961462e+01 4.226354238111109589e+05 1.156277945959851783e+00
7.000000000000000000e+00 7.800000000000000000e+01 3.400000000000000000e+01 1.061873998455890922e+00 9.670795223061393386e+00 4.709616880515943631e+05 1.161764689211494561e+00
7.000000000000000000e+00 7.800000000000000000e+01 3.600000000000000000e+01 1.158734232421018140e+00 9.408241621690251577e+00 4.845383165512029664e+05 1.182447037162247083e+00
7.000000000000000000e+00 7.800000000000000000e+01 3.800000000000000000e+01 1.247345151508590044e+00 9.164770100697927191e+00 4.815820234186608577e+05 1.208736476176915486e+00
7.000000000000000000e+00 7.800000000000000000e+01 4.000000000000000000e+01 1.342914183106125092e+00 8.902180578747570294e+00 4.806169569838748430e+05 1.233390830658978254e+00
7.000000000000000000e+00 7.800000000000000000e+01 4.200000000000000000e+01 1.453862432429096074e+00 8.597349702505448832e+00 4.909577240133763989e+05 1.253901357094268310e+00
7.000000000000000000e+00 7.800000000000000000e+01 4.400000000000000000e+01 1.561540911346255500e+00 8.301559073711473502e+00 4.915850041232120711e+05 1.276743305613037505e+00
7.000000000000000000e+00 7.800000000000000000e+01 4.600000000000000000e+01 1.672357810127045763e+00 7.997270314293086102e+00 4.900819746353278751e+05 1.299282472573549230e+00
7.000000000000000000e+00 7.800000000000000000e+01 4.800000000000000000e+01 1.786067522368814942e+00 7.685281881544105076e+00 4.864722507984305848e+05 1.321410993727557326e+00
7.000000000000000000e+00 7.800000000000000000e+01 5.000000000000000000e+01 1.914620405968388006e+00 7.332962798363128698e+00 4.927787807448691456e+05 1.341276483423666122e+00
7.000000000000000000e+00 7.800000000000000000e+01 5.200000000000000000e+01 2.029924843328753337e+00 7.017772962235000911e+00 4.813243088531299145e+05 1.362764540140786407e+00
7.000000000000000000e+00 7.800000000000000000e+01 5.400000000000000000e+01 2.175130654523034668e+00 6.621615042798210560e+00 4.935628769416757277e+05 1.381704867546986293e+00
7.000000000000000000e+00 7.800000000000000000e+01 5.600000000000000000e+01 2.306764888107522005e+00 6.264387304396972667e+00 4.884879324654312222e+05 1.401380518092842919e+00
7.000000000000000000e+00 7.800000000000000000e+01 5.800000000000000000e+01 2.456340083554569453e+00 5.860265193736313272e+00 4.951242660875036381e+05 1.420983265756220471e+00
7.000000000000000000e+00 7.800000000000000000e+01 6.000000000000000000e+01 2.593581214520560341e+00 5.493015085801335573e+00 4.868047941293641343e+05 1.439595927906550887e+00
7.000000000000000000e+00 7.800000000000000000e+01 6.200000000000000000e+01 2.747144081632085122e+00 5.085004076817593699e+00 4.883898131119965110e+05 1.459130140731666359e+00
7.000000000000000000e+00 7.800000000000000000e+01 6.400000000000000000e+01 2.912601993004106493e+00 4.649444869590706908e+00 4.955877579473463702e+05 1.480803856949520103e+00
7.000000000000000000e+00 7.800000000000000000e+01 6.600000000000000000e+01 3.077399757067769137e+00 4.221696516847283753e+00 4.982622272504455177e+05 1.503290783062097180e+00
7.000000000000000000e+00 7.800000000000000000e+01 6.800000000000000000e+01 3.244798205123175183e+00 3.793920079668679612e+00 4.992800058277291828e+05 1.527819699099817186e+00
7.000000000000000000e+00 7.800000000000000000e+01 7.000000000000000000e+01 3.410145978631495378e+00 3.379764988140345761e+00 4.954050850735439453e+05 1.553675735612231268e+00
7.000000000000000000e+00 7.800000000000000000e+01 7.200000000000000000e+01 3.591157052039680497e+00 2.932492074728715536e+00 5.002610297399674309e+05 1.590758559969575714e+00
7.000000000000000000e+00 7.800000000000000000e+01 7.400000000000000000e+01 3.759785478096865141e+00 2.528706880108423594e+00 4.934004826528718695e+05 1.627894461403986526e+00
7.000000000000000000e+00 7.800000000000000000e+01 7.600000000000000000e+01 3.945702619126074229e+00 2.089793328585298759e+00 4.972432765755451401e+05 1.688031966330471034e+00
7.000000000000000000e+00 7.800000000000000000e+01 7.800000000000000000e+01 4.120319936193322263e+00 1.812159275799550606e+00 4.918828945809816360e+05 1.752312787631152391e+00
7.000000000000000000e+00 7.800000000000000000e+01 8.000000000000000000e+01 4.311458878198374478e+00 1.628674884843340775e+00 4.988326904610696365e+05 1.856555493737340301e+00
7.000000000000000000e+00 7.800000000000000000e+01 8.200000000000000000e+01 4.490851296411356941e+00 1.527922398452943309e+00 4.982800475085775252e+05 1.963103523616378965e+00
7.000000000000000000e+00 7.800000000000000000e+01 8.400000000000000000e+01 4.657666224458859361e+00 1.481838433212210759e+00 4.894911522267871769e+05 2.056406286659454352e+00
7.000000000000000000e+00 8.000000000000000000e+01 2.800000000000000000e+01 6.846055988833830153e-01 1.064380207282569124e+01 3.504595743056900101e+05 1.146142963053304431e+00
7.000000000000000000e+00 8.000000000000000000e+01 3.000000000000000000e+01 7.858992844324550475e-01 1.036517250784415545e+01 3.916459105807927554e+05 1.149708558064278519e+00
7.000000000000000000e+00 8.000000000000000000e+01 3.200000000000000000e+01 8.941787413987045685e-01 1.006731953894451692e+01 4.364433303110755514e+05 1.154162627504611960e+00
7.000000000000000000e+00 8.000000000000000000e+01 3.400000000000000000e+01 1.009443969782131134e+00 9.750254089810043823e+00 4.853802927451750147e+05 1.159406948468839627e+00
7.000000000000000000e+00 8.000000000000000000e+01 3.600000000000000000e+01 1.101521729695229990e+00 9.500650585942867821e+00 4.996931320138108567e+05 1.179096762242780372e+00
7.000000000000000000e+00 8.000000000000000000e+01 3.800000000000000000e+01 1.186249539385930252e+00 9.267848362681096575e+00 4.981670541620139265e+05 1.204173237879643699e+00
7.000000000000000000e+00 8.000000000000000000e+01 4.000000000000000000e+01 1.276607795315259919e+00 9.019576338423132000e+00 4.973849959549099440e+05 1.228070867336804151e+00
7.000000000000000000e+00 8.000000000000000000e+01 4.200000000000000000e+01 1.366390962265970233e+00 8.772902287423583800e+00 4.903186142151600798e+05 1.252789641530133169e+00
7.000000000000000000e+00 8.000000000000000000e+01 4.400000000000000000e+01 1.471764807018734356e+00 8.483439024438139242e+00 4.955040280844700173e+05 1.273050207053371352e+00
7.000000000000000000e+00 8.000000000000000000e+01 4.600000000000000000e+01 1.572671467470789786e+00 8.206368896427417070e+00 4.904067798794487608e+05 1.295133501753840344e+00
7.000000000000000000e+00 8.000000000000000000e+01 4.800000000000000000e+01 1.678061640386107944e+00 7.917212727655486226e+00 4.853883780359614757e+05 1.316063142220093463e+00
7.000000000000000000e+00 8.000000000000000000e+01 5.000000000000000000e+01 1.806345792492256574e+00 7.565582776090495010e+00 4.987654318876927136e+05 1.333153452372640047e+00
7.000000000000000000e+00 8.000000000000000000e+01 5.200000000000000000e+01 1.905650999219166586e+00 7.294247590094712130e+00 4.789465494516819599e+05 1.354376313298135681e+00
7.000000000000000000e+00 8.000000000000000000e+01 5.400000000000000000e+01 2.039031942616082560e+00 6.930400089525750040e+00 4.874601778419372276e+05 1.371411467300578835e+00
7.000000000000000000e+00 8.000000000000000000e+01 5.600000000000000000e+01 2.178313714870057538e+00 6.551950993493029785e+00 4.967164616174166440e+05 1.388711269494582456e+00
7.000000000000000000e+00 8.000000000000000000e+01 5.800000000000000000e+01 2.303894402741204050e+00 6.213266709109155350e+00 4.894000582083041081e+05 1.406184384059378401e+00
7.000000000000000000e+00 8.000000000000000000e+01 6.000000000000000000e+01 2.446842200130812994e+00 5.829873522435235600e+00 4.932921888928486151e+05 1.423404997819134099e+00
7.000000000000000000e+00 8.000000000000000000e+01 6.200000000000000000e+01 2.585113279575812939e+00 5.462992974316458472e+00 4.894121105366036063e+05 1.440014958711438586e+00
7.000000000000000000e+00 8.000000000000000000e+01 6.400000000000000000e+01 2.736161319610048270e+00 5.065807183389355650e+00 4.922254168596145464e+05 1.457331082949658407e+00
7.000000000000000000e+00 8.000000000000000000e+01 6.600000000000000000e+01 2.881867390040750543e+00 4.688746733204580686e+00 4.873857589341053390e+05 1.473568938202998391e+00
7.000000000000000000e+00 8.000000000000000000e+01 6.800000000000000000e+01 3.033758431483629447e+00 4.301359018721625738e+00 4.841395478593944572e+05 1.490263253663805854e+00
7.000000000000000000e+00 8.000000000000000000e+01 7.000000000000000000e+01 3.214839168310940298e+00 3.842584783010076332e+00 4.987581098691791994e+05 1.514596670190623273e+00
7.000000000000000000e+00 8.000000000000000000e+01 7.200000000000000000e+01 3.370226373142247045e+00 3.461967998769253541e+00 4.916183483840213739e+05 1.533337003462957426e+00
7.000000000000000000e+00 8.000000000000000000e+01 7.400000000000000000e+01 3.544049468283601456e+00 3.041351603312859808e+00 4.946748041332442081e+05 1.560351563276971776e+00
7.000000000000000000e+00 8.000000000000000000e+01 7.600000000000000000e+01 3.718588742414473902e+00 2.629512649694483173e+00 4.955882993112663389e+05 1.592337625301894155e+00
7.000000000000000000e+00 8.000000000000000000e+01 7.800000000000000000e+01 3.896774304283093127e+00 2.219530394817267105e+00 4.967660717172712320e+05 1.633271143196558084e+00
7.000000000000000000e+00 8.000000000000000000e+01 8.000000000000000000e+01 4.065316423381219124e+00 1.931193770181534708e+00 4.899172933820040780e+05 1.674644500824537863e+00
7.000000000000000000e+00 8.000000000000000000e+01 8.200000000000000000e+01 4.254999682736699818e+00 1.733474079724768746e+00 4.961295253831181326e+05 1.747574622637094510e+00
7.000000000000000000e+00 8.000000000000000000e+01 8.400000000000000000e+01 4.441124251624479768e+00 1.603149236991860738e+00 5.001427276786401053e+05 1.834953241526488199e+00
7.000000000000000000e+00 8.000000000000000000e+01 8.600000000000000000e+01 4.614474903790689808e+00 1.532881856929957820e+00 4.956945258119713981e+05 1.915393851568678807e+00
