3.2 -24 0.00514036 0 1.05488e-06 0 
3.4 -24 0.00713702 0 2.12965e-06 0 
3.6 -24 0.0095882 0 4.045e-06 0 
3.8 -24 0.0125796 0 7.25251e-06 0 
4 -24 0.01594238 0 1.22921e-05 0 
4.2 -24 0.01976672 0 1.98975e-05 0 
4.4 -24 0.024065 0 3.10611e-05 0 
4.6 -24 0.0288528 0 4.67625e-05 0 
4.8 -24 0.0339212 0 6.81497e-05 0 
5 -24 0.0395164 0 9.66341e-05 0 
5.2 -24 0.0453714 0 0.000133641 0 
5.4 -24 0.0516478 0 0.000180831 0 
5.6 -24 0.0581596 0 0.00023945 0 
5.8 -24 0.065024 0 0.000311262 0 
6 -24 0.0721884 0 0.000397677 0 
6.2 -24 0.079387 0 0.00050041 0 
6.4 -24 0.0867472 0 0.000620851 0 
6.6 -24 0.0943148 0 0.000760326 0 
6.8 -24 0.1021492 0 0.00092028 0 
7 -24 0.1099692 0 0.00110174 0 
7.2 -24 0.1178472 0 0.00130588 0 
7.4 -24 0.1257538 0 0.0015336 0 
7.6 -24 0.1336726 0 0.0017856 0 
7.8 -24 0.1416936 0 0.00206239 0 
8 -24 0.1497866 0 0.00236459 0 
8.2 -24 0.1578118 0 0.00269282 0 
8.4 -24 0.1660828 0 0.00304624 0 
8.6 -24 0.1742228 0 0.00342602 0 
8.8 -24 0.1822206 0 0.00383207 0 
9 -24 0.1902826 0 0.00426372 0 
9.2 -24 0.1981318 0 0.00472171 0 
9.4 -24 0.205702 0 0.00520625 0 
9.6 -24 0.213676 0 0.00571348 0 
9.8 -24 0.221002 0 0.00624884 0 
10 -24 0.22876 0 0.00680501 0 
10.2 -24 0.236116 0 0.00738724 0 
10.4 -24 0.243722 0 0.00798949 0 
10.6 -24 0.251162 0 0.00861444 0 
10.8 -24 0.258466 0 0.00926149 0 
11 -24 0.26569 0 0.00992895 0 
11.2 -24 0.272674 0 0.0106183 0 
11.4 -24 0.279746 0 0.0113244 0 
11.6 -24 0.286638 0 0.01205 0 
11.8 -24 0.293252 0 0.0127968 0 
12 -24 0.300022 0 0.0135562 0 
12.4 -24 0.313318 0 0.0151207 0 
12.8 -24 0.326026 0 0.0167477 0 
13.2 -24 0.338524 0 0.0184223 0 
13.6 -24 0.350664 0 0.0201421 0 
14 -24 0.362442 0 0.0219013 0 
14.4 -24 0.373772 0 0.0236981 0 
14.8 -24 0.384896 0 0.0255191 0 
15.2 -24 0.395712 0 0.0273632 0 
15.6 -24 0.406244 0 0.0292247 0 
16 -24 0.416376 0 0.0311055 0 
16.8 -24 0.435762 0 0.0348984 0 
17.6 -24 0.454106 0 0.0387056 0 
18.4 -24 0.471438 0 0.0425067 0 
19.2 -24 0.487942 0 0.0462727 0 
20 -24 0.503536 0 0.0499986 0 
20.8 -24 0.51809 0 0.0536946 0 
21.6 -24 0.53213 0 0.0573015 0 
22.4 -24 0.545266 0 0.0608617 0 
23.2 -24 0.557526 0 0.0643801 0 
24 -24 0.569402 0 0.0677884 0 
24.8 -24 0.580794 0 0.0711015 0 
25.6 -24 0.591542 0 0.0743495 0 
26.4 -24 0.60173 0 0.0775252 0 
27.2 -24 0.611504 0 0.0806082 0 
28 -24 0.620806 0 0.0836147 0 
28.8 -24 0.629736 0 0.0865315 0 
29.6 -24 0.638298 0 0.0893632 0 
30.4 -24 0.646478 0 0.0921182 0 
31.2 -24 0.65429 0 0.0948031 0 
32 -24 0.661756 0 0.0974194 0 
32.8 -24 0.668876 0 0.0999756 0 
33.6 -24 0.675838 0 0.102422 0 
34.4 -24 0.68238 0 0.104847 0 
35.2 -24 0.688732 0 0.107185 0 
36 -24 0.694942 0 0.109422 0 
36.8 -24 0.70086 0 0.111618 0 
37.6 -24 0.706478 0 0.113785 0 
38.4 -24 0.711942 0 0.115874 0 
39.2 -24 0.717178 0 0.117921 0 
40 -24 0.722276 0 0.119893 0 
3 -22 0.00689026 0 1.81174e-06 0 
3.2 -22 0.00955952 0 3.65615e-06 0 
3.4 -22 0.01282658 0 6.85971e-06 0 
3.6 -22 0.0165914 0 1.21508e-05 0 
3.8 -22 0.0210188 0 2.04273e-05 0 
4 -22 0.0258468 0 3.27288e-05 0 
4.2 -22 0.031352 0 5.05989e-05 0 
4.4 -22 0.0371574 0 7.52589e-05 0 
4.6 -22 0.0436898 0 0.000109001 0 
4.8 -22 0.050503 0 0.000153058 0 
5 -22 0.0577682 0 0.000209594 0 
5.2 -22 0.065352 0 0.000280553 0 
5.4 -22 0.0730074 0 0.000367716 0 
5.6 -22 0.081283 0 0.000473535 0 
5.8 -22 0.0894814 0 0.000599693 0 
6 -22 0.0979784 0 0.000747902 0 
6.2 -22 0.1066048 0 0.000919902 0 
6.4 -22 0.1152814 0 0.00111684 0 
6.6 -22 0.123987 0 0.0013405 0 
6.8 -22 0.1328234 0 0.0015919 0 
7 -22 0.1415912 0 0.00187173 0 
7.2 -22 0.1506592 0 0.00218106 0 
7.4 -22 0.1597906 0 0.00251989 0 
7.6 -22 0.16868 0 0.0028897 0 
7.8 -22 0.1773388 0 0.00329023 0 
8 -22 0.185869 0 0.00372198 0 
8.2 -22 0.1948282 0 0.00418252 0 
8.4 -22 0.20342 0 0.00467417 0 
8.6 -22 0.211868 0 0.00519635 0 
8.8 -22 0.22054 0 0.00574597 0 
9 -22 0.22872 0 0.00632697 0 
9.2 -22 0.237068 0 0.00693459 0 
9.4 -22 0.245094 0 0.00757097 0 
9.6 -22 0.25318 0 0.00823267 0 
9.8 -22 0.26103 0 0.00892159 0 
10 -22 0.268944 0 0.00963334 0 
10.2 -22 0.276564 0 0.0103713 0 
10.4 -22 0.284158 0 0.0111308 0 
10.6 -22 0.291692 0 0.0119116 0 
10.8 -22 0.299212 0 0.0127117 0 
11 -22 0.306518 0 0.0135328 0 
11.2 -22 0.31363 0 0.0143743 0 
11.4 -22 0.320522 0 0.015236 0 
11.6 -22 0.327456 0 0.0161114 0 
11.8 -22 0.33422 0 0.0170041 0 
12 -22 0.341122 0 0.0179055 0 
12.4 -22 0.354488 0 0.0197503 0 
12.8 -22 0.36714 0 0.0216508 0 
13.2 -22 0.379618 0 0.0235839 0 
13.6 -22 0.391524 0 0.025557 0 
14 -22 0.40305 0 0.0275578 0 
14.4 -22 0.414288 0 0.0295772 0 
14.8 -22 0.425064 0 0.0316182 0 
15.2 -22 0.435526 0 0.0336703 0 
15.6 -22 0.445844 0 0.0357179 0 
16 -22 0.455596 0 0.0377848 0 
16.8 -22 0.474332 0 0.041907 0 
17.6 -22 0.49199 0 0.0460007 0 
18.4 -22 0.508544 0 0.0500562 0 
19.2 -22 0.524222 0 0.0540431 0 
20 -22 0.538976 0 0.057962 0 
20.8 -22 0.552928 0 0.0617978 0 
21.6 -22 0.566196 0 0.0655341 0 
22.4 -22 0.578658 0 0.069193 0 
23.2 -22 0.590458 0 0.0727582 0 
24 -22 0.601616 0 0.0762354 0 
24.8 -22 0.612196 0 0.0796191 0 
25.6 -22 0.622368 0 0.0828836 0 
26.4 -22 0.632122 0 0.0860347 0 
27.2 -22 0.641112 0 0.0891639 0 
28 -22 0.64987 0 0.0921553 0 
28.8 -22 0.658162 0 0.0950756 0 
29.6 -22 0.666232 0 0.0978654 0 
30.4 -22 0.673834 0 0.100604 0 
31.2 -22 0.681138 0 0.10325 0 
32 -22 0.688088 0 0.105832 0 
32.8 -22 0.694802 0 0.108319 0 
33.6 -22 0.701164 0 0.110761 0 
34.4 -22 0.707412 0 0.113076 0 
35.2 -22 0.713292 0 0.11537 0 
36 -22 0.718994 0 0.117577 0 
36.8 -22 0.724492 0 0.119714 0 
37.6 -22 0.729802 0 0.121781 0 
38.4 -22 0.73483 0 0.123829 0 
39.2 -22 0.739692 0 0.125812 0 
40 -22 0.744398 0 0.127731 0 
2.6 -20 0.00647698 0 1.54905e-06 0 
2.8 -20 0.00943392 0 3.35744e-06 0 
3 -20 0.0131232 0 6.66943e-06 0 
3.2 -20 0.01748708 0 1.24222e-05 0 
3.4 -20 0.0225816 0 2.16949e-05 0 
3.6 -20 0.0283344 0 3.59943e-05 0 
3.8 -20 0.0347744 0 5.68769e-05 0 
4 -20 0.0418078 0 8.66409e-05 0 
4.2 -20 0.0493598 0 0.000127266 0 
4.4 -20 0.0575428 0 0.000181318 0 
4.6 -20 0.0657698 0 0.000250895 0 
4.8 -20 0.0746874 0 0.000339514 0 
5 -20 0.0837708 0 0.000448631 0 
5.2 -20 0.0930668 0 0.000581067 0 
5.4 -20 0.1025362 0 0.000739436 0 
5.6 -20 0.1122336 0 0.000925665 0 
5.8 -20 0.1219744 0 0.00114222 0 
6 -20 0.1318784 0 0.00138998 0 
6.2 -20 0.1422268 0 0.001671 0 
6.4 -20 0.1520816 0 0.00198602 0 
6.6 -20 0.1619324 0 0.0023361 0 
6.8 -20 0.1715954 0 0.002722 0 
7 -20 0.1813508 0 0.00314421 0 
7.2 -20 0.1909212 0 0.00360325 0 
7.4 -20 0.200374 0 0.00409858 0 
7.6 -20 0.21001 0 0.0046288 0 
7.8 -20 0.21925 0 0.00519604 0 
8 -20 0.228826 0 0.00579648 0 
8.2 -20 0.237944 0 0.00643237 0 
8.4 -20 0.247102 0 0.00710051 0 
8.6 -20 0.25605 0 0.00780125 0 
8.8 -20 0.26476 0 0.00853396 0 
9 -20 0.273288 0 0.00929749 0 
9.2 -20 0.281934 0 0.0100871 0 
9.4 -20 0.290182 0 0.0109075 0 
9.6 -20 0.298394 0 0.0117523 0 
9.8 -20 0.306588 0 0.0126204 0 
10 -20 0.314386 0 0.0135164 0 
10.2 -20 0.32218 0 0.0144324 0 
10.4 -20 0.329878 0 0.0153686 0 
10.6 -20 0.337458 0 0.0163238 0 
10.8 -20 0.344788 0 0.0173001 0 
11 -20 0.352082 0 0.0182913 0 
11.2 -20 0.35923 0 0.0192987 0 
11.4 -20 0.366068 0 0.0203256 0 
11.6 -20 0.372944 0 0.0213618 0 
11.8 -20 0.379616 0 0.0224131 0 
12 -20 0.386218 0 0.023474 0 
12.4 -20 0.39918 0 0.0256212 0 
12.8 -20 0.411668 0 0.0278017 0 
13.2 -20 0.423808 0 0.0300024 0 
13.6 -20 0.435418 0 0.0322262 0 
14 -20 0.446538 0 0.034468 0 
14.4 -20 0.457336 0 0.0367129 0 
14.8 -20 0.46783 0 0.0389556 0 
15.2 -20 0.477806 0 0.0412075 0 
15.6 -20 0.487526 0 0.0434474 0 
16 -20 0.496934 0 0.045677 0 
16.8 -20 0.514868 0 0.0500916 0 
17.6 -20 0.531522 0 0.0544507 0 
18.4 -20 0.547322 0 0.0587029 0 
19.2 -20 0.5622 0 0.0628519 0 
20 -20 0.576082 0 0.066912 0 
20.8 -20 0.589172 0 0.0708599 0 
21.6 -20 0.601532 0 0.0746932 0 
22.4 -20 0.613156 0 0.0784223 0 
23.2 -20 0.624254 0 0.0820162 0 
24 -20 0.634772 0 0.0854932 0 
24.8 -20 0.644602 0 0.0888936 0 
25.6 -20 0.653934 0 0.0921865 0 
26.4 -20 0.662898 0 0.0953467 0 
27.2 -20 0.671572 0 0.0983603 0 
28 -20 0.679592 0 0.101348 0 
28.8 -20 0.687308 0 0.104215 0 
29.6 -20 0.694654 0 0.106996 0 
30.4 -20 0.701746 0 0.109659 0 
31.2 -20 0.70845 0 0.112265 0 
32 -20 0.714934 0 0.114761 0 
32.8 -20 0.72112 0 0.117185 0 
33.6 -20 0.727058 0 0.119529 0 
34.4 -20 0.732714 0 0.121817 0 
35.2 -20 0.738178 0 0.124018 0 
36 -20 0.74339 0 0.12617 0 
36.8 -20 0.748436 0 0.128239 0 
37.6 -20 0.753382 0 0.130197 0 
38.4 -20 0.758002 0 0.132172 0 
39.2 -20 0.762498 0 0.134062 0 
40 -20 0.766834 0 0.135898 0 
2.2 -18 0.0062221 0 1.40374e-06 0 
2.4 -18 0.00946268 0 3.29058e-06 0 
2.6 -18 0.01383432 0 7.04549e-06 0 
2.8 -18 0.01890076 0 1.36395e-05 0 
3 -18 0.0250978 0 2.47431e-05 0 
3.2 -18 0.0320406 0 4.19344e-05 0 
3.4 -18 0.0398134 0 6.79961e-05 0 
3.6 -18 0.0481462 0 0.000104925 0 
3.8 -18 0.0573532 0 0.000156392 0 
4 -18 0.0669908 0 0.000225198 0 
4.2 -18 0.0769982 0 0.000314731 0 
4.4 -18 0.087492 0 0.000428293 0 
4.6 -18 0.0981792 0 0.000568902 0 
4.8 -18 0.1090874 0 0.000740744 0 
5 -18 0.1202758 0 0.000945316 0 
5.2 -18 0.1315814 0 0.00118571 0 
5.4 -18 0.1426942 0 0.00146436 0 
5.6 -18 0.1536024 0 0.00178224 0 
5.8 -18 0.1645818 0 0.00214226 0 
6 -18 0.1755444 0 0.00254508 0 
6.2 -18 0.1865896 0 0.00299103 0 
6.4 -18 0.1978962 0 0.00347983 0 
6.6 -18 0.208518 0 0.0040134 0 
6.8 -18 0.219118 0 0.00458978 0 
7 -18 0.229334 0 0.00521036 0 
7.2 -18 0.239704 0 0.00587151 0 
7.4 -18 0.249646 0 0.00657564 0 
7.6 -18 0.259474 0 0.00731936 0 
7.8 -18 0.269454 0 0.00809937 0 
8 -18 0.279122 0 0.00891701 0 
8.2 -18 0.288536 0 0.00977048 0 
8.4 -18 0.29791 0 0.0106564 0 
8.6 -18 0.306956 0 0.0115762 0 
8.8 -18 0.31573 0 0.0125278 0 
9 -18 0.324562 0 0.0135047 0 
9.2 -18 0.33303 0 0.0145112 0 
9.4 -18 0.341368 0 0.0155422 0 
9.6 -18 0.349536 0 0.0165968 0 
9.8 -18 0.35745 0 0.0176755 0 
10 -18 0.365298 0 0.0187719 0 
10.2 -18 0.37293 0 0.0198885 0 
10.4 -18 0.3806 0 0.0210162 0 
10.6 -18 0.388008 0 0.0221618 0 
10.8 -18 0.395112 0 0.0233272 0 
11 -18 0.40221 0 0.0245001 0 
11.2 -18 0.409106 0 0.0256867 0 
11.4 -18 0.415862 0 0.0268832 0 
11.6 -18 0.422502 0 0.0280873 0 
11.8 -18 0.42888 0 0.0293055 0 
12 -18 0.435336 0 0.0305199 0 
12.4 -18 0.447794 0 0.0329673 0 
12.8 -18 0.45977 0 0.0354272 0 
13.2 -18 0.471168 0 0.037901 0 
13.6 -18 0.482146 0 0.0403749 0 
14 -18 0.492728 0 0.0428426 0 
14.4 -18 0.50317 0 0.0452783 0 
14.8 -18 0.512836 0 0.047735 0 
15.2 -18 0.522462 0 0.0501435 0 
15.6 -18 0.531626 0 0.0525434 0 
16 -18 0.54045 0 0.054921 0 
16.8 -18 0.557204 0 0.0595951 0 
17.6 -18 0.57288 0 0.0641469 0 
18.4 -18 0.587744 0 0.0685377 0 
19.2 -18 0.601406 0 0.0728383 0 
20 -18 0.614338 0 0.0769828 0 
20.8 -18 0.62662 0 0.0809626 0 
21.6 -18 0.638022 0 0.0848392 0 
22.4 -18 0.648764 0 0.0885851 0 
23.2 -18 0.658894 0 0.0922037 0 
24 -18 0.668634 0 0.0956485 0 
24.8 -18 0.677762 0 0.0989967 0 
25.6 -18 0.686426 0 0.10222 0 
26.4 -18 0.694584 0 0.105351 0 
27.2 -18 0.702378 0 0.108358 0 
28 -18 0.709922 0 0.111208 0 
28.8 -18 0.716908 0 0.114035 0 
29.6 -18 0.723674 0 0.116721 0 
30.4 -18 0.73011 0 0.119323 0 
31.2 -18 0.736298 0 0.121816 0 
32 -18 0.742144 0 0.124259 0 
32.8 -18 0.747828 0 0.126575 0 
33.6 -18 0.753236 0 0.128832 0 
34.4 -18 0.75839 0 0.13103 0 
35.2 -18 0.763406 0 0.133117 0 
36 -18 0.768132 0 0.135189 0 
36.8 -18 0.772736 0 0.137159 0 
37.6 -18 0.777168 0 0.139062 0 
38.4 -18 0.781454 0 0.140892 0 
39.2 -18 0.785524 0 0.142703 0 
40 -18 0.789452 0 0.144455 0 
1.8 -16 0.00594664 0 1.39143e-06 0 
2 -16 0.00990986 0 3.68073e-06 0 
2.2 -16 0.0149231 0 8.17193e-06 0 
2.4 -16 0.0214066 0 1.67218e-05 0 
2.6 -16 0.0288548 0 3.09537e-05 0 
2.8 -16 0.0375762 0 5.41006e-05 0 
3 -16 0.0471924 0 8.83068e-05 0 
3.2 -16 0.0577352 0 0.000138139 0 
3.4 -16 0.0688072 0 0.000206589 0 
3.6 -16 0.0806192 0 0.000298874 0 
3.8 -16 0.0930024 0 0.000419515 0 
4 -16 0.1052786 0 0.000571073 0 
4.2 -16 0.1181468 0 0.000759814 0 
4.4 -16 0.130885 0 0.000987627 0 
4.6 -16 0.1439806 0 0.00126028 0 
4.8 -16 0.1563346 0 0.00157872 0 
5 -16 0.1692522 0 0.00194762 0 
5.2 -16 0.181674 0 0.00236654 0 
5.4 -16 0.1942666 0 0.00283791 0 
5.6 -16 0.206782 0 0.00336226 0 
5.8 -16 0.219126 0 0.00393956 0 
6 -16 0.231012 0 0.00457062 0 
6.2 -16 0.242658 0 0.00525448 0 
6.4 -16 0.253908 0 0.00599105 0 
6.6 -16 0.26498 0 0.00677783 0 
6.8 -16 0.276232 0 0.00760962 0 
7 -16 0.287184 0 0.00848932 0 
7.2 -16 0.29742 0 0.00941751 0 
7.4 -16 0.30747 0 0.010388 0 
7.6 -16 0.317724 0 0.0113936 0 
7.8 -16 0.327558 0 0.0124395 0 
8 -16 0.33706 0 0.0135225 0 
8.2 -16 0.346324 0 0.0146396 0 
8.4 -16 0.35539 0 0.0157872 0 
8.6 -16 0.364148 0 0.0169655 0 
8.8 -16 0.372964 0 0.0181632 0 
9 -16 0.381462 0 0.0193888 0 
9.2 -16 0.389838 0 0.020633 0 
9.4 -16 0.39792 0 0.0218999 0 
9.6 -16 0.40593 0 0.0231808 0 
9.8 -16 0.413628 0 0.0244813 0 
10 -16 0.421218 0 0.0257936 0 
10.2 -16 0.428386 0 0.0271289 0 
10.4 -16 0.435728 0 0.0284596 0 
10.6 -16 0.44274 0 0.0298068 0 
10.8 -16 0.449656 0 0.031158 0 
11 -16 0.456306 0 0.0325218 0 
11.2 -16 0.462906 0 0.0338848 0 
11.4 -16 0.469304 0 0.0352541 0 
11.6 -16 0.475844 0 0.0366072 0 
11.8 -16 0.482054 0 0.0379734 0 
12 -16 0.487942 0 0.0393534 0 
12.4 -16 0.499812 0 0.0420739 0 
12.8 -16 0.510776 0 0.044819 0 
13.2 -16 0.521458 0 0.0475335 0 
13.6 -16 0.531784 0 0.0502199 0 
14 -16 0.541796 0 0.0528692 0 
14.4 -16 0.551422 0 0.0554874 0 
14.8 -16 0.560612 0 0.05808 0 
15.2 -16 0.569502 0 0.0606309 0 
15.6 -16 0.57782 0 0.06318 0 
16 -16 0.586062 0 0.0656562 0 
16.8 -16 0.601494 0 0.0705154 0 
17.6 -16 0.615996 0 0.0751848 0 
18.4 -16 0.629368 0 0.0797183 0 
19.2 -16 0.642076 0 0.0840379 0 
20 -16 0.653956 0 0.0881937 0 
20.8 -16 0.665064 0 0.0921962 0 
21.6 -16 0.675486 0 0.0960475 0 
22.4 -16 0.685262 0 0.0997569 0 
23.2 -16 0.694534 0 0.103303 0 
24 -16 0.70328 0 0.106712 0 
24.8 -16 0.71167 0 0.109942 0 
25.6 -16 0.719516 0 0.113081 0 
26.4 -16 0.726872 0 0.116132 0 
27.2 -16 0.733888 0 0.119056 0 
28 -16 0.740662 0 0.121819 0 
28.8 -16 0.747134 0 0.124464 0 
29.6 -16 0.753128 0 0.127095 0 
30.4 -16 0.75893 0 0.129588 0 
31.2 -16 0.764518 0 0.131962 0 
32 -16 0.76982 0 0.13427 0 
32.8 -16 0.774908 0 0.136488 0 
33.6 -16 0.779732 0 0.138656 0 
34.4 -16 0.784454 0 0.140686 0 
35.2 -16 0.788864 0 0.142724 0 
36 -16 0.793192 0 0.144629 0 
36.8 -16 0.797296 0 0.146508 0 
37.6 -16 0.801292 0 0.148288 0 
38.4 -16 0.805104 0 0.150033 0 
39.2 -16 0.808788 0 0.151712 0 
40 -16 0.81228 0 0.153382 0 
1.4 -14 0.00601156 0 1.56673e-06 0 
1.6 -14 0.01096794 0 4.89536e-06 0 
1.8 -14 0.017466 0 1.17041e-05 0 
2 -14 0.0256784 0 2.46862e-05 0 
2.2 -14 0.0356332 0 4.67298e-05 0 
2.4 -14 0.0467096 0 8.09644e-05 0 
2.6 -14 0.0593688 0 0.000132274 0 
2.8 -14 0.0728434 0 0.000205421 0 
3 -14 0.0869574 0 0.000305108 0 
3.2 -14 0.101753 0 0.000436983 0 
3.4 -14 0.116286 0 0.000605191 0 
3.6 -14 0.1312952 0 0.000818678 0 
3.8 -14 0.1464976 0 0.00108168 0 
4 -14 0.161134 0 0.00139648 0 
4.2 -14 0.1762554 0 0.00177168 0 
4.4 -14 0.1910846 0 0.0022071 0 
4.6 -14 0.205106 0 0.00270667 0 
4.8 -14 0.219678 0 0.00327171 0 
5 -14 0.233234 0 0.00390323 0 
5.2 -14 0.247202 0 0.00460043 0 
5.4 -14 0.260464 0 0.00536083 0 
5.6 -14 0.273166 0 0.00618861 0 
5.8 -14 0.285624 0 0.00707897 0 
6 -14 0.297944 0 0.00802691 0 
6.2 -14 0.309624 0 0.00903566 0 
6.4 -14 0.321116 0 0.0100976 0 
6.6 -14 0.332518 0 0.0112092 0 
6.8 -14 0.343106 0 0.0123756 0 
7 -14 0.353522 0 0.0135867 0 
7.2 -14 0.36387 0 0.0148352 0 
7.4 -14 0.374 0 0.0161217 0 
7.6 -14 0.383562 0 0.017449 0 
7.8 -14 0.39313 0 0.0188017 0 
8 -14 0.402056 0 0.0201943 0 
8.2 -14 0.411122 0 0.0216031 0 
8.4 -14 0.419874 0 0.023036 0 
8.6 -14 0.428392 0 0.0244889 0 
8.8 -14 0.436652 0 0.0259608 0 
9 -14 0.444566 0 0.0274544 0 
9.2 -14 0.452462 0 0.0289522 0 
9.4 -14 0.460126 0 0.0304618 0 
9.6 -14 0.467644 0 0.031977 0 
9.8 -14 0.474798 0 0.0335088 0 
10 -14 0.482058 0 0.0350269 0 
10.2 -14 0.48885 0 0.0365675 0 
10.4 -14 0.49556 0 0.0381039 0 
10.6 -14 0.502194 0 0.0396333 0 
10.8 -14 0.50867 0 0.0411614 0 
11 -14 0.514748 0 0.0427073 0 
11.2 -14 0.520866 0 0.0442341 0 
11.4 -14 0.526804 0 0.0457597 0 
11.6 -14 0.532608 0 0.0472794 0 
11.8 -14 0.53834 0 0.0487858 0 
12 -14 0.543906 0 0.0502888 0 
12.4 -14 0.554886 0 0.0532445 0 
12.8 -14 0.565114 0 0.0561937 0 
13.2 -14 0.574766 0 0.0591211 0 
13.6 -14 0.584202 0 0.0619782 0 
14 -14 0.59335 0 0.0647714 0 
14.4 -14 0.602162 0 0.067508 0 
14.8 -14 0.61025 0 0.0702578 0 
15.2 -14 0.618222 0 0.0729204 0 
15.6 -14 0.626054 0 0.0754977 0 
16 -14 0.633516 0 0.0780358 0 
16.8 -14 0.64748 0 0.0829831 0 
17.6 -14 0.660542 0 0.0876987 0 
18.4 -14 0.67267 0 0.0922177 0 
19.2 -14 0.683874 0 0.0965736 0 
20 -14 0.694598 0 0.10066 0 
20.8 -14 0.704538 0 0.104597 0 
21.6 -14 0.713888 0 0.108353 0 
22.4 -14 0.722674 0 0.111946 0 
23.2 -14 0.73093 0 0.115389 0 
24 -14 0.738762 0 0.118663 0 
24.8 -14 0.746082 0 0.121833 0 
25.6 -14 0.75315 0 0.1248 0 
26.4 -14 0.75975 0 0.12769 0 
27.2 -14 0.765954 0 0.130493 0 
28 -14 0.771942 0 0.133129 0 
28.8 -14 0.77767 0 0.135638 0 
29.6 -14 0.783096 0 0.138062 0 
30.4 -14 0.788176 0 0.140452 0 
31.2 -14 0.793114 0 0.14269 0 
32 -14 0.79781 0 0.144858 0 
32.8 -14 0.802284 0 0.146956 0 
33.6 -14 0.806588 0 0.14896 0 
34.4 -14 0.810724 0 0.150881 0 
35.2 -14 0.814658 0 0.152757 0 
36 -14 0.818446 0 0.154558 0 
36.8 -14 0.822096 0 0.156285 0 
37.6 -14 0.825588 0 0.157968 0 
38.4 -14 0.828942 0 0.159598 0 
39.2 -14 0.832254 0 0.161094 0 
40 -14 0.835328 0 0.162652 0 
1 -12 0.00762338 0 3.00769e-06 0 
1.2 -12 0.01427142 0 9.76907e-06 0 
1.4 -12 0.0236346 0 2.38664e-05 0 
1.6 -12 0.0355392 0 4.97937e-05 0 
1.8 -12 0.0490742 0 9.14781e-05 0 
2 -12 0.06422 0 0.000153184 0 
2.2 -12 0.080881 0 0.000242133 0 
2.4 -12 0.0985572 0 0.000361544 0 
2.6 -12 0.116067 0 0.000516488 0 
2.8 -12 0.134715 0 0.000720051 0 
3 -12 0.1524238 0 0.000972886 0 
3.2 -12 0.1710194 0 0.00129029 0 
3.4 -12 0.1890494 0 0.00167168 0 
3.6 -12 0.206204 0 0.00212452 0 
3.8 -12 0.223034 0 0.00265418 0 
4 -12 0.239668 0 0.00326486 0 
4.2 -12 0.255524 0 0.00395754 0 
4.4 -12 0.271032 0 0.00473504 0 
4.6 -12 0.285802 0 0.0055956 0 
4.8 -12 0.299576 0 0.00653925 0 
5 -12 0.31362 0 0.00756175 0 
5.2 -12 0.327154 0 0.00865958 0 
5.4 -12 0.340274 0 0.00982808 0 
5.6 -12 0.353228 0 0.0110624 0 
5.8 -12 0.365008 0 0.0123699 0 
6 -12 0.377136 0 0.0137268 0 
6.2 -12 0.387986 0 0.0151519 0 
6.4 -12 0.399026 0 0.0166157 0 
6.6 -12 0.409566 0 0.0181275 0 
6.8 -12 0.419884 0 0.0196771 0 
7 -12 0.429474 0 0.021275 0 
7.2 -12 0.439352 0 0.0228846 0 
7.4 -12 0.448452 0 0.0245389 0 
7.6 -12 0.45733 0 0.0262156 0 
7.8 -12 0.466272 0 0.0278963 0 
8 -12 0.47446 0 0.0296186 0 
8.2 -12 0.482746 0 0.0313363 0 
8.4 -12 0.490872 0 0.0330595 0 
8.6 -12 0.498642 0 0.0347964 0 
8.8 -12 0.506168 0 0.0365391 0 
9 -12 0.51314 0 0.0383119 0 
9.2 -12 0.520318 0 0.0400547 0 
9.4 -12 0.527352 0 0.0417913 0 
9.6 -12 0.534228 0 0.0435215 0 
9.8 -12 0.540874 0 0.0452497 0 
10 -12 0.547306 0 0.0469737 0 
10.2 -12 0.553516 0 0.0486959 0 
10.4 -12 0.55942 0 0.0504245 0 
10.6 -12 0.565574 0 0.0520975 0 
10.8 -12 0.571184 0 0.053805 0 
11 -12 0.576882 0 0.0554718 0 
11.2 -12 0.582232 0 0.0571534 0 
11.4 -12 0.587748 0 0.058781 0 
11.6 -12 0.592898 0 0.0604266 0 
11.8 -12 0.598034 0 0.0620418 0 
12 -12 0.603112 0 0.0636309 0 
12.4 -12 0.61276 0 0.0667855 0 
12.8 -12 0.621808 0 0.0699038 0 
13.2 -12 0.63048 0 0.0729529 0 
13.6 -12 0.638904 0 0.0759087 0 
14 -12 0.647016 0 0.0787845 0 
14.4 -12 0.654754 0 0.0815981 0 
14.8 -12 0.66213 0 0.0843548 0 
15.2 -12 0.669134 0 0.0870627 0 
15.6 -12 0.676042 0 0.0896549 0 
16 -12 0.682484 0 0.0922373 0 
16.8 -12 0.694938 0 0.0971201 0 
17.6 -12 0.70646 0 0.101763 0 
18.4 -12 0.717074 0 0.106205 0 
19.2 -12 0.72696 0 0.110429 0 
20 -12 0.736172 0 0.114453 0 
20.8 -12 0.744974 0 0.118198 0 
21.6 -12 0.753206 0 0.121764 0 
22.4 -12 0.760762 0 0.125246 0 
23.2 -12 0.768028 0 0.128481 0 
24 -12 0.7748 0 0.131607 0 
24.8 -12 0.781256 0 0.134551 0 
25.6 -12 0.787328 0 0.137379 0 
26.4 -12 0.793158 0 0.140026 0 
27.2 -12 0.798544 0 0.142651 0 
28 -12 0.803706 0 0.145132 0 
28.8 -12 0.808604 0 0.147514 0 
29.6 -12 0.813362 0 0.14972 0 
30.4 -12 0.817788 0 0.15192 0 
31.2 -12 0.822032 0 0.154015 0 
32 -12 0.826096 0 0.156017 0 
32.8 -12 0.830002 0 0.157919 0 
33.6 -12 0.83371 0 0.159776 0 
34.4 -12 0.837262 0 0.161561 0 
35.2 -12 0.840726 0 0.16322 0 
36 -12 0.843936 0 0.164934 0 
36.8 -12 0.847112 0 0.166488 0 
37.6 -12 0.850118 0 0.168036 0 
38.4 -12 0.853026 0 0.169512 0 
39.2 -12 0.855858 0 0.170895 0 
40 -12 0.858532 0 0.172295 0 
0.7 -11 0.00670598 0 2.95191e-06 0 
0.8 -11 0.01006176 0 5.83978e-06 0 
0.9 -11 0.014307 0 1.12278e-05 0 
1 -11 0.01886404 0 1.85921e-05 0 
1.2 -11 0.0303504 0 4.2878e-05 0 
1.4 -11 0.0446574 0 8.49553e-05 0 
1.6 -11 0.0611208 0 0.000148904 0 
1.8 -11 0.0792064 0 0.000238346 0 
2 -11 0.0982312 0 0.000360322 0 
2.2 -11 0.1181144 0 0.000518763 0 
2.4 -11 0.138527 0 0.000725321 0 
2.6 -11 0.1588216 0 0.000980577 0 
2.8 -11 0.1782126 0 0.00129467 0 
3 -11 0.1982314 0 0.00168438 0 
3.2 -11 0.217068 0 0.00214911 0 
3.4 -11 0.235856 0 0.00269728 0 
3.6 -11 0.253224 0 0.00333197 0 
3.8 -11 0.27061 0 0.00406284 0 
4 -11 0.286984 0 0.00488653 0 
4.2 -11 0.302758 0 0.00580298 0 
4.4 -11 0.318012 0 0.00681466 0 
4.6 -11 0.332788 0 0.00791495 0 
4.8 -11 0.346974 0 0.00909955 0 
5 -11 0.360224 0 0.0103716 0 
5.2 -11 0.373378 0 0.0117164 0 
5.4 -11 0.38575 0 0.0131367 0 
5.6 -11 0.39753 0 0.0146243 0 
5.8 -11 0.409182 0 0.0161686 0 
6 -11 0.420638 0 0.017763 0 
6.2 -11 0.4315 0 0.0194064 0 
6.4 -11 0.441784 0 0.0210994 0 
6.6 -11 0.45189 0 0.022825 0 
6.8 -11 0.461676 0 0.024583 0 
7 -11 0.471046 0 0.0263715 0 
7.2 -11 0.480096 0 0.0281832 0 
7.4 -11 0.488598 0 0.030028 0 
7.6 -11 0.49704 0 0.0318778 0 
7.8 -11 0.505446 0 0.0337249 0 
8 -11 0.51347 0 0.0355873 0 
8.2 -11 0.52107 0 0.037467 0 
8.4 -11 0.528604 0 0.0393371 0 
8.6 -11 0.536168 0 0.0411863 0 
8.8 -11 0.543166 0 0.0430615 0 
9 -11 0.549884 0 0.0449396 0 
9.2 -11 0.55647 0 0.0468055 0 
9.4 -11 0.562914 0 0.0486596 0 
9.6 -11 0.569064 0 0.0505175 0 
9.8 -11 0.57537 0 0.0523267 0 
10 -11 0.581222 0 0.0541572 0 
10.2 -11 0.587192 0 0.0559386 0 
10.4 -11 0.592848 0 0.057725 0 
10.6 -11 0.598504 0 0.0594749 0 
10.8 -11 0.60383 0 0.0612352 0 
11 -11 0.609144 0 0.0629596 0 
11.2 -11 0.614314 0 0.0646672 0 
11.4 -11 0.619288 0 0.0663675 0 
11.6 -11 0.62414 0 0.0680495 0 
11.8 -11 0.628936 0 0.0697014 0 
12 -11 0.633572 0 0.0713432 0 
12.4 -11 0.642598 0 0.0745508 0 
12.8 -11 0.651086 0 0.0777062 0 
13.2 -11 0.659176 0 0.0807872 0 
13.6 -11 0.667122 0 0.0837382 0 
14 -11 0.67457 0 0.0866497 0 
14.4 -11 0.681854 0 0.0894424 0 
14.8 -11 0.68874 0 0.0921847 0 
15.2 -11 0.695222 0 0.0948908 0 
15.6 -11 0.701546 0 0.0974918 0 
16 -11 0.707736 0 0.099984 0 
16.8 -11 0.719168 0 0.104846 0 
17.6 -11 0.729792 0 0.109435 0 
18.4 -11 0.739714 0 0.113757 0 
19.2 -11 0.748856 0 0.117891 0 
20 -11 0.757458 0 0.121778 0 
20.8 -11 0.765512 0 0.125456 0 
21.6 -11 0.773046 0 0.128954 0 
22.4 -11 0.780108 0 0.132285 0 
23.2 -11 0.78682 0 0.135406 0 
24 -11 0.79306 0 0.138429 0 
24.8 -11 0.798976 0 0.141291 0 
25.6 -11 0.804596 0 0.143998 0 
26.4 -11 0.809942 0 0.146558 0 
27.2 -11 0.814954 0 0.149044 0 
28 -11 0.81971 0 0.151423 0 
28.8 -11 0.824234 0 0.153693 0 
29.6 -11 0.82859 0 0.155821 0 
30.4 -11 0.832716 0 0.157878 0 
31.2 -11 0.836602 0 0.159899 0 
32 -11 0.840372 0 0.161777 0 
32.8 -11 0.843948 0 0.163607 0 
33.6 -11 0.847346 0 0.165391 0 
34.4 -11 0.850638 0 0.167063 0 
35.2 -11 0.853776 0 0.16869 0 
36 -11 0.85679 0 0.170253 0 
36.8 -11 0.85969 0 0.17175 0 
37.6 -11 0.862446 0 0.17323 0 
38.4 -11 0.865136 0 0.174605 0 
39.2 -11 0.867718 0 0.175943 0 
40 -11 0.870192 0 0.177248 0 
0.3 -10 0.00599372 0 2.70186e-06 0 
0.35 -10 0.00746516 0 4.03923e-06 0 
0.4 -10 0.00939002 0 6.24925e-06 0 
0.5 -10 0.0133365 0 1.17806e-05 0 
0.6 -10 0.01789788 0 2.05007e-05 0 
0.7 -10 0.0228624 0 3.19407e-05 0 
0.8 -10 0.0294184 0 4.88213e-05 0 
0.9 -10 0.0363934 0 7.06134e-05 0 
1 -10 0.043914 0 9.79368e-05 0 
1.2 -10 0.0610928 0 0.000171107 0 
1.4 -10 0.0805766 0 0.000273882 0 
1.6 -10 0.101601 0 0.00041151 0 
1.8 -10 0.1234944 0 0.00058085 0 
2 -10 0.1453096 0 0.000793591 0 
2.2 -10 0.1679902 0 0.00105946 0 
2.4 -10 0.1902346 0 0.00139407 0 
2.6 -10 0.211866 0 0.00179043 0 
2.8 -10 0.232642 0 0.00226675 0 
3 -10 0.252386 0 0.00283399 0 
3.2 -10 0.27153 0 0.00349893 0 
3.4 -10 0.289632 0 0.00426375 0 
3.6 -10 0.307574 0 0.00513815 0 
3.8 -10 0.32425 0 0.00611723 0 
4 -10 0.34051 0 0.00720109 0 
4.2 -10 0.355706 0 0.00839028 0 
4.4 -10 0.37053 0 0.00967735 0 
4.6 -10 0.38417 0 0.0110596 0 
4.8 -10 0.397422 0 0.0125315 0 
5 -10 0.410402 0 0.0140767 0 
5.2 -10 0.422464 0 0.0157059 0 
5.4 -10 0.43417 0 0.017397 0 
5.6 -10 0.445544 0 0.0191462 0 
5.8 -10 0.456232 0 0.0209546 0 
6 -10 0.466872 0 0.0227981 0 
6.2 -10 0.476808 0 0.0246925 0 
6.4 -10 0.48689 0 0.0265983 0 
6.6 -10 0.496292 0 0.0285453 0 
6.8 -10 0.505276 0 0.0305201 0 
7 -10 0.514042 0 0.0325067 0 
7.2 -10 0.522526 0 0.0345057 0 
7.4 -10 0.530536 0 0.0365289 0 
7.6 -10 0.53813 0 0.0385685 0 
7.8 -10 0.54605 0 0.0405648 0 
8 -10 0.553378 0 0.0425877 0 
8.2 -10 0.56072 0 0.044584 0 
8.4 -10 0.567734 0 0.0465828 0 
8.6 -10 0.57459 0 0.048567 0 
8.8 -10 0.580888 0 0.0505796 0 
9 -10 0.587244 0 0.0525527 0 
9.2 -10 0.593524 0 0.0544962 0 
9.4 -10 0.599686 0 0.0564161 0 
9.6 -10 0.605374 0 0.0583597 0 
9.8 -10 0.610968 0 0.0602761 0 
10 -10 0.6165 0 0.0621609 0 
10.2 -10 0.622044 0 0.0639984 0 
10.4 -10 0.627048 0 0.0658823 0 
10.6 -10 0.632154 0 0.0677046 0 
10.8 -10 0.637164 0 0.0694994 0 
11 -10 0.642158 0 0.0712494 0 
11.2 -10 0.646842 0 0.0730128 0 
11.4 -10 0.651564 0 0.0747215 0 
11.6 -10 0.656202 0 0.0763984 0 
11.8 -10 0.660528 0 0.078096 0 
12 -10 0.664766 0 0.0797673 0 
12.4 -10 0.673116 0 0.0829997 0 
12.8 -10 0.680952 0 0.0861737 0 
13.2 -10 0.688628 0 0.0892029 0 
13.6 -10 0.69578 0 0.0921957 0 
14 -10 0.70273 0 0.0950687 0 
14.4 -10 0.709242 0 0.0979018 0 
14.8 -10 0.715736 0 0.100564 0 
15.2 -10 0.721692 0 0.103244 0 
15.6 -10 0.72752 0 0.105803 0 
16 -10 0.733108 0 0.108291 0 
16.8 -10 0.743596 0 0.113069 0 
17.6 -10 0.753472 0 0.1175 0 
18.4 -10 0.762512 0 0.121738 0 
19.2 -10 0.771032 0 0.125683 0 
20 -10 0.778828 0 0.129494 0 
20.8 -10 0.786182 0 0.133062 0 
21.6 -10 0.793094 0 0.136427 0 
22.4 -10 0.79959 0 0.139609 0 
23.2 -10 0.805714 0 0.142616 0 
24 -10 0.811468 0 0.14548 0 
24.8 -10 0.816894 0 0.148205 0 
25.6 -10 0.822024 0 0.150795 0 
26.4 -10 0.826896 0 0.153246 0 
27.2 -10 0.831472 0 0.155619 0 
28 -10 0.83583 0 0.157871 0 
28.8 -10 0.83994 0 0.160051 0 
29.6 -10 0.843934 0 0.162051 0 
30.4 -10 0.847716 0 0.163987 0 
31.2 -10 0.851244 0 0.165924 0 
32 -10 0.854688 0 0.167698 0 
32.8 -10 0.857948 0 0.169431 0 
33.6 -10 0.86106 0 0.171106 0 
34.4 -10 0.864046 0 0.172706 0 
35.2 -10 0.866908 0 0.174244 0 
36 -10 0.86967 0 0.175699 0 
36.8 -10 0.872306 0 0.177122 0 
37.6 -10 0.87483 0 0.178505 0 
38.4 -10 0.877264 0 0.179825 0 
39.2 -10 0.879624 0 0.181074 0 
40 -10 0.881892 0 0.182281 0 
0.3 -9 0.0380688 0 0.000102628 0 
0.35 -9 0.0397208 0 0.000110066 0 
0.4 -9 0.0423982 0 0.000123706 0 
0.5 -9 0.0473266 0 0.000148234 0 
0.6 -9 0.0541502 0 0.000183886 0 
0.7 -9 0.0617122 0 0.000223574 0 
0.8 -9 0.0698244 0 0.000271434 0 
0.9 -9 0.0788768 0 0.000326383 0 
1 -9 0.0892652 0 0.000391324 0 
1.2 -9 0.1115698 0 0.000555617 0 
1.4 -9 0.1347224 0 0.000756683 0 
1.6 -9 0.1588224 0 0.000996027 0 
1.8 -9 0.1834582 0 0.00128624 0 
2 -9 0.207888 0 0.00163947 0 
2.2 -9 0.231796 0 0.00205885 0 
2.4 -9 0.25408 0 0.00255161 0 
2.6 -9 0.275488 0 0.00313728 0 
2.8 -9 0.296396 0 0.00383032 0 
3 -9 0.315444 0 0.00463342 0 
3.2 -9 0.334102 0 0.00555617 0 
3.4 -9 0.351522 0 0.00660086 0 
3.6 -9 0.368236 0 0.00776535 0 
3.8 -9 0.384284 0 0.00904817 0 
4 -9 0.398822 0 0.0104462 0 
4.2 -9 0.413232 0 0.0119504 0 
4.4 -9 0.427016 0 0.0135585 0 
4.6 -9 0.439812 0 0.0152579 0 
4.8 -9 0.451786 0 0.0170443 0 
5 -9 0.46366 0 0.0188988 0 
5.2 -9 0.475136 0 0.0208172 0 
5.4 -9 0.48596 0 0.0227955 0 
5.6 -9 0.496094 0 0.0248345 0 
5.8 -9 0.505912 0 0.026912 0 
6 -9 0.515458 0 0.0290198 0 
6.2 -9 0.524582 0 0.0311619 0 
6.4 -9 0.53344 0 0.0333196 0 
6.6 -9 0.542278 0 0.0354701 0 
6.8 -9 0.550492 0 0.0376517 0 
7 -9 0.55848 0 0.0398373 0 
7.2 -9 0.566268 0 0.0420173 0 
7.4 -9 0.573924 0 0.0441792 0 
7.6 -9 0.581114 0 0.0463572 0 
7.8 -9 0.588 0 0.0485333 0 
8 -9 0.59502 0 0.0506565 0 
8.2 -9 0.60138 0 0.0528185 0 
8.4 -9 0.607762 0 0.0549362 0 
8.6 -9 0.613926 0 0.0570399 0 
8.8 -9 0.619932 0 0.0591194 0 
9 -9 0.625756 0 0.0611779 0 
9.2 -9 0.631662 0 0.0631721 0 
9.4 -9 0.63713 0 0.0651872 0 
9.6 -9 0.642414 0 0.0671845 0 
9.8 -9 0.64744 0 0.069179 0 
10 -9 0.652492 0 0.0711153 0 
10.2 -9 0.657436 0 0.0730203 0 
10.4 -9 0.662272 0 0.0748935 0 
10.6 -9 0.66703 0 0.076728 0 
10.8 -9 0.671466 0 0.0785819 0 
11 -9 0.675786 0 0.0804093 0 
11.2 -9 0.68015 0 0.0821734 0 
11.4 -9 0.684494 0 0.0838865 0 
11.6 -9 0.688536 0 0.0856232 0 
11.8 -9 0.692724 0 0.087266 0 
12 -9 0.696684 0 0.0889167 0 
12.4 -9 0.704152 0 0.0921895 0 
12.8 -9 0.711422 0 0.0953122 0 
13.2 -9 0.718224 0 0.0983816 0 
13.6 -9 0.724824 0 0.101318 0 
14 -9 0.731216 0 0.104127 0 
14.4 -9 0.737268 0 0.106868 0 
14.8 -9 0.742948 0 0.10957 0 
15.2 -9 0.748504 0 0.112139 0 
15.6 -9 0.753802 0 0.114641 0 
16 -9 0.758886 0 0.117065 0 
16.8 -9 0.768534 0 0.12165 0 
17.6 -9 0.77741 0 0.125985 0 
18.4 -9 0.785656 0 0.130051 0 
19.2 -9 0.793282 0 0.133909 0 
20 -9 0.800404 0 0.13754 0 
20.8 -9 0.807044 0 0.140979 0 
21.6 -9 0.813324 0 0.144181 0 
22.4 -9 0.819264 0 0.147171 0 
23.2 -9 0.824776 0 0.150058 0 
24 -9 0.829988 0 0.152777 0 
24.8 -9 0.834868 0 0.15539 0 
25.6 -9 0.839504 0 0.15785 0 
26.4 -9 0.843906 0 0.160174 0 
27.2 -9 0.848104 0 0.162355 0 
28 -9 0.852034 0 0.164492 0 
28.8 -9 0.855726 0 0.166579 0 
29.6 -9 0.859332 0 0.168462 0 
30.4 -9 0.862754 0 0.170274 0 
31.2 -9 0.865946 0 0.172095 0 
32 -9 0.86903 0 0.173795 0 
32.8 -9 0.872 0 0.175391 0 
33.6 -9 0.874804 0 0.17697 0 
34.4 -9 0.877518 0 0.178447 0 
35.2 -9 0.88009 0 0.179904 0 
36 -9 0.882592 0 0.181252 0 
36.8 -9 0.884964 0 0.182596 0 
37.6 -9 0.887246 0 0.183882 0 
38.4 -9 0.889448 0 0.185112 0 
39.2 -9 0.89155 0 0.186319 0 
40 -9 0.893606 0 0.187431 0 
0.3 -8 0.099831 0 0.000685543 0 
0.35 -8 0.1024812 0 0.000701026 0 
0.4 -8 0.1048064 0 0.000722267 0 
0.5 -8 0.1113224 0 0.000772076 0 
0.6 -8 0.1192108 0 0.000842457 0 
0.7 -8 0.127922 0 0.000917653 0 
0.8 -8 0.137451 0 0.0010072 0 
0.9 -8 0.14909 0 0.00111871 0 
1 -8 0.1605954 0 0.00123184 0 
1.2 -8 0.1855916 0 0.00150667 0 
1.4 -8 0.21142 0 0.0018309 0 
1.6 -8 0.236928 0 0.00220826 0 
1.8 -8 0.261714 0 0.00264261 0 
2 -8 0.286182 0 0.00316413 0 
2.2 -8 0.30884 0 0.00376035 0 
2.4 -8 0.330116 0 0.00446336 0 
2.6 -8 0.350256 0 0.00530023 0 
2.8 -8 0.369368 0 0.00626268 0 
3 -8 0.386922 0 0.00735789 0 
3.2 -8 0.403586 0 0.00860704 0 
3.4 -8 0.419826 0 0.00998583 0 
3.6 -8 0.434568 0 0.0114989 0 
3.8 -8 0.448354 0 0.013146 0 
4 -8 0.461688 0 0.0149063 0 
4.2 -8 0.474454 0 0.0167751 0 
4.4 -8 0.486272 0 0.0187434 0 
4.6 -8 0.498158 0 0.0207819 0 
4.8 -8 0.508794 0 0.0229156 0 
5 -8 0.519476 0 0.0250979 0 
5.2 -8 0.529492 0 0.0273376 0 
5.4 -8 0.538994 0 0.0296287 0 
5.6 -8 0.548068 0 0.0319557 0 
5.8 -8 0.557162 0 0.0342923 0 
6 -8 0.565912 0 0.0366369 0 
6.2 -8 0.574448 0 0.0389872 0 
6.4 -8 0.582368 0 0.0413675 0 
6.6 -8 0.589844 0 0.0437646 0 
6.8 -8 0.5974 0 0.0461217 0 
7 -8 0.604656 0 0.0484741 0 
7.2 -8 0.611318 0 0.0508564 0 
7.4 -8 0.618198 0 0.053168 0 
7.6 -8 0.624686 0 0.0554817 0 
7.8 -8 0.630984 0 0.0577719 0 
8 -8 0.637248 0 0.0600124 0 
8.2 -8 0.643256 0 0.0622365 0 
8.4 -8 0.648924 0 0.0644598 0 
8.6 -8 0.654578 0 0.0666266 0 
8.8 -8 0.660012 0 0.068773 0 
9 -8 0.66519 0 0.0709107 0 
9.2 -8 0.670326 0 0.0729939 0 
9.4 -8 0.675298 0 0.0750492 0 
9.6 -8 0.680066 0 0.0770883 0 
9.8 -8 0.684914 0 0.0790433 0 
10 -8 0.689508 0 0.080996 0 
10.2 -8 0.693818 0 0.0829588 0 
10.4 -8 0.698046 0 0.0848823 0 
10.6 -8 0.702222 0 0.0867584 0 
10.8 -8 0.706446 0 0.0885558 0 
11 -8 0.710392 0 0.0903723 0 
11.2 -8 0.714082 0 0.0922083 0 
11.4 -8 0.717954 0 0.093925 0 
11.6 -8 0.721778 0 0.0955946 0 
11.8 -8 0.72537 0 0.0972801 0 
12 -8 0.728808 0 0.0989612 0 
12.4 -8 0.73587 0 0.102073 0 
12.8 -8 0.742306 0 0.105186 0 
13.2 -8 0.748498 0 0.108169 0 
13.6 -8 0.754412 0 0.111048 0 
14 -8 0.76002 0 0.113848 0 
14.4 -8 0.765554 0 0.116468 0 
14.8 -8 0.770614 0 0.119117 0 
15.2 -8 0.775576 0 0.121619 0 
15.6 -8 0.780348 0 0.124028 0 
16 -8 0.784944 0 0.126347 0 
16.8 -8 0.793522 0 0.130802 0 
17.6 -8 0.801526 0 0.134928 0 
18.4 -8 0.808908 0 0.138821 0 
19.2 -8 0.815796 0 0.142458 0 
20 -8 0.822154 0 0.145925 0 
20.8 -8 0.828132 0 0.149158 0 
21.6 -8 0.833754 0 0.152181 0 
22.4 -8 0.839004 0 0.155057 0 
23.2 -8 0.843952 0 0.157761 0 
24 -8 0.84862 0 0.160309 0 
24.8 -8 0.85295 0 0.162802 0 
25.6 -8 0.857116 0 0.165081 0 
26.4 -8 0.861054 0 0.167251 0 
27.2 -8 0.864804 0 0.169285 0 
28 -8 0.868306 0 0.171291 0 
28.8 -8 0.87161 0 0.173235 0 
29.6 -8 0.874792 0 0.175036 0 
30.4 -8 0.877856 0 0.176707 0 
31.2 -8 0.880704 0 0.178412 0 
32 -8 0.883456 0 0.179991 0 
32.8 -8 0.886094 0 0.181491 0 
33.6 -8 0.888614 0 0.18293 0 
34.4 -8 0.891022 0 0.184318 0 
35.2 -8 0.893312 0 0.185681 0 
36 -8 0.895556 0 0.186905 0 
36.8 -8 0.897656 0 0.188176 0 
37.6 -8 0.899686 0 0.189379 0 
38.4 -8 0.90165 0 0.190512 0 
39.2 -8 0.903532 0 0.191615 0 
40 -8 0.90536 0 0.192646 0 
0.3 -7 0.1878922 0 0.00231281 0 
0.35 -7 0.191361 0 0.00234944 0 
0.4 -7 0.1949818 0 0.00238126 0 
0.5 -7 0.20305 0 0.00245858 0 
0.6 -7 0.212324 0 0.00255606 0 
0.7 -7 0.222632 0 0.00265772 0 
0.8 -7 0.23486 0 0.00279927 0 
0.9 -7 0.246226 0 0.00293187 0 
1 -7 0.258284 0 0.00308369 0 
1.2 -7 0.283572 0 0.003463 0 
1.4 -7 0.30818 0 0.0038921 0 
1.6 -7 0.333032 0 0.00439916 0 
1.8 -7 0.35564 0 0.0049764 0 
2 -7 0.377188 0 0.00567206 0 
2.2 -7 0.396666 0 0.00648533 0 
2.4 -7 0.415668 0 0.00746891 0 
2.6 -7 0.4331 0 0.00859496 0 
2.8 -7 0.449254 0 0.00988783 0 
3 -7 0.46406 0 0.0113488 0 
3.2 -7 0.478552 0 0.0129817 0 
3.4 -7 0.49131 0 0.014764 0 
3.6 -7 0.50411 0 0.0166899 0 
3.8 -7 0.516006 0 0.018747 0 
4 -7 0.527486 0 0.020908 0 
4.2 -7 0.537946 0 0.0231888 0 
4.4 -7 0.548692 0 0.0255263 0 
4.6 -7 0.558582 0 0.0279511 0 
4.8 -7 0.568372 0 0.0304092 0 
5 -7 0.57697 0 0.0329631 0 
5.2 -7 0.585934 0 0.035505 0 
5.4 -7 0.594462 0 0.0380771 0 
5.6 -7 0.602374 0 0.040685 0 
5.8 -7 0.610244 0 0.0432814 0 
6 -7 0.61782 0 0.0458696 0 
6.2 -7 0.624926 0 0.0484761 0 
6.4 -7 0.63207 0 0.0510362 0 
6.6 -7 0.638716 0 0.0536123 0 
6.8 -7 0.64533 0 0.0561376 0 
7 -7 0.651778 0 0.0586296 0 
7.2 -7 0.657926 0 0.0611073 0 
7.4 -7 0.663838 0 0.0635614 0 
7.6 -7 0.669562 0 0.0659837 0 
7.8 -7 0.675254 0 0.0683407 0 
8 -7 0.680756 0 0.0706631 0 
8.2 -7 0.685756 0 0.0730252 0 
8.4 -7 0.690848 0 0.0752961 0 
8.6 -7 0.695952 0 0.0774874 0 
8.8 -7 0.70078 0 0.0796713 0 
9 -7 0.705452 0 0.0818204 0 
9.2 -7 0.709922 0 0.0839486 0 
9.4 -7 0.714432 0 0.0859915 0 
9.6 -7 0.718586 0 0.088064 0 
9.8 -7 0.72278 0 0.0900504 0 
10 -7 0.726776 0 0.0920267 0 
10.2 -7 0.730712 0 0.0939493 0 
10.4 -7 0.734598 0 0.0958163 0 
10.6 -7 0.738304 0 0.0976754 0 
10.8 -7 0.741888 0 0.0995071 0 
11 -7 0.745362 0 0.101313 0 
11.2 -7 0.748736 0 0.103088 0 
11.4 -7 0.752212 0 0.104752 0 
11.6 -7 0.755444 0 0.106449 0 
11.8 -7 0.758616 0 0.108106 0 
12 -7 0.761694 0 0.109737 0 
12.4 -7 0.76777 0 0.112842 0 
12.8 -7 0.77355 0 0.11583 0 
13.2 -7 0.779072 0 0.118697 0 
13.6 -7 0.784256 0 0.121503 0 
14 -7 0.789276 0 0.124167 0 
14.4 -7 0.794128 0 0.126701 0 
14.8 -7 0.798728 0 0.129165 0 
15.2 -7 0.80301 0 0.131623 0 
15.6 -7 0.807232 0 0.133916 0 
16 -7 0.811314 0 0.136104 0 
16.8 -7 0.818832 0 0.140375 0 
17.6 -7 0.825888 0 0.144281 0 
18.4 -7 0.832356 0 0.147993 0 
19.2 -7 0.838424 0 0.151418 0 
20 -7 0.844066 0 0.154639 0 
20.8 -7 0.849318 0 0.157683 0 
21.6 -7 0.854222 0 0.160559 0 
22.4 -7 0.858852 0 0.163236 0 
23.2 -7 0.863218 0 0.165738 0 
24 -7 0.867296 0 0.168144 0 
24.8 -7 0.87114 0 0.17042 0 
25.6 -7 0.874798 0 0.172538 0 
26.4 -7 0.878246 0 0.174563 0 
27.2 -7 0.881524 0 0.176469 0 
28 -7 0.884624 0 0.178293 0 
28.8 -7 0.887538 0 0.180075 0 
29.6 -7 0.890312 0 0.181771 0 
30.4 -7 0.893008 0 0.183298 0 
31.2 -7 0.895528 0 0.184839 0 
32 -7 0.897948 0 0.186286 0 
32.8 -7 0.900236 0 0.187715 0 
33.6 -7 0.902458 0 0.189017 0 
34.4 -7 0.90457 0 0.190294 0 
35.2 -7 0.90658 0 0.191548 0 
36 -7 0.908534 0 0.192694 0 
36.8 -7 0.910374 0 0.193871 0 
37.6 -7 0.91218 0 0.194921 0 
38.4 -7 0.91388 0 0.196008 0 
39.2 -7 0.915536 0 0.197009 0 
40 -7 0.917132 0 0.197968 0 
0.3 -6 0.305344 0 0.00578821 0 
0.35 -6 0.309746 0 0.00580544 0 
0.4 -6 0.314782 0 0.00586501 0 
0.5 -6 0.324262 0 0.00592253 0 
0.6 -6 0.333652 0 0.00600177 0 
0.7 -6 0.344514 0 0.00610054 0 
0.8 -6 0.354608 0 0.00620738 0 
0.9 -6 0.366104 0 0.00632566 0 
1 -6 0.377904 0 0.00649052 0 
1.2 -6 0.39943 0 0.0068553 0 
1.4 -6 0.420722 0 0.00731905 0 
1.6 -6 0.441156 0 0.00789775 0 
1.8 -6 0.459032 0 0.00861499 0 
2 -6 0.475866 0 0.00951584 0 
2.2 -6 0.491522 0 0.0106135 0 
2.4 -6 0.505922 0 0.0119038 0 
2.6 -6 0.519852 0 0.0134099 0 
2.8 -6 0.532348 0 0.0151158 0 
3 -6 0.545182 0 0.0170251 0 
3.2 -6 0.555852 0 0.0191144 0 
3.4 -6 0.566414 0 0.0213541 0 
3.6 -6 0.57671 0 0.0237371 0 
3.8 -6 0.586292 0 0.0262431 0 
4 -6 0.595148 0 0.0288727 0 
4.2 -6 0.604172 0 0.0315462 0 
4.4 -6 0.612804 0 0.0342974 0 
4.6 -6 0.620918 0 0.0371 0 
4.8 -6 0.628634 0 0.0399414 0 
5 -6 0.636272 0 0.0427879 0 
5.2 -6 0.643728 0 0.0456343 0 
5.4 -6 0.650816 0 0.0484925 0 
5.6 -6 0.657918 0 0.051305 0 
5.8 -6 0.664482 0 0.0541343 0 
6 -6 0.67093 0 0.0569319 0 
6.2 -6 0.676948 0 0.0597351 0 
6.4 -6 0.68295 0 0.0624718 0 
6.6 -6 0.688994 0 0.0651266 0 
6.8 -6 0.694552 0 0.0677996 0 
7 -6 0.699698 0 0.0704841 0 
7.2 -6 0.705124 0 0.0730292 0 
7.4 -6 0.710214 0 0.0755641 0 
7.6 -6 0.71531 0 0.0780127 0 
7.8 -6 0.720174 0 0.0804329 0 
8 -6 0.724814 0 0.082828 0 
8.2 -6 0.72947 0 0.0851294 0 
8.4 -6 0.733724 0 0.0874643 0 
8.6 -6 0.738074 0 0.0896835 0 
8.8 -6 0.74218 0 0.0918968 0 
9 -6 0.746182 0 0.094058 0 
9.2 -6 0.750034 0 0.0961893 0 
9.4 -6 0.754104 0 0.0981485 0 
9.6 -6 0.75786 0 0.10014 0 
9.8 -6 0.76126 0 0.102193 0 
10 -6 0.764746 0 0.10413 0 
10.2 -6 0.768228 0 0.105984 0 
10.4 -6 0.771432 0 0.107883 0 
10.6 -6 0.77482 0 0.109616 0 
10.8 -6 0.777874 0 0.111427 0 
11 -6 0.780926 0 0.113164 0 
11.2 -6 0.78385 0 0.11489 0 
11.4 -6 0.786736 0 0.11656 0 
11.6 -6 0.78963 0 0.11815 0 
11.8 -6 0.792364 0 0.119756 0 
12 -6 0.79507 0 0.121306 0 
12.4 -6 0.800076 0 0.124438 0 
12.8 -6 0.805236 0 0.127198 0 
13.2 -6 0.810018 0 0.129929 0 
13.6 -6 0.81445 0 0.132639 0 
14 -6 0.818786 0 0.135171 0 
14.4 -6 0.822922 0 0.137611 0 
14.8 -6 0.827022 0 0.139841 0 
15.2 -6 0.830728 0 0.14216 0 
15.6 -6 0.834302 0 0.144381 0 
16 -6 0.837788 0 0.146467 0 
16.8 -6 0.844342 0 0.150423 0 
17.6 -6 0.850388 0 0.154111 0 
18.4 -6 0.856026 0 0.157513 0 
19.2 -6 0.861242 0 0.160713 0 
20 -6 0.866114 0 0.163687 0 
20.8 -6 0.870614 0 0.166538 0 
21.6 -6 0.874828 0 0.169213 0 
22.4 -6 0.878792 0 0.171711 0 
23.2 -6 0.882602 0 0.173941 0 
24 -6 0.886088 0 0.176188 0 
24.8 -6 0.88941 0 0.178258 0 
25.6 -6 0.89255 0 0.180211 0 
26.4 -6 0.89551 0 0.182073 0 
27.2 -6 0.898326 0 0.183818 0 
28 -6 0.90098 0 0.185506 0 
28.8 -6 0.903496 0 0.18712 0 
29.6 -6 0.905892 0 0.188648 0 
30.4 -6 0.908192 0 0.190069 0 
31.2 -6 0.910372 0 0.191447 0 
32 -6 0.912434 0 0.192801 0 
32.8 -6 0.914414 0 0.194075 0 
33.6 -6 0.916322 0 0.195259 0 
34.4 -6 0.918134 0 0.196424 0 
35.2 -6 0.919868 0 0.197547 0 
36 -6 0.921546 0 0.198583 0 
36.8 -6 0.923128 0 0.199654 0 
37.6 -6 0.924682 0 0.200587 0 
38.4 -6 0.926138 0 0.201589 0 
39.2 -6 0.927552 0 0.202518 0 
40 -6 0.928932 0 0.203355 0 
0.3 -5 0.44773 0 0.0120515 0 
0.35 -5 0.452018 0 0.0119932 0 
0.4 -5 0.455986 0 0.0119809 0 
0.5 -5 0.464192 0 0.0118549 0 
0.6 -5 0.473322 0 0.0118022 0 
0.7 -5 0.481496 0 0.0117472 0 
0.8 -5 0.49167 0 0.0116993 0 
0.9 -5 0.500974 0 0.0117274 0 
1 -5 0.50991 0 0.0118193 0 
1.2 -5 0.526448 0 0.0120446 0 
1.4 -5 0.541482 0 0.0124784 0 
1.6 -5 0.55575 0 0.0130933 0 
1.8 -5 0.567186 0 0.0139737 0 
2 -5 0.578794 0 0.0151024 0 
2.2 -5 0.589594 0 0.0165546 0 
2.4 -5 0.59936 0 0.0182772 0 
2.6 -5 0.608352 0 0.020262 0 
2.8 -5 0.61721 0 0.0224679 0 
3 -5 0.625586 0 0.0249065 0 
3.2 -5 0.634288 0 0.0275025 0 
3.4 -5 0.641796 0 0.0302924 0 
3.6 -5 0.649298 0 0.0331848 0 
3.8 -5 0.65656 0 0.0361753 0 
4 -5 0.663664 0 0.0392481 0 
4.2 -5 0.670826 0 0.0423233 0 
4.4 -5 0.677114 0 0.0455188 0 
4.6 -5 0.68404 0 0.0486247 0 
4.8 -5 0.69046 0 0.0517582 0 
5 -5 0.696692 0 0.0548827 0 
5.2 -5 0.702574 0 0.0580103 0 
5.4 -5 0.7081 0 0.0611453 0 
5.6 -5 0.71379 0 0.0641807 0 
5.8 -5 0.719418 0 0.0671413 0 
6 -5 0.724752 0 0.0700838 0 
6.2 -5 0.729928 0 0.0729741 0 
6.4 -5 0.734884 0 0.0758245 0 
6.6 -5 0.739586 0 0.0786501 0 
6.8 -5 0.744142 0 0.081421 0 
7 -5 0.748786 0 0.0840674 0 
7.2 -5 0.753394 0 0.0866171 0 
7.4 -5 0.757418 0 0.0892631 0 
7.6 -5 0.761782 0 0.0916829 0 
7.8 -5 0.765698 0 0.0941669 0 
8 -5 0.769776 0 0.0964803 0 
8.2 -5 0.773486 0 0.0988416 0 
8.4 -5 0.777222 0 0.101088 0 
8.6 -5 0.780742 0 0.10333 0 
8.8 -5 0.784324 0 0.105444 0 
9 -5 0.787658 0 0.107577 0 
9.2 -5 0.790872 0 0.109673 0 
9.4 -5 0.794236 0 0.111591 0 
9.6 -5 0.797258 0 0.113597 0 
9.8 -5 0.800268 0 0.115515 0 
10 -5 0.803188 0 0.117393 0 
10.2 -5 0.80615 0 0.119153 0 
10.4 -5 0.808908 0 0.120946 0 
10.6 -5 0.811572 0 0.12271 0 
10.8 -5 0.814204 0 0.12441 0 
11 -5 0.816824 0 0.126033 0 
11.2 -5 0.819318 0 0.127658 0 
11.4 -5 0.821714 0 0.129269 0 
11.6 -5 0.824088 0 0.130817 0 
11.8 -5 0.826412 0 0.132321 0 
12 -5 0.828704 0 0.133774 0 
12.4 -5 0.832956 0 0.136711 0 
12.8 -5 0.83719 0 0.139369 0 
13.2 -5 0.841208 0 0.141927 0 
13.6 -5 0.844974 0 0.144434 0 
14 -5 0.848622 0 0.146787 0 
14.4 -5 0.852098 0 0.149052 0 
14.8 -5 0.855466 0 0.151181 0 
15.2 -5 0.858666 0 0.153245 0 
15.6 -5 0.86158 0 0.155399 0 
16 -5 0.864568 0 0.157253 0 
16.8 -5 0.870008 0 0.160964 0 
17.6 -5 0.87509 0 0.164337 0 
18.4 -5 0.879794 0 0.167477 0 
19.2 -5 0.884208 0 0.170337 0 
20 -5 0.88826 0 0.17309 0 
20.8 -5 0.89202 0 0.175703 0 
21.6 -5 0.895558 0 0.17812 0 
22.4 -5 0.898872 0 0.180395 0 
23.2 -5 0.902024 0 0.182463 0 
24 -5 0.904974 0 0.18444 0 
24.8 -5 0.907742 0 0.186326 0 
25.6 -5 0.91037 0 0.188077 0 
26.4 -5 0.912844 0 0.189757 0 
27.2 -5 0.915192 0 0.191337 0 
28 -5 0.917414 0 0.192849 0 
28.8 -5 0.919518 0 0.194294 0 
29.6 -5 0.92152 0 0.195667 0 
30.4 -5 0.923432 0 0.196957 0 
31.2 -5 0.92525 0 0.198203 0 
32 -5 0.926984 0 0.199388 0 
32.8 -5 0.928628 0 0.200553 0 
33.6 -5 0.93022 0 0.201611 0 
34.4 -5 0.93173 0 0.202663 0 
35.2 -5 0.933176 0 0.203678 0 
36 -5 0.934592 0 0.204551 0 
36.8 -5 0.935904 0 0.205537 0 
37.6 -5 0.937194 0 0.206389 0 
38.4 -5 0.938414 0 0.207278 0 
39.2 -5 0.939608 0 0.208057 0 
40 -5 0.940752 0 0.208829 0 
0.3 -4 0.59573 0.0005923 0.0219879 9.649e-05 
0.35 -4 0.599254 0.0004607 0.0218257 3.012e-05 
0.4 -4 0.601741 0.0005296 0.0215605 2.757e-05 
0.5 -4 0.609025 0.0003074 0.0209128 4.973e-05 
0.6 -4 0.616887 0.0002785 0.0205412 4.24e-05 
0.7 -4 0.623599 0.0002892 0.0201352 2.326e-05 
0.8 -4 0.630415 0.0001425 0.0198288 1.664e-05 
0.9 -4 0.636201 0.0001624 0.0196293 2.489e-05 
1 -4 0.642222 0.0002226 0.0195534 2.741e-05 
1.2 -4 0.652312 9.854e-05 0.0194746 2.104e-05 
1.4 -4 0.660898 0.0001866 0.0197445 1.885e-05 
1.6 -4 0.667808 0.0001189 0.0205163 1.244e-05 
1.8 -4 0.674033 0.0002141 0.0215688 1.171e-05 
2 -4 0.680138 3.812e-05 0.0230555 9.211e-06 
2.2 -4 0.685523 9.712e-05 0.024938 7.084e-06 
2.4 -4 0.690883 0.0001317 0.0271892 7.537e-06 
2.6 -4 0.696296 7.904e-05 0.0297427 7.691e-06 
2.8 -4 0.701514 0.0001295 0.0325659 9.592e-06 
3 -4 0.706717 0.0001032 0.0355877 1.047e-05 
3.2 -4 0.711949 3.95e-05 0.0387774 2e-06 
3.4 -4 0.717399 9.347e-05 0.0420628 1.432e-05 
3.6 -4 0.722729 9.221e-05 0.04545 1.482e-05 
3.8 -4 0.727809 5.284e-05 0.0489243 7.13e-06 
4 -4 0.732873 4.048e-05 0.0524224 7.212e-06 
4.2 -4 0.737958 0 0.0559053 0 
4.4 -4 0.742736 0 0.0594364 0 
4.6 -4 0.74721 0 0.0629896 0 
4.8 -4 0.752306 0 0.0663472 0 
5 -4 0.757014 0 0.0697228 0 
5.2 -4 0.761896 0 0.0729581 0 
5.4 -4 0.766428 0 0.0761886 0 
5.6 -4 0.770872 0 0.0793518 0 
5.8 -4 0.775126 0 0.082468 0 
6 -4 0.779258 0 0.0855148 0 
6.2 -4 0.783382 0 0.0884503 0 
6.4 -4 0.787358 0 0.091324 0 
6.6 -4 0.791072 0 0.0941889 0 
6.8 -4 0.795038 0 0.096816 0 
7 -4 0.798338 0 0.0996363 0 
7.2 -4 0.80191 0 0.102208 0 
7.4 -4 0.805422 0 0.104685 0 
7.6 -4 0.808678 0 0.107177 0 
7.8 -4 0.81195 0 0.109542 0 
8 -4 0.81513 0 0.111837 0 
8.2 -4 0.818244 0 0.114056 0 
8.4 -4 0.821108 0 0.11631 0 
8.6 -4 0.824056 0 0.1184 0 
8.8 -4 0.82686 0 0.12047 0 
9 -4 0.829654 0 0.122436 0 
9.2 -4 0.832264 0 0.124425 0 
9.4 -4 0.83481 0 0.126356 0 
9.6 -4 0.837374 0 0.128166 0 
9.8 -4 0.839764 0 0.130008 0 
10 -4 0.842124 0 0.131776 0 
10.2 -4 0.844444 0 0.133477 0 
10.4 -4 0.846668 0 0.135164 0 
10.6 -4 0.84888 0 0.136765 0 
10.8 -4 0.850978 0 0.138377 0 
11 -4 0.85302 0 0.13995 0 
11.2 -4 0.855054 0 0.141443 0 
11.4 -4 0.857042 0 0.142891 0 
11.6 -4 0.858906 0 0.144377 0 
11.8 -4 0.860758 0 0.145792 0 
12 -4 0.862582 0 0.147158 0 
12.4 -4 0.866076 0 0.149811 0 
12.8 -4 0.8694 0 0.152347 0 
13.2 -4 0.872646 0 0.154676 0 
13.6 -4 0.87575 0 0.156888 0 
14 -4 0.87861 0 0.15913 0 
14.4 -4 0.88135 0 0.161272 0 
14.8 -4 0.88411 0 0.163132 0 
15.2 -4 0.88672 0 0.164954 0 
15.6 -4 0.889074 0 0.166913 0 
16 -4 0.891406 0 0.168688 0 
16.8 -4 0.895834 0 0.171963 0 
17.6 -4 0.899902 0 0.175028 0 
18.4 -4 0.903682 0 0.177848 0 
19.2 -4 0.907214 0 0.180426 0 
20 -4 0.910496 0 0.182836 0 
20.8 -4 0.913496 0 0.185218 0 
21.6 -4 0.916332 0 0.187384 0 
22.4 -4 0.919008 0 0.189377 0 
23.2 -4 0.921548 0 0.191177 0 
24 -4 0.923908 0 0.192943 0 
24.8 -4 0.926134 0 0.194603 0 
25.6 -4 0.928242 0 0.196147 0 
26.4 -4 0.930222 0 0.19764 0 
27.2 -4 0.932096 0 0.19906 0 
28 -4 0.93388 0 0.200384 0 
28.8 -4 0.935562 0 0.201672 0 
29.6 -4 0.937162 0 0.2029 0 
30.4 -4 0.9387 0 0.204014 0 
31.2 -4 0.940168 0 0.205067 0 
32 -4 0.941542 0 0.206167 0 
32.8 -4 0.942876 0 0.207136 0 
33.6 -4 0.94416 0 0.208028 0 
34.4 -4 0.945356 0 0.20901 0 
35.2 -4 0.946508 0 0.209916 0 
36 -4 0.947638 0 0.210697 0 
36.8 -4 0.948698 0 0.211532 0 
37.6 -4 0.949736 0 0.212252 0 
38.4 -4 0.950714 0 0.213024 0 
39.2 -4 0.951658 0 0.213758 0 
40 -4 0.952584 0 0.214387 0 
0.3 -3 0.733314 0.0005023 0.0354532 0.0001367 
0.35 -3 0.736439 0.0005145 0.0347123 7.55e-05 
0.4 -3 0.740682 0.0007557 0.0339151 6.143e-05 
0.5 -3 0.746225 0.00046 0.0327456 8.224e-05 
0.6 -3 0.75147 9.987e-05 0.0316906 5.444e-05 
0.7 -3 0.755844 0.0005132 0.0308648 3.527e-05 
0.8 -3 0.759394 0.000129 0.0301715 4.332e-05 
0.9 -3 0.762183 0.0002548 0.0296676 4.644e-05 
1 -3 0.764416 0.0001429 0.0292014 5.035e-05 
1.2 -3 0.767671 0.0002027 0.0288476 1.331e-05 
1.4 -3 0.769325 8.974e-05 0.0292317 2.837e-05 
1.6 -3 0.770932 0.0001923 0.0301589 2.648e-05 
1.8 -3 0.771756 8.454e-05 0.0317238 1.506e-05 
2 -3 0.773365 0.0001646 0.0338093 1.853e-05 
2.2 -3 0.774797 8.537e-05 0.0364004 6.548e-06 
2.4 -3 0.776737 0.0001116 0.039387 9.306e-06 
2.6 -3 0.779153 7.361e-05 0.0426352 1.085e-05 
2.8 -3 0.781686 5.305e-05 0.0461563 7.998e-06 
3 -3 0.784491 7.694e-05 0.0498373 1.533e-05 
3.2 -3 0.787747 0.0001804 0.0535895 3.241e-05 
3.4 -3 0.790871 6.814e-05 0.057459 6.038e-06 
3.6 -3 0.794254 6.459e-05 0.0613218 1.329e-05 
3.8 -3 0.797583 0.0001167 0.0652074 1.98e-05 
4 -3 0.801036 5.834e-05 0.0690511 7.618e-06 
4.2 -3 0.804158 0 0.0729525 0 
4.4 -3 0.807736 0 0.0766563 0 
4.6 -3 0.811 0 0.0803944 0 
4.8 -3 0.814548 0 0.083937 0 
5 -3 0.818148 0 0.0873508 0 
5.2 -3 0.821342 0 0.0908156 0 
5.4 -3 0.824696 0 0.0940945 0 
5.6 -3 0.828032 0 0.097242 0 
5.8 -3 0.831106 0 0.100403 0 
6 -3 0.834214 0 0.103408 0 
6.2 -3 0.837198 0 0.106351 0 
6.4 -3 0.840194 0 0.109151 0 
6.6 -3 0.84315 0 0.111826 0 
6.8 -3 0.845754 0 0.114618 0 
7 -3 0.84845 0 0.117205 0 
7.2 -3 0.851118 0 0.119679 0 
7.4 -3 0.853668 0 0.122108 0 
7.6 -3 0.856172 0 0.124441 0 
7.8 -3 0.85859 0 0.126713 0 
8 -3 0.86099 0 0.128873 0 
8.2 -3 0.863294 0 0.130986 0 
8.4 -3 0.865522 0 0.133049 0 
8.6 -3 0.867662 0 0.13507 0 
8.8 -3 0.869754 0 0.137026 0 
9 -3 0.871856 0 0.138846 0 
9.2 -3 0.873894 0 0.140614 0 
9.4 -3 0.875806 0 0.142412 0 
9.6 -3 0.87767 0 0.14415 0 
9.8 -3 0.879498 0 0.145824 0 
10 -3 0.881312 0 0.147405 0 
10.2 -3 0.883014 0 0.14902 0 
10.4 -3 0.884706 0 0.150546 0 
10.6 -3 0.886314 0 0.152082 0 
10.8 -3 0.887994 0 0.153422 0 
11 -3 0.889526 0 0.154866 0 
11.2 -3 0.891054 0 0.156224 0 
11.4 -3 0.892554 0 0.15753 0 
11.6 -3 0.893966 0 0.158873 0 
11.8 -3 0.895374 0 0.160137 0 
12 -3 0.896726 0 0.161402 0 
12.4 -3 0.899338 0 0.163827 0 
12.8 -3 0.901882 0 0.16604 0 
13.2 -3 0.90431 0 0.168143 0 
13.6 -3 0.906652 0 0.170095 0 
14 -3 0.908786 0 0.172142 0 
14.4 -3 0.910906 0 0.173948 0 
14.8 -3 0.912946 0 0.175644 0 
15.2 -3 0.914918 0 0.177224 0 
15.6 -3 0.916714 0 0.178929 0 
16 -3 0.918442 0 0.180559 0 
16.8 -3 0.921756 0 0.183475 0 
17.6 -3 0.92484 0 0.186113 0 
18.4 -3 0.927674 0 0.188604 0 
19.2 -3 0.930336 0 0.19083 0 
20 -3 0.93279 0 0.192964 0 
20.8 -3 0.935064 0 0.195 0 
21.6 -3 0.937208 0 0.196852 0 
22.4 -3 0.939218 0 0.198573 0 
23.2 -3 0.941118 0 0.200148 0 
24 -3 0.94289 0 0.201683 0 
24.8 -3 0.944554 0 0.203137 0 
25.6 -3 0.946144 0 0.204441 0 
26.4 -3 0.947632 0 0.20573 0 
27.2 -3 0.949034 0 0.206974 0 
28 -3 0.950388 0 0.208056 0 
28.8 -3 0.95165 0 0.209172 0 
29.6 -3 0.95285 0 0.210235 0 
30.4 -3 0.954008 0 0.211173 0 
31.2 -3 0.955112 0 0.212061 0 
32 -3 0.956148 0 0.212988 0 
32.8 -3 0.957138 0 0.213868 0 
33.6 -3 0.958092 0 0.214667 0 
34.4 -3 0.959 0 0.215467 0 
35.2 -3 0.959868 0 0.216232 0 
36 -3 0.960712 0 0.216907 0 
36.8 -3 0.961512 0 0.2176 0 
37.6 -3 0.962286 0 0.218239 0 
38.4 -3 0.963024 0 0.218881 0 
39.2 -3 0.963736 0 0.219487 0 
40 -3 0.964424 0 0.220058 0 
0.3 -2 0.859012 0.001144 0.0504964 0.0002908 
0.35 -2 0.860367 0.0005486 0.0490559 0.0002319 
0.4 -2 0.861594 0.0008955 0.0482759 0.0001428 
0.5 -2 0.864907 0.0007743 0.0460985 9.788e-05 
0.6 -2 0.866105 0.0004452 0.0444725 7.65e-05 
0.7 -2 0.867591 0.0003835 0.0430265 9.719e-05 
0.8 -2 0.866851 0.0002101 0.0419625 5.786e-05 
0.9 -2 0.866822 0.0002554 0.0412128 7.762e-05 
1 -2 0.866247 0.000276 0.0405838 3.872e-05 
1.2 -2 0.863752 0.0001734 0.0404913 3.373e-05 
1.4 -2 0.861397 0.000119 0.0413064 5.841e-05 
1.6 -2 0.859196 2.931e-05 0.0430934 2.403e-05 
1.8 -2 0.85775 6.809e-05 0.0454773 3.044e-05 
2 -2 0.856798 5.518e-05 0.048559 1.727e-05 
2.2 -2 0.856278 9.953e-05 0.0520871 2.987e-05 
2.4 -2 0.856325 3.545e-05 0.0559577 8.917e-06 
2.6 -2 0.856751 5.145e-05 0.0600581 1.965e-05 
2.8 -2 0.857723 2.362e-05 0.0642618 8.981e-06 
3 -2 0.858945 6.833e-05 0.0685655 2.684e-05 
3.2 -2 0.860414 6.024e-05 0.072902 2.478e-05 
3.4 -2 0.862195 4.583e-05 0.077162 2.253e-05 
3.6 -2 0.864013 2.649e-05 0.081434 1.096e-05 
3.8 -2 0.865964 4.497e-05 0.0856176 2.661e-05 
4 -2 0.868071 5.912e-05 0.089669 3.575e-05 
4.2 -2 0.870086 0 0.0937186 0 
4.4 -2 0.872188 0 0.0976206 0 
4.6 -2 0.874396 0 0.101337 0 
4.8 -2 0.876538 0 0.104987 0 
5 -2 0.878718 0 0.10848 0 
5.2 -2 0.881084 0 0.111674 0 
5.4 -2 0.883076 0 0.115048 0 
5.6 -2 0.885298 0 0.118056 0 
5.8 -2 0.887316 0 0.121111 0 
6 -2 0.889324 0 0.124028 0 
6.2 -2 0.89137 0 0.12675 0 
6.4 -2 0.893318 0 0.129423 0 
6.6 -2 0.895226 0 0.13199 0 
6.8 -2 0.897038 0 0.134518 0 
7 -2 0.898812 0 0.136957 0 
7.2 -2 0.900608 0 0.139205 0 
7.4 -2 0.902324 0 0.141423 0 
7.6 -2 0.90394 0 0.143637 0 
7.8 -2 0.905604 0 0.145638 0 
8 -2 0.907084 0 0.147782 0 
8.2 -2 0.90871 0 0.149561 0 
8.4 -2 0.91024 0 0.151352 0 
8.6 -2 0.91166 0 0.153195 0 
8.8 -2 0.913038 0 0.154987 0 
9 -2 0.914372 0 0.156733 0 
9.2 -2 0.915752 0 0.158272 0 
9.4 -2 0.91707 0 0.159804 0 
9.6 -2 0.91833 0 0.161327 0 
9.8 -2 0.919554 0 0.162808 0 
10 -2 0.920734 0 0.164262 0 
10.2 -2 0.921942 0 0.165556 0 
10.4 -2 0.922992 0 0.167067 0 
10.6 -2 0.924096 0 0.16837 0 
10.8 -2 0.925196 0 0.169574 0 
11 -2 0.926256 0 0.170767 0 
11.2 -2 0.927256 0 0.172005 0 
11.4 -2 0.92827 0 0.173109 0 
11.6 -2 0.929206 0 0.174312 0 
11.8 -2 0.93014 0 0.175433 0 
12 -2 0.93103 0 0.176573 0 
12.4 -2 0.932826 0 0.178564 0 
12.8 -2 0.934484 0 0.180584 0 
13.2 -2 0.936106 0 0.182394 0 
13.6 -2 0.937672 0 0.184057 0 
14 -2 0.939132 0 0.185736 0 
14.4 -2 0.940536 0 0.187313 0 
14.8 -2 0.941884 0 0.188803 0 
15.2 -2 0.943194 0 0.190151 0 
15.6 -2 0.944438 0 0.191475 0 
16 -2 0.945578 0 0.192924 0 
16.8 -2 0.947808 0 0.195343 0 
17.6 -2 0.949846 0 0.197653 0 
18.4 -2 0.95175 0 0.199707 0 
19.2 -2 0.953524 0 0.201582 0 
20 -2 0.955162 0 0.203381 0 
20.8 -2 0.956684 0 0.205083 0 
21.6 -2 0.958112 0 0.206646 0 
22.4 -2 0.959454 0 0.208082 0 
23.2 -2 0.960724 0 0.209379 0 
24 -2 0.961904 0 0.21066 0 
24.8 -2 0.963022 0 0.211845 0 
25.6 -2 0.964072 0 0.212982 0 
26.4 -2 0.965066 0 0.214038 0 
27.2 -2 0.966004 0 0.215071 0 
28 -2 0.96691 0 0.215928 0 
28.8 -2 0.967754 0 0.216849 0 
29.6 -2 0.968552 0 0.217752 0 
30.4 -2 0.969332 0 0.218467 0 
31.2 -2 0.970064 0 0.219213 0 
32 -2 0.970752 0 0.220016 0 
32.8 -2 0.971416 0 0.220719 0 
33.6 -2 0.972056 0 0.221348 0 
34.4 -2 0.972658 0 0.222042 0 
35.2 -2 0.973242 0 0.222633 0 
36 -2 0.9738 0 0.22322 0 
36.8 -2 0.974334 0 0.223801 0 
37.6 -2 0.97485 0 0.224305 0 
38.4 -2 0.975344 0 0.224826 0 
39.2 -2 0.975816 0 0.225344 0 
40 -2 0.97628 0 0.225769 0 
0.3 -1.5 0.911921 0.001562 0.0577231 0.0002676 
0.35 -1.5 0.911539 0.001511 0.0562536 0.0002254 
0.4 -1.5 0.912541 0.0009336 0.0548929 0.000231 
0.5 -1.5 0.912477 0.0009252 0.0527617 0.0001338 
0.6 -1.5 0.913151 0.0005188 0.0508027 0.0001028 
0.7 -1.5 0.911923 0.0004321 0.0493071 3.3e-05 
0.8 -1.5 0.910645 0.000332 0.048259 7.917e-05 
0.9 -1.5 0.90872 0.000208 0.0475767 6.419e-05 
1 -1.5 0.907056 0.0002869 0.0470638 7.173e-05 
1.2 -1.5 0.903994 0.0001279 0.0473347 2.806e-05 
1.4 -1.5 0.900797 0.0001027 0.0487768 2.122e-05 
1.6 -1.5 0.898317 5.329e-05 0.0511933 1.699e-05 
1.8 -1.5 0.896321 0.0001001 0.0542696 2.993e-05 
2 -1.5 0.894914 8.506e-05 0.0579454 4.672e-05 
2.2 -1.5 0.894136 4.713e-05 0.0620027 2.33e-05 
2.4 -1.5 0.893758 4.494e-05 0.0663297 2.278e-05 
2.6 -1.5 0.893781 4.978e-05 0.0708299 2.471e-05 
2.8 -1.5 0.894161 5.302e-05 0.0754297 2.984e-05 
3 -1.5 0.894968 2.777e-05 0.0799467 1.587e-05 
3.2 -1.5 0.895928 3.416e-05 0.0844782 2.595e-05 
3.4 -1.5 0.897033 3.042e-05 0.0889729 2.584e-05 
3.6 -1.5 0.898383 3.925e-05 0.0932841 3.968e-05 
3.8 -1.5 0.899811 2.573e-05 0.0975108 2.282e-05 
4 -1.5 0.901242 1.41e-05 0.101669 1.428e-05 
4.2 -1.5 0.902772 0 0.105669 0 
4.4 -1.5 0.904258 0 0.109618 0 
4.6 -1.5 0.905788 0 0.11341 0 
4.8 -1.5 0.907456 0 0.116898 0 
5 -1.5 0.909124 0 0.12025 0 
5.2 -1.5 0.910792 0 0.123462 0 
5.4 -1.5 0.91236 0 0.126639 0 
5.6 -1.5 0.913904 0 0.129693 0 
5.8 -1.5 0.915484 0 0.13253 0 
6 -1.5 0.917024 0 0.135273 0 
6.2 -1.5 0.918566 0 0.137842 0 
6.4 -1.5 0.920012 0 0.140408 0 
6.6 -1.5 0.921332 0 0.143034 0 
6.8 -1.5 0.922796 0 0.145247 0 
7 -1.5 0.92407 0 0.14766 0 
7.2 -1.5 0.925448 0 0.149715 0 
7.4 -1.5 0.926692 0 0.151886 0 
7.6 -1.5 0.927914 0 0.153951 0 
7.8 -1.5 0.929106 0 0.155945 0 
8 -1.5 0.930302 0 0.157784 0 
8.2 -1.5 0.931514 0 0.159442 0 
8.4 -1.5 0.932616 0 0.161211 0 
8.6 -1.5 0.93369 0 0.162918 0 
8.8 -1.5 0.934742 0 0.164549 0 
9 -1.5 0.935754 0 0.166148 0 
9.2 -1.5 0.936774 0 0.167605 0 
9.4 -1.5 0.937778 0 0.168978 0 
9.6 -1.5 0.938684 0 0.1705 0 
9.8 -1.5 0.939626 0 0.171806 0 
10 -1.5 0.940522 0 0.173124 0 
10.2 -1.5 0.941412 0 0.174351 0 
10.4 -1.5 0.942218 0 0.175713 0 
10.6 -1.5 0.943024 0 0.176979 0 
10.8 -1.5 0.943856 0 0.17806 0 
11 -1.5 0.944672 0 0.179087 0 
11.2 -1.5 0.94541 0 0.180272 0 
11.4 -1.5 0.946156 0 0.181331 0 
11.6 -1.5 0.946898 0 0.182311 0 
11.8 -1.5 0.947582 0 0.183394 0 
12 -1.5 0.948262 0 0.184408 0 
12.4 -1.5 0.9496 0 0.186253 0 
12.8 -1.5 0.950848 0 0.188092 0 
13.2 -1.5 0.952046 0 0.189815 0 
13.6 -1.5 0.95324 0 0.191244 0 
14 -1.5 0.954334 0 0.192781 0 
14.4 -1.5 0.955386 0 0.194224 0 
14.8 -1.5 0.956396 0 0.195575 0 
15.2 -1.5 0.957376 0 0.196803 0 
15.6 -1.5 0.958316 0 0.197969 0 
16 -1.5 0.95917 0 0.199303 0 
16.8 -1.5 0.960834 0 0.201534 0 
17.6 -1.5 0.962382 0 0.203524 0 
18.4 -1.5 0.963814 0 0.20535 0 
19.2 -1.5 0.965132 0 0.207109 0 
20 -1.5 0.966362 0 0.208716 0 
20.8 -1.5 0.967504 0 0.210248 0 
21.6 -1.5 0.968582 0 0.211611 0 
22.4 -1.5 0.969586 0 0.212916 0 
23.2 -1.5 0.970536 0 0.214085 0 
24 -1.5 0.97142 0 0.215255 0 
24.8 -1.5 0.97226 0 0.216292 0 
25.6 -1.5 0.973046 0 0.217327 0 
26.4 -1.5 0.9738 0 0.218217 0 
27.2 -1.5 0.974498 0 0.219175 0 
28 -1.5 0.975178 0 0.219943 0 
28.8 -1.5 0.975812 0 0.220745 0 
29.6 -1.5 0.97641 0 0.221563 0 
30.4 -1.5 0.976998 0 0.222168 0 
31.2 -1.5 0.977546 0 0.22285 0 
32 -1.5 0.97806 0 0.22357 0 
32.8 -1.5 0.978558 0 0.224198 0 
33.6 -1.5 0.979036 0 0.224791 0 
34.4 -1.5 0.97949 0 0.225371 0 
35.2 -1.5 0.979926 0 0.225921 0 
36 -1.5 0.980348 0 0.226416 0 
36.8 -1.5 0.980748 0 0.226922 0 
37.6 -1.5 0.981136 0 0.227366 0 
38.4 -1.5 0.981506 0 0.227838 0 
39.2 -1.5 0.981862 0 0.228283 0 
40 -1.5 0.982208 0 0.228675 0 
0.3 -1 0.956189 0.001816 0.0641559 0.0004018 
0.35 -1 0.954296 0.001363 0.062463 0.0002355 
0.4 -1 0.953916 0.001047 0.0612234 0.0001404 
0.5 -1 0.951062 0.0005328 0.059176 0.0001801 
0.6 -1 0.94966 0.000427 0.0572904 5.168e-05 
0.7 -1 0.947968 0.0004539 0.0557236 0.0001963 
0.8 -1 0.945838 0.0002526 0.054934 0.0001786 
0.9 -1 0.944172 0.0001969 0.0543639 9.26e-05 
1 -1 0.942726 0.0002104 0.054127 4.772e-05 
1.2 -1 0.939322 8.394e-05 0.0553295 4.703e-05 
1.4 -1 0.936369 0.0001164 0.0577184 8.912e-05 
1.6 -1 0.934091 5.033e-05 0.0609433 4.881e-05 
1.8 -1 0.932367 6.511e-05 0.0647851 4.15e-05 
2 -1 0.931141 4.106e-05 0.0690689 4.211e-05 
2.2 -1 0.930319 3.87e-05 0.0736776 3.952e-05 
2.4 -1 0.929858 2.199e-05 0.0784763 2.084e-05 
2.6 -1 0.929774 3.77e-05 0.083276 3.926e-05 
2.8 -1 0.929936 3.097e-05 0.0881118 3.717e-05 
3 -1 0.930258 2.142e-05 0.0929588 2.789e-05 
3.2 -1 0.930903 9.894e-06 0.0975398 1.768e-05 
3.4 -1 0.931567 2.181e-05 0.102152 3.26e-05 
3.6 -1 0.932402 2.925e-05 0.106535 4.995e-05 
3.8 -1 0.933288 2.549e-05 0.1108 3.677e-05 
4 -1 0.93429 1.56e-05 0.11482 2.705e-05 
4.2 -1 0.93521 0 0.1189 0 
4.4 -1 0.93627 0 0.122619 0 
4.6 -1 0.937288 0 0.126296 0 
4.8 -1 0.938396 0 0.129654 0 
5 -1 0.939396 0 0.133085 0 
5.2 -1 0.940504 0 0.136147 0 
5.4 -1 0.941544 0 0.139192 0 
5.6 -1 0.942614 0 0.141996 0 
5.8 -1 0.943642 0 0.144731 0 
6 -1 0.944674 0 0.147293 0 
6.2 -1 0.945662 0 0.149803 0 
6.4 -1 0.946642 0 0.152172 0 
6.6 -1 0.947542 0 0.154594 0 
6.8 -1 0.94848 0 0.156756 0 
7 -1 0.949376 0 0.158877 0 
7.2 -1 0.950256 0 0.160892 0 
7.4 -1 0.951116 0 0.162814 0 
7.6 -1 0.951912 0 0.164795 0 
7.8 -1 0.952758 0 0.166464 0 
8 -1 0.9535 0 0.168351 0 
8.2 -1 0.954292 0 0.169913 0 
8.4 -1 0.955052 0 0.171453 0 
8.6 -1 0.955768 0 0.173023 0 
8.8 -1 0.956486 0 0.174451 0 
9 -1 0.957146 0 0.175988 0 
9.2 -1 0.957838 0 0.177261 0 
9.4 -1 0.958494 0 0.178554 0 
9.6 -1 0.959114 0 0.179888 0 
9.8 -1 0.959726 0 0.181141 0 
10 -1 0.960334 0 0.182293 0 
10.2 -1 0.960916 0 0.183452 0 
10.4 -1 0.961462 0 0.184671 0 
10.6 -1 0.962006 0 0.185792 0 
10.8 -1 0.962546 0 0.186833 0 
11 -1 0.963098 0 0.18771 0 
11.2 -1 0.963596 0 0.188758 0 
11.4 -1 0.9641 0 0.189679 0 
11.6 -1 0.96458 0 0.190629 0 
11.8 -1 0.965038 0 0.191611 0 
12 -1 0.965494 0 0.192519 0 
12.4 -1 0.966394 0 0.194132 0 
12.8 -1 0.967228 0 0.195781 0 
13.2 -1 0.968028 0 0.197322 0 
13.6 -1 0.968814 0 0.198649 0 
14 -1 0.969538 0 0.200058 0 
14.4 -1 0.97025 0 0.201282 0 
14.8 -1 0.970922 0 0.202491 0 
15.2 -1 0.971576 0 0.203579 0 
15.6 -1 0.972202 0 0.204614 0 
16 -1 0.972772 0 0.205816 0 
16.8 -1 0.97389 0 0.207733 0 
17.6 -1 0.974914 0 0.209557 0 
18.4 -1 0.975864 0 0.21121 0 
19.2 -1 0.97675 0 0.212704 0 
20 -1 0.977572 0 0.214124 0 
20.8 -1 0.97833 0 0.215517 0 
21.6 -1 0.979048 0 0.216713 0 
22.4 -1 0.979724 0 0.217799 0 
23.2 -1 0.980358 0 0.218829 0 
24 -1 0.980946 0 0.219869 0 
24.8 -1 0.981504 0 0.220791 0 
25.6 -1 0.98203 0 0.221686 0 
26.4 -1 0.98253 0 0.222493 0 
27.2 -1 0.982998 0 0.223302 0 
28 -1 0.98345 0 0.223987 0 
28.8 -1 0.983874 0 0.224682 0 
29.6 -1 0.984272 0 0.225403 0 
30.4 -1 0.984662 0 0.225934 0 
31.2 -1 0.985028 0 0.226514 0 
32 -1 0.985376 0 0.227096 0 
32.8 -1 0.985704 0 0.227698 0 
33.6 -1 0.986022 0 0.228213 0 
34.4 -1 0.986326 0 0.228711 0 
35.2 -1 0.986616 0 0.229203 0 
36 -1 0.9869 0 0.229597 0 
36.8 -1 0.987166 0 0.230042 0 
37.6 -1 0.987424 0 0.230449 0 
38.4 -1 0.987668 0 0.230889 0 
39.2 -1 0.987908 0 0.231246 0 
40 -1 0.988138 0 0.231599 0 
0.3 -0.5 0.987409 0.001464 0.0676693 0.0004296 
0.35 -0.5 0.98444 0.001079 0.0665878 0.0005099 
0.4 -0.5 0.981512 0.0006616 0.0671761 0.0002719 
0.5 -0.5 0.979822 0.0004572 0.0646587 0.000228 
0.6 -0.5 0.977959 0.0002834 0.063362 0.0002127 
0.7 -0.5 0.976344 0.0002153 0.0628667 0.0001749 
0.8 -0.5 0.975035 0.0001329 0.0624993 0.0001039 
0.9 -0.5 0.973726 0.0001176 0.0629965 9.51e-05 
1 -0.5 0.972506 7.092e-05 0.0638142 0.000101 
1.2 -0.5 0.970708 6.852e-05 0.0652495 0.0001115 
1.4 -0.5 0.968958 5.4e-05 0.0687731 6.185e-05 
1.6 -0.5 0.967695 4.226e-05 0.0727509 6.098e-05 
1.8 -0.5 0.966596 2.303e-05 0.0774774 3.883e-05 
2 -0.5 0.965932 2.158e-05 0.0822325 5.732e-05 
2.2 -0.5 0.965452 1.928e-05 0.0873261 5.501e-05 
2.4 -0.5 0.965142 1.537e-05 0.0925201 3.839e-05 
2.6 -0.5 0.965066 1.393e-05 0.0975525 3.479e-05 
2.8 -0.5 0.965122 1.578e-05 0.102571 4.713e-05 
3 -0.5 0.965268 8.07e-06 0.107488 2.52e-05 
3.2 -0.5 0.965539 1.382e-05 0.112196 3.478e-05 
3.4 -0.5 0.965892 2.378e-05 0.116673 7.82e-05 
3.6 -0.5 0.966273 1.014e-05 0.121076 3.403e-05 
3.8 -0.5 0.966694 9.497e-06 0.125309 3.536e-05 
4 -0.5 0.967174 2.466e-06 0.129269 7.69e-06 
4.2 -0.5 0.9676 0 0.133341 0 
4.4 -0.5 0.968176 0 0.13672 0 
4.6 -0.5 0.968644 0 0.140396 0 
4.8 -0.5 0.969168 0 0.143692 0 
5 -0.5 0.969708 0 0.146769 0 
5.2 -0.5 0.970244 0 0.149715 0 
5.4 -0.5 0.970784 0 0.152457 0 
5.6 -0.5 0.97131 0 0.15511 0 
5.8 -0.5 0.971826 0 0.157643 0 
6 -0.5 0.972342 0 0.160003 0 
6.2 -0.5 0.972824 0 0.162381 0 
6.4 -0.5 0.973306 0 0.164599 0 
6.6 -0.5 0.973766 0 0.166791 0 
6.8 -0.5 0.974244 0 0.168703 0 
7 -0.5 0.974682 0 0.170707 0 
7.2 -0.5 0.975124 0 0.172514 0 
7.4 -0.5 0.975558 0 0.174238 0 
7.6 -0.5 0.975962 0 0.176014 0 
7.8 -0.5 0.976372 0 0.177595 0 
8 -0.5 0.976752 0 0.179253 0 
8.2 -0.5 0.977146 0 0.18067 0 
8.4 -0.5 0.977512 0 0.182157 0 
8.6 -0.5 0.97788 0 0.18349 0 
8.8 -0.5 0.978238 0 0.184765 0 
9 -0.5 0.978566 0 0.186176 0 
9.2 -0.5 0.978906 0 0.18736 0 
9.4 -0.5 0.979242 0 0.18844 0 
9.6 -0.5 0.979554 0 0.189624 0 
9.8 -0.5 0.979858 0 0.190756 0 
10 -0.5 0.98016 0 0.191792 0 
10.2 -0.5 0.980456 0 0.192763 0 
10.4 -0.5 0.980732 0 0.193837 0 
10.6 -0.5 0.980998 0 0.194894 0 
10.8 -0.5 0.98127 0 0.195791 0 
11 -0.5 0.981544 0 0.196575 0 
11.2 -0.5 0.981794 0 0.197505 0 
11.4 -0.5 0.982042 0 0.19835 0 
11.6 -0.5 0.982292 0 0.199093 0 
11.8 -0.5 0.982514 0 0.200047 0 
12 -0.5 0.982742 0 0.200841 0 
12.4 -0.5 0.983188 0 0.202301 0 
12.8 -0.5 0.98361 0 0.203715 0 
13.2 -0.5 0.984008 0 0.205096 0 
13.6 -0.5 0.984404 0 0.206201 0 
14 -0.5 0.984772 0 0.20738 0 
14.4 -0.5 0.985126 0 0.208457 0 
14.8 -0.5 0.985458 0 0.209578 0 
15.2 -0.5 0.985786 0 0.210492 0 
15.6 -0.5 0.986098 0 0.211388 0 
16 -0.5 0.986384 0 0.212436 0 
16.8 -0.5 0.98694 0 0.214139 0 
17.6 -0.5 0.987454 0 0.215689 0 
18.4 -0.5 0.987934 0 0.217043 0 
19.2 -0.5 0.988374 0 0.218402 0 
20 -0.5 0.988786 0 0.219594 0 
20.8 -0.5 0.989164 0 0.220801 0 
21.6 -0.5 0.989524 0 0.22182 0 
22.4 -0.5 0.989858 0 0.222837 0 
23.2 -0.5 0.990176 0 0.223683 0 
24 -0.5 0.990472 0 0.224566 0 
24.8 -0.5 0.990752 0 0.225338 0 
25.6 -0.5 0.991014 0 0.226135 0 
26.4 -0.5 0.991264 0 0.226818 0 
27.2 -0.5 0.991498 0 0.227517 0 
28 -0.5 0.991724 0 0.228051 0 
28.8 -0.5 0.991936 0 0.228676 0 
29.6 -0.5 0.992136 0 0.229286 0 
30.4 -0.5 0.99233 0 0.229744 0 
31.2 -0.5 0.992514 0 0.230205 0 
32 -0.5 0.992686 0 0.230768 0 
32.8 -0.5 0.992852 0 0.23123 0 
33.6 -0.5 0.99301 0 0.231682 0 
34.4 -0.5 0.993162 0 0.232113 0 
35.2 -0.5 0.993308 0 0.232507 0 
36 -0.5 0.993448 0 0.232875 0 
36.8 -0.5 0.993582 0 0.233242 0 
37.6 -0.5 0.993712 0 0.233567 0 
38.4 -0.5 0.993834 0 0.233917 0 
39.2 -0.5 0.993954 0 0.234237 0 
40 -0.5 0.994068 0 0.234529 0 
0.3 0 1 0 0.0700166 0.001029 
0.35 0 1 0 0.0713223 0.0008613 
0.4 0 1 0 0.0729841 0.0004768 
0.5 0 1 0 0.0729339 0.0005608 
0.6 0 1 0 0.0715699 0.0005425 
0.7 0 1 0 0.0720989 0.0002386 
0.8 0 1 0 0.0730406 8.432e-05 
0.9 0 1 0 0.0739574 0.0001701 
1 0 1 0 0.0754578 0.000187 
1.2 0 1 0 0.0781114 0.0001624 
1.4 0 1 0 0.0823846 9.373e-05 
1.6 0 1 0 0.0873971 9.956e-05 
1.8 0 1 0 0.0925806 4.733e-05 
2 0 1 0 0.0979838 0.0001029 
2.2 0 1 0 0.103319 6.028e-05 
2.4 0 1 0 0.108771 5.238e-05 
2.6 0 1 0 0.113937 6.515e-05 
2.8 0 1 0 0.118981 3.146e-05 
3 0 1 0 0.123912 6.432e-05 
3.2 0 1 0 0.128631 4.512e-05 
3.4 0 1 0 0.132939 4.196e-05 
3.6 0 1 0 0.137192 1.022e-05 
3.8 0 1 0 0.141335 5.33e-05 
4 0 1 0 0.145028 2.681e-05 
4.2 0 1 0 0.148917 0 
4.4 0 1 0 0.152131 0 
4.6 0 1 0 0.155464 0 
4.8 0 1 0 0.15851 0 
5 0 1 0 0.161414 0 
5.2 0 1 0 0.164063 0 
5.4 0 1 0 0.16667 0 
5.6 0 1 0 0.169047 0 
5.8 0 1 0 0.171393 0 
6 0 1 0 0.173535 0 
6.2 0 1 0 0.175686 0 
6.4 0 1 0 0.177697 0 
6.6 0 1 0 0.179618 0 
6.8 0 1 0 0.181324 0 
7 0 1 0 0.183073 0 
7.2 0 1 0 0.184678 0 
7.4 0 1 0 0.186161 0 
7.6 0 1 0 0.187771 0 
7.8 0 1 0 0.189201 0 
8 0 1 0 0.19069 0 
8.2 0 1 0 0.191893 0 
8.4 0 1 0 0.19321 0 
8.6 0 1 0 0.194333 0 
8.8 0 1 0 0.19546 0 
9 0 1 0 0.196748 0 
9.2 0 1 0 0.197759 0 
9.4 0 1 0 0.198731 0 
9.6 0 1 0 0.199771 0 
9.8 0 1 0 0.200683 0 
10 0 1 0 0.201621 0 
10.2 0 1 0 0.202415 0 
10.4 0 1 0 0.203347 0 
10.6 0 1 0 0.204266 0 
10.8 0 1 0 0.205056 0 
11 0 1 0 0.205707 0 
11.2 0 1 0 0.206489 0 
11.4 0 1 0 0.20719 0 
11.6 0 1 0 0.207864 0 
11.8 0 1 0 0.208691 0 
12 0 1 0 0.209376 0 
12.4 0 1 0 0.21061 0 
12.8 0 1 0 0.211821 0 
13.2 0 1 0 0.212965 0 
13.6 0 1 0 0.213933 0 
14 0 1 0 0.214973 0 
14.4 0 1 0 0.215842 0 
14.8 0 1 0 0.216766 0 
15.2 0 1 0 0.217503 0 
15.6 0 1 0 0.21825 0 
16 0 1 0 0.21921 0 
16.8 0 1 0 0.220579 0 
17.6 0 1 0 0.221947 0 
18.4 0 1 0 0.223028 0 
19.2 0 1 0 0.22417 0 
20 0 1 0 0.22516 0 
20.8 0 1 0 0.226158 0 
21.6 0 1 0 0.22705 0 
22.4 0 1 0 0.227862 0 
23.2 0 1 0 0.228561 0 
24 0 1 0 0.229283 0 
24.8 0 1 0 0.229937 0 
25.6 0 1 0 0.230585 0 
26.4 0 1 0 0.231135 0 
27.2 0 1 0 0.231695 0 
28 0 1 0 0.23215 0 
28.8 0 1 0 0.232682 0 
29.6 0 1 0 0.233163 0 
30.4 0 1 0 0.233559 0 
31.2 0 1 0 0.233929 0 
32 0 1 0 0.234408 0 
32.8 0 1 0 0.234802 0 
33.6 0 1 0 0.235154 0 
34.4 0 1 0 0.235508 0 
35.2 0 1 0 0.23582 0 
36 0 1 0 0.236124 0 
36.8 0 1 0 0.23642 0 
37.6 0 1 0 0.236701 0 
38.4 0 1 0 0.23699 0 
39.2 0 1 0 0.237251 0 
40 0 1 0 0.2375 0 
