3.2 -24 0.00694052 0 1.35749e-06 0 
3.4 -24 0.00955178 0 2.66832e-06 0 
3.6 -24 0.01260148 0 4.85677e-06 0 
3.8 -24 0.01615072 0 8.42187e-06 0 
4 -24 0.0202298 0 1.39724e-05 0 
4.2 -24 0.024895 0 2.22692e-05 0 
4.4 -24 0.0298348 0 3.39538e-05 0 
4.6 -24 0.0352914 0 5.03171e-05 0 
4.8 -24 0.0413262 0 7.26687e-05 0 
5 -24 0.0476834 0 0.000101877 0 
5.2 -24 0.0545116 0 0.000139799 0 
5.4 -24 0.0613288 0 0.000187185 0 
5.6 -24 0.0687786 0 0.00024631 0 
5.8 -24 0.0762688 0 0.000318228 0 
6 -24 0.083918 0 0.000404542 0 
6.2 -24 0.0918476 0 0.000506695 0 
6.4 -24 0.0995334 0 0.000626254 0 
6.6 -24 0.1079248 0 0.000764334 0 
6.8 -24 0.116006 0 0.000922403 0 
7 -24 0.1242194 0 0.0011013 0 
7.2 -24 0.132831 0 0.00130225 0 
7.4 -24 0.1412446 0 0.00152582 0 
7.6 -24 0.1497212 0 0.00177299 0 
7.8 -24 0.1579848 0 0.00204438 0 
8 -24 0.1658704 0 0.00234096 0 
8.2 -24 0.1743312 0 0.0026616 0 
8.4 -24 0.182492 0 0.00300823 0 
8.6 -24 0.1905672 0 0.00337979 0 
8.8 -24 0.198529 0 0.00377733 0 
9 -24 0.206516 0 0.00419977 0 
9.2 -24 0.2144 0 0.00464733 0 
9.4 -24 0.222252 0 0.00511967 0 
9.6 -24 0.23038 0 0.00561414 0 
9.8 -24 0.238018 0 0.00613488 0 
10 -24 0.245546 0 0.00667913 0 
10.2 -24 0.252968 0 0.00724656 0 
10.4 -24 0.260364 0 0.00783545 0 
10.6 -24 0.26784 0 0.00844434 0 
10.8 -24 0.275186 0 0.00907425 0 
11 -24 0.282232 0 0.00972643 0 
11.2 -24 0.289316 0 0.0103963 0 
11.4 -24 0.29628 0 0.0110851 0 
11.6 -24 0.303048 0 0.0117931 0 
11.8 -24 0.309654 0 0.0125197 0 
12 -24 0.316308 0 0.0132603 0 
12.4 -24 0.329178 0 0.0147902 0 
12.8 -24 0.341688 0 0.0163766 0 
13.2 -24 0.354004 0 0.0180088 0 
13.6 -24 0.365836 0 0.0196881 0 
14 -24 0.377242 0 0.0214087 0 
14.4 -24 0.388358 0 0.0231614 0 
14.8 -24 0.399066 0 0.0249457 0 
15.2 -24 0.409368 0 0.0267579 0 
15.6 -24 0.419546 0 0.0285824 0 
16 -24 0.429392 0 0.0304237 0 
16.8 -24 0.448162 0 0.0341421 0 
17.6 -24 0.46603 0 0.0378699 0 
18.4 -24 0.482546 0 0.0416219 0 
19.2 -24 0.498424 0 0.0453328 0 
20 -24 0.513352 0 0.0490169 0 
20.8 -24 0.527436 0 0.0526594 0 
21.6 -24 0.540968 0 0.0562243 0 
22.4 -24 0.553564 0 0.0597557 0 
23.2 -24 0.565724 0 0.0631917 0 
24 -24 0.577256 0 0.0665569 0 
24.8 -24 0.58823 0 0.0698446 0 
25.6 -24 0.59866 0 0.0730577 0 
26.4 -24 0.608556 0 0.0762001 0 
27.2 -24 0.61801 0 0.0792614 0 
28 -24 0.62699 0 0.0822542 0 
28.8 -24 0.635664 0 0.0851484 0 
29.6 -24 0.643944 0 0.0879706 0 
30.4 -24 0.651878 0 0.0907131 0 
31.2 -24 0.659458 0 0.0933881 0 
32 -24 0.666666 0 0.0960074 0 
32.8 -24 0.673594 0 0.0985529 0 
33.6 -24 0.680348 0 0.100999 0 
34.4 -24 0.686856 0 0.103372 0 
35.2 -24 0.693006 0 0.105715 0 
36 -24 0.69888 0 0.108011 0 
36.8 -24 0.704626 0 0.110214 0 
37.6 -24 0.710208 0 0.11234 0 
38.4 -24 0.715574 0 0.114414 0 
39.2 -24 0.720652 0 0.116473 0 
40 -24 0.725704 0 0.118415 0 
2.8 -22 0.00660198 0 1.16333e-06 0 
3 -22 0.00940622 0 2.41676e-06 0 
3.2 -22 0.01293638 0 4.70284e-06 0 
3.4 -22 0.0169558 0 8.46709e-06 0 
3.6 -22 0.0216722 0 1.4464e-05 0 
3.8 -22 0.0269258 0 2.36135e-05 0 
4 -22 0.0329424 0 3.70994e-05 0 
4.2 -22 0.039262 0 5.60566e-05 0 
4.4 -22 0.0463056 0 8.20554e-05 0 
4.6 -22 0.0536804 0 0.000116782 0 
4.8 -22 0.0615304 0 0.000161888 0 
5 -22 0.069545 0 0.000219441 0 
5.2 -22 0.077992 0 0.000290959 0 
5.4 -22 0.0865696 0 0.000378594 0 
5.6 -22 0.0953212 0 0.000484216 0 
5.8 -22 0.1043798 0 0.000609342 0 
6 -22 0.1135316 0 0.000756378 0 
6.2 -22 0.1226416 0 0.000925807 0 
6.4 -22 0.131859 0 0.00111986 0 
6.6 -22 0.1412152 0 0.00133972 0 
6.8 -22 0.1503868 0 0.00158613 0 
7 -22 0.159507 0 0.00186048 0 
7.2 -22 0.1686436 0 0.0021629 0 
7.4 -22 0.177606 0 0.00249448 0 
7.6 -22 0.1866428 0 0.00285584 0 
7.8 -22 0.195809 0 0.00324591 0 
8 -22 0.204866 0 0.0036653 0 
8.2 -22 0.213598 0 0.00411486 0 
8.4 -22 0.222014 0 0.00459512 0 
8.6 -22 0.230864 0 0.00510103 0 
8.8 -22 0.23938 0 0.00563694 0 
9 -22 0.247428 0 0.00620334 0 
9.2 -22 0.255592 0 0.00679509 0 
9.4 -22 0.26377 0 0.00741268 0 
9.6 -22 0.271878 0 0.00805542 0 
9.8 -22 0.279666 0 0.00872517 0 
10 -22 0.287662 0 0.00941527 0 
10.2 -22 0.295308 0 0.0101306 0 
10.4 -22 0.302872 0 0.0108676 0 
10.6 -22 0.310162 0 0.0116281 0 
10.8 -22 0.317328 0 0.0124095 0 
11 -22 0.324416 0 0.013209 0 
11.2 -22 0.331448 0 0.0140263 0 
11.4 -22 0.338326 0 0.0148614 0 
11.6 -22 0.34505 0 0.015714 0 
11.8 -22 0.351926 0 0.0165757 0 
12 -22 0.358486 0 0.0174567 0 
12.4 -22 0.371284 0 0.0192583 0 
12.8 -22 0.383472 0 0.0211128 0 
13.2 -22 0.395414 0 0.023003 0 
13.6 -22 0.406984 0 0.024926 0 
14 -22 0.418006 0 0.0268847 0 
14.4 -22 0.428738 0 0.0288637 0 
14.8 -22 0.439312 0 0.0308501 0 
15.2 -22 0.449268 0 0.0328649 0 
15.6 -22 0.459154 0 0.0348739 0 
16 -22 0.468642 0 0.0368922 0 
16.8 -22 0.486736 0 0.0409294 0 
17.6 -22 0.503666 0 0.0449536 0 
18.4 -22 0.51957 0 0.0489427 0 
19.2 -22 0.53455 0 0.0528781 0 
20 -22 0.548806 0 0.0567339 0 
20.8 -22 0.562204 0 0.0605215 0 
21.6 -22 0.574754 0 0.0642472 0 
22.4 -22 0.586788 0 0.0678622 0 
23.2 -22 0.598258 0 0.071377 0 
24 -22 0.609052 0 0.0748166 0 
24.8 -22 0.619266 0 0.0781722 0 
25.6 -22 0.629134 0 0.0814022 0 
26.4 -22 0.63845 0 0.0845575 0 
27.2 -22 0.647268 0 0.0876378 0 
28 -22 0.655764 0 0.0906068 0 
28.8 -22 0.663782 0 0.0935148 0 
29.6 -22 0.671526 0 0.0963159 0 
30.4 -22 0.678946 0 0.0990296 0 
31.2 -22 0.686018 0 0.101672 0 
32 -22 0.692734 0 0.104258 0 
32.8 -22 0.699262 0 0.106738 0 
33.6 -22 0.705392 0 0.109195 0 
34.4 -22 0.711496 0 0.111499 0 
35.2 -22 0.717312 0 0.113754 0 
36 -22 0.722752 0 0.116006 0 
36.8 -22 0.728088 0 0.118154 0 
37.6 -22 0.733182 0 0.120259 0 
38.4 -22 0.738182 0 0.122265 0 
39.2 -22 0.742958 0 0.124234 0 
40 -22 0.747544 0 0.126161 0 
2.4 -20 0.00628908 0 1.07742e-06 0 
2.6 -20 0.0094918 0 2.3608e-06 0 
2.8 -20 0.013482 0 4.81834e-06 0 
3 -20 0.01823678 0 9.07367e-06 0 
3.2 -20 0.0238054 0 1.59787e-05 0 
3.4 -20 0.030035 0 2.66061e-05 0 
3.6 -20 0.0368854 0 4.25086e-05 0 
3.8 -20 0.0446966 0 6.53674e-05 0 
4 -20 0.0527916 0 9.68306e-05 0 
4.2 -20 0.061643 0 0.00013947 0 
4.4 -20 0.0708548 0 0.000195426 0 
4.6 -20 0.0802252 0 0.000266351 0 
4.8 -20 0.0902936 0 0.000355677 0 
5 -20 0.10029 0 0.000465364 0 
5.2 -20 0.110372 0 0.000597575 0 
5.4 -20 0.1206566 0 0.000754389 0 
5.6 -20 0.1309854 0 0.000938214 0 
5.8 -20 0.1412354 0 0.00115107 0 
6 -20 0.1515824 0 0.0013937 0 
6.2 -20 0.1618238 0 0.00166827 0 
6.4 -20 0.1722692 0 0.00197647 0 
6.6 -20 0.1822554 0 0.0023176 0 
6.8 -20 0.1923054 0 0.00269342 0 
7 -20 0.202198 0 0.0031041 0 
7.2 -20 0.212544 0 0.00354821 0 
7.4 -20 0.222272 0 0.00402813 0 
7.6 -20 0.231834 0 0.0045431 0 
7.8 -20 0.241288 0 0.00509201 0 
8 -20 0.250402 0 0.00567531 0 
8.2 -20 0.259104 0 0.00629414 0 
8.4 -20 0.26812 0 0.00694154 0 
8.6 -20 0.277164 0 0.00761881 0 
8.8 -20 0.285976 0 0.008327 0 
9 -20 0.294502 0 0.00906519 0 
9.2 -20 0.302816 0 0.00983185 0 
9.4 -20 0.310712 0 0.0106285 0 
9.6 -20 0.318942 0 0.0114444 0 
9.8 -20 0.326748 0 0.0122883 0 
10 -20 0.33435 0 0.0131569 0 
10.2 -20 0.341908 0 0.0140453 0 
10.4 -20 0.349364 0 0.0149539 0 
10.6 -20 0.356488 0 0.0158859 0 
10.8 -20 0.363828 0 0.0168282 0 
11 -20 0.370654 0 0.0177961 0 
11.2 -20 0.377698 0 0.0187708 0 
11.4 -20 0.384546 0 0.0197612 0 
11.6 -20 0.391232 0 0.020766 0 
11.8 -20 0.397606 0 0.0217893 0 
12 -20 0.403854 0 0.0228248 0 
12.4 -20 0.416292 0 0.0249153 0 
12.8 -20 0.428118 0 0.0270464 0 
13.2 -20 0.43989 0 0.0291859 0 
13.6 -20 0.450792 0 0.0313683 0 
14 -20 0.461456 0 0.0335572 0 
14.4 -20 0.472032 0 0.0357367 0 
14.8 -20 0.482044 0 0.0379315 0 
15.2 -20 0.491608 0 0.0401338 0 
15.6 -20 0.500928 0 0.042326 0 
16 -20 0.509682 0 0.0445331 0 
16.8 -20 0.52664 0 0.0488877 0 
17.6 -20 0.542858 0 0.0531435 0 
18.4 -20 0.558062 0 0.0573196 0 
19.2 -20 0.572128 0 0.0614345 0 
20 -20 0.585358 0 0.0654545 0 
20.8 -20 0.597944 0 0.0693532 0 
21.6 -20 0.609852 0 0.0731399 0 
22.4 -20 0.62096 0 0.0768458 0 
23.2 -20 0.63152 0 0.0804349 0 
24 -20 0.641582 0 0.0839041 0 
24.8 -20 0.651298 0 0.0872234 0 
25.6 -20 0.660374 0 0.0904752 0 
26.4 -20 0.668992 0 0.0936271 0 
27.2 -20 0.677198 0 0.0966786 0 
28 -20 0.685022 0 0.0996329 0 
28.8 -20 0.692496 0 0.102489 0 
29.6 -20 0.699592 0 0.105268 0 
30.4 -20 0.706432 0 0.107939 0 
31.2 -20 0.713052 0 0.110496 0 
32 -20 0.719262 0 0.11302 0 
32.8 -20 0.725314 0 0.115425 0 
33.6 -20 0.731018 0 0.117796 0 
34.4 -20 0.736482 0 0.120101 0 
35.2 -20 0.74183 0 0.12229 0 
36 -20 0.746992 0 0.124401 0 
36.8 -20 0.751832 0 0.126509 0 
37.6 -20 0.75652 0 0.128542 0 
38.4 -20 0.761096 0 0.130482 0 
39.2 -20 0.765494 0 0.132373 0 
40 -20 0.769716 0 0.134219 0 
2 -18 0.00596722 0 1.01732e-06 0 
2.2 -18 0.0096308 0 2.52577e-06 0 
2.4 -18 0.0142945 0 5.32455e-06 0 
2.6 -18 0.0201076 0 1.06054e-05 0 
2.8 -18 0.026937 0 1.92559e-05 0 
3 -18 0.0343452 0 3.26115e-05 0 
3.2 -18 0.0431756 0 5.30984e-05 0 
3.4 -18 0.0524652 0 8.21743e-05 0 
3.6 -18 0.0622746 0 0.000122312 0 
3.8 -18 0.0729684 0 0.000176785 0 
4 -18 0.084063 0 0.000249022 0 
4.2 -18 0.0953378 0 0.000340196 0 
4.4 -18 0.1069186 0 0.000455312 0 
4.6 -18 0.118537 0 0.000595598 0 
4.8 -18 0.1302164 0 0.000765989 0 
5 -18 0.1419704 0 0.000968006 0 
5.2 -18 0.1540918 0 0.00120452 0 
5.4 -18 0.1654658 0 0.00147575 0 
5.6 -18 0.1769668 0 0.00178659 0 
5.8 -18 0.1886924 0 0.00213644 0 
6 -18 0.1999694 0 0.00252721 0 
6.2 -18 0.211298 0 0.00295862 0 
6.4 -18 0.221842 0 0.00343202 0 
6.6 -18 0.232948 0 0.00394666 0 
6.8 -18 0.243786 0 0.00450249 0 
7 -18 0.254338 0 0.00510018 0 
7.2 -18 0.264522 0 0.00573785 0 
7.4 -18 0.274526 0 0.00641506 0 
7.6 -18 0.28413 0 0.0071316 0 
7.8 -18 0.293772 0 0.00788461 0 
8 -18 0.303082 0 0.00867396 0 
8.2 -18 0.312108 0 0.0094984 0 
8.4 -18 0.321008 0 0.0103563 0 
8.6 -18 0.330084 0 0.0112394 0 
8.8 -18 0.338532 0 0.0121588 0 
9 -18 0.34693 0 0.0131038 0 
9.2 -18 0.35499 0 0.0140777 0 
9.4 -18 0.363204 0 0.0150705 0 
9.6 -18 0.371116 0 0.0160886 0 
9.8 -18 0.378752 0 0.0171305 0 
10 -18 0.386346 0 0.0181896 0 
10.2 -18 0.393702 0 0.0192683 0 
10.4 -18 0.400842 0 0.0203659 0 
10.6 -18 0.40788 0 0.0214779 0 
10.8 -18 0.414644 0 0.0226084 0 
11 -18 0.421236 0 0.0237532 0 
11.2 -18 0.427978 0 0.0248981 0 
11.4 -18 0.43458 0 0.0260529 0 
11.6 -18 0.440782 0 0.0272279 0 
11.8 -18 0.447076 0 0.028401 0 
12 -18 0.452994 0 0.0295935 0 
12.4 -18 0.464958 0 0.0319685 0 
12.8 -18 0.47621 0 0.034373 0 
13.2 -18 0.486874 0 0.0367978 0 
13.6 -18 0.49752 0 0.0391976 0 
14 -18 0.507668 0 0.0416006 0 
14.4 -18 0.517442 0 0.0439957 0 
14.8 -18 0.52698 0 0.0463666 0 
15.2 -18 0.535988 0 0.0487396 0 
15.6 -18 0.5446 0 0.0511026 0 
16 -18 0.552828 0 0.053455 0 
16.8 -18 0.568812 0 0.0580449 0 
17.6 -18 0.5839 0 0.0625029 0 
18.4 -18 0.597728 0 0.0668871 0 
19.2 -18 0.61095 0 0.0711027 0 
20 -18 0.623352 0 0.0751908 0 
20.8 -18 0.634916 0 0.0791696 0 
21.6 -18 0.645838 0 0.0830132 0 
22.4 -18 0.656196 0 0.0867156 0 
23.2 -18 0.66592 0 0.09031 0 
24 -18 0.675078 0 0.0937923 0 
24.8 -18 0.683872 0 0.097123 0 
25.6 -18 0.692254 0 0.100324 0 
26.4 -18 0.70023 0 0.103407 0 
27.2 -18 0.70771 0 0.10642 0 
28 -18 0.714878 0 0.109311 0 
28.8 -18 0.721742 0 0.11209 0 
29.6 -18 0.728242 0 0.114794 0 
30.4 -18 0.734456 0 0.117403 0 
31.2 -18 0.740438 0 0.119906 0 
32 -18 0.746174 0 0.122318 0 
32.8 -18 0.751704 0 0.124631 0 
33.6 -18 0.756862 0 0.12694 0 
34.4 -18 0.761924 0 0.129115 0 
35.2 -18 0.76667 0 0.131283 0 
36 -18 0.771366 0 0.133305 0 
36.8 -18 0.775872 0 0.135266 0 
37.6 -18 0.780124 0 0.137218 0 
38.4 -18 0.78425 0 0.139092 0 
39.2 -18 0.788226 0 0.140907 0 
40 -18 0.792088 0 0.142649 0 
1.6 -16 0.00582238 0 1.03102e-06 0 
1.8 -16 0.01035182 0 3.0398e-06 0 
2 -16 0.01606016 0 7.06296e-06 0 
2.2 -16 0.0230978 0 1.43087e-05 0 
2.4 -16 0.031799 0 2.65204e-05 0 
2.6 -16 0.041669 0 4.57568e-05 0 
2.8 -16 0.052448 0 7.39663e-05 0 
3 -16 0.0640968 0 0.000114402 0 
3.2 -16 0.0766058 0 0.000170107 0 
3.4 -16 0.0898092 0 0.000244604 0 
3.6 -16 0.1031266 0 0.000340756 0 
3.8 -16 0.11652 0 0.000464431 0 
4 -16 0.1302208 0 0.00061744 0 
4.2 -16 0.143778 0 0.00080474 0 
4.4 -16 0.157369 0 0.00102907 0 
4.6 -16 0.1713564 0 0.0012962 0 
4.8 -16 0.1846664 0 0.00160705 0 
5 -16 0.1980734 0 0.00196292 0 
5.2 -16 0.211202 0 0.00236756 0 
5.4 -16 0.223802 0 0.00282135 0 
5.6 -16 0.236092 0 0.00332619 0 
5.8 -16 0.24802 0 0.0038803 0 
6 -16 0.25959 0 0.00448566 0 
6.2 -16 0.271284 0 0.00514043 0 
6.4 -16 0.28285 0 0.00584253 0 
6.6 -16 0.29375 0 0.00659527 0 
6.8 -16 0.304584 0 0.00739217 0 
7 -16 0.31462 0 0.00823911 0 
7.2 -16 0.324494 0 0.00912919 0 
7.4 -16 0.33427 0 0.010058 0 
7.6 -16 0.344178 0 0.011023 0 
7.8 -16 0.353312 0 0.0120311 0 
8 -16 0.362372 0 0.013072 0 
8.2 -16 0.371104 0 0.0141469 0 
8.4 -16 0.380026 0 0.0152449 0 
8.6 -16 0.388458 0 0.0163764 0 
8.8 -16 0.39648 0 0.0175385 0 
9 -16 0.404774 0 0.0187122 0 
9.2 -16 0.412644 0 0.0199141 0 
9.4 -16 0.420358 0 0.0211345 0 
9.6 -16 0.428038 0 0.0223671 0 
9.8 -16 0.435268 0 0.0236252 0 
10 -16 0.44227 0 0.0249007 0 
10.2 -16 0.449322 0 0.0261794 0 
10.4 -16 0.456008 0 0.0274786 0 
10.6 -16 0.462482 0 0.0287907 0 
10.8 -16 0.469218 0 0.0300892 0 
11 -16 0.47551 0 0.0314095 0 
11.2 -16 0.481542 0 0.0327433 0 
11.4 -16 0.487702 0 0.0340653 0 
11.6 -16 0.493568 0 0.0354004 0 
11.8 -16 0.499364 0 0.0367339 0 
12 -16 0.505078 0 0.0380657 0 
12.4 -16 0.516262 0 0.0407171 0 
12.8 -16 0.526702 0 0.0433845 0 
13.2 -16 0.536934 0 0.0460198 0 
13.6 -16 0.54667 0 0.0486449 0 
14 -16 0.5562 0 0.0512278 0 
14.4 -16 0.565122 0 0.0538116 0 
14.8 -16 0.573708 0 0.0563666 0 
15.2 -16 0.582164 0 0.0588643 0 
15.6 -16 0.590156 0 0.061349 0 
16 -16 0.597822 0 0.0638048 0 
16.8 -16 0.612404 0 0.0685978 0 
17.6 -16 0.626156 0 0.0732068 0 
18.4 -16 0.638968 0 0.0776628 0 
19.2 -16 0.650872 0 0.0819803 0 
20 -16 0.662188 0 0.0861032 0 
20.8 -16 0.672774 0 0.0900809 0 
21.6 -16 0.682714 0 0.0939139 0 
22.4 -16 0.692114 0 0.0975897 0 
23.2 -16 0.700956 0 0.101136 0 
24 -16 0.709344 0 0.104535 0 
24.8 -16 0.717192 0 0.107839 0 
25.6 -16 0.724746 0 0.110975 0 
26.4 -16 0.73197 0 0.113968 0 
27.2 -16 0.73881 0 0.116856 0 
28 -16 0.74524 0 0.119672 0 
28.8 -16 0.751428 0 0.122353 0 
29.6 -16 0.757236 0 0.124983 0 
30.4 -16 0.76289 0 0.127461 0 
31.2 -16 0.768268 0 0.129862 0 
32 -16 0.773412 0 0.132177 0 
32.8 -16 0.778422 0 0.134359 0 
33.6 -16 0.783104 0 0.136536 0 
34.4 -16 0.787594 0 0.138639 0 
35.2 -16 0.791828 0 0.140722 0 
36 -16 0.796038 0 0.14264 0 
36.8 -16 0.800136 0 0.144457 0 
37.6 -16 0.803958 0 0.1463 0 
38.4 -16 0.80767 0 0.148059 0 
39.2 -16 0.811204 0 0.149797 0 
40 -16 0.814664 0 0.151436 0 
1.2 -14 0.0065931 0 1.58424e-06 0 
1.4 -14 0.0118305 0 4.75765e-06 0 
1.6 -14 0.0197227 0 1.19652e-05 0 
1.8 -14 0.0296382 0 2.47522e-05 0 
2 -14 0.0411078 0 4.61918e-05 0 
2.2 -14 0.0540564 0 7.77909e-05 0 
2.4 -14 0.0684864 0 0.000123705 0 
2.6 -14 0.0834006 0 0.000185671 0 
2.8 -14 0.0995022 0 0.00026905 0 
3 -14 0.115119 0 0.000376047 0 
3.2 -14 0.1316362 0 0.000514706 0 
3.4 -14 0.147992 0 0.000688645 0 
3.6 -14 0.1643424 0 0.000901377 0 
3.8 -14 0.1804968 0 0.00116074 0 
4 -14 0.196055 0 0.00146752 0 
4.2 -14 0.21165 0 0.00183008 0 
4.4 -14 0.226336 0 0.00224501 0 
4.6 -14 0.240824 0 0.00272188 0 
4.8 -14 0.255376 0 0.00326039 0 
5 -14 0.26825 0 0.00385816 0 
5.2 -14 0.28189 0 0.00451998 0 
5.4 -14 0.294596 0 0.00524342 0 
5.6 -14 0.306832 0 0.00602918 0 
5.8 -14 0.319174 0 0.00686997 0 
6 -14 0.330914 0 0.00776983 0 
6.2 -14 0.342244 0 0.00872574 0 
6.4 -14 0.35309 0 0.00973527 0 
6.6 -14 0.363606 0 0.0107958 0 
6.8 -14 0.373842 0 0.0119012 0 
7 -14 0.383816 0 0.0130512 0 
7.2 -14 0.39329 0 0.0142455 0 
7.4 -14 0.402828 0 0.0154717 0 
7.6 -14 0.411804 0 0.0167384 0 
7.8 -14 0.420688 0 0.0180337 0 
8 -14 0.429032 0 0.0193659 0 
8.2 -14 0.437502 0 0.0207137 0 
8.4 -14 0.445596 0 0.0220887 0 
8.6 -14 0.453468 0 0.0234856 0 
8.8 -14 0.461148 0 0.0248996 0 
9 -14 0.468656 0 0.0263285 0 
9.2 -14 0.475874 0 0.0277757 0 
9.4 -14 0.482878 0 0.0292359 0 
9.6 -14 0.489864 0 0.0306974 0 
9.8 -14 0.496716 0 0.0321627 0 
10 -14 0.503054 0 0.0336565 0 
10.2 -14 0.509496 0 0.0351376 0 
10.4 -14 0.515768 0 0.036623 0 
10.6 -14 0.521814 0 0.0381148 0 
10.8 -14 0.527882 0 0.0395934 0 
11 -14 0.533584 0 0.0410891 0 
11.2 -14 0.539292 0 0.0425708 0 
11.4 -14 0.54475 0 0.0440599 0 
11.6 -14 0.549972 0 0.0455567 0 
11.8 -14 0.555336 0 0.0470226 0 
12 -14 0.560496 0 0.0484914 0 
12.4 -14 0.570504 0 0.0514046 0 
12.8 -14 0.580264 0 0.0542627 0 
13.2 -14 0.589304 0 0.0571242 0 
13.6 -14 0.598222 0 0.059911 0 
14 -14 0.606764 0 0.0626558 0 
14.4 -14 0.614796 0 0.0653821 0 
14.8 -14 0.622616 0 0.0680461 0 
15.2 -14 0.63011 0 0.0706663 0 
15.6 -14 0.63751 0 0.0732005 0 
16 -14 0.644426 0 0.0757266 0 
16.8 -14 0.657432 0 0.0806528 0 
17.6 -14 0.669892 0 0.0852941 0 
18.4 -14 0.681324 0 0.0897897 0 
19.2 -14 0.692066 0 0.0940791 0 
20 -14 0.702138 0 0.0981827 0 
20.8 -14 0.711542 0 0.102125 0 
21.6 -14 0.720456 0 0.105872 0 
22.4 -14 0.728836 0 0.109465 0 
23.2 -14 0.736736 0 0.112904 0 
24 -14 0.744166 0 0.116213 0 
24.8 -14 0.751196 0 0.119384 0 
25.6 -14 0.757866 0 0.12242 0 
26.4 -14 0.764236 0 0.125309 0 
27.2 -14 0.770324 0 0.128059 0 
28 -14 0.776034 0 0.130742 0 
28.8 -14 0.781522 0 0.13329 0 
29.6 -14 0.786712 0 0.135763 0 
30.4 -14 0.79169 0 0.138124 0 
31.2 -14 0.796426 0 0.140409 0 
32 -14 0.800972 0 0.142593 0 
32.8 -14 0.805372 0 0.144661 0 
33.6 -14 0.809594 0 0.146647 0 
34.4 -14 0.813572 0 0.148611 0 
35.2 -14 0.81736 0 0.150532 0 
36 -14 0.82102 0 0.152368 0 
36.8 -14 0.82458 0 0.154106 0 
37.6 -14 0.828022 0 0.155765 0 
38.4 -14 0.831234 0 0.157461 0 
39.2 -14 0.834388 0 0.159045 0 
40 -14 0.837422 0 0.160585 0 
0.7 -12 0.00665328 0 2.09037e-06 0 
0.8 -12 0.0100877 0 4.74933e-06 0 
0.9 -12 0.01366734 0 8.25809e-06 0 
1 -12 0.0188193 0 1.42705e-05 0 
1.2 -12 0.030471 0 3.33141e-05 0 
1.4 -12 0.0447296 0 6.43408e-05 0 
1.6 -12 0.060604 0 0.000109487 0 
1.8 -12 0.0790068 0 0.000175374 0 
2 -12 0.0976818 0 0.0002587 0 
2.2 -12 0.1176084 0 0.000368658 0 
2.4 -12 0.1376646 0 0.000505762 0 
2.6 -12 0.1576944 0 0.000674897 0 
2.8 -12 0.1774896 0 0.000884985 0 
3 -12 0.1966336 0 0.00113549 0 
3.2 -12 0.21541 0 0.00144403 0 
3.4 -12 0.233746 0 0.00180812 0 
3.6 -12 0.250854 0 0.00223545 0 
3.8 -12 0.267532 0 0.0027356 0 
4 -12 0.283776 0 0.00330711 0 
4.2 -12 0.29916 0 0.00395495 0 
4.4 -12 0.313926 0 0.0046798 0 
4.6 -12 0.328076 0 0.00548128 0 
4.8 -12 0.342072 0 0.00636031 0 
5 -12 0.354696 0 0.00731367 0 
5.2 -12 0.36714 0 0.00834237 0 
5.4 -12 0.379264 0 0.0094379 0 
5.6 -12 0.391354 0 0.010594 0 
5.8 -12 0.402164 0 0.0118189 0 
6 -12 0.413154 0 0.0130953 0 
6.2 -12 0.423348 0 0.0144323 0 
6.4 -12 0.433474 0 0.015811 0 
6.6 -12 0.442722 0 0.0172471 0 
6.8 -12 0.452104 0 0.0187145 0 
7 -12 0.461054 0 0.0202202 0 
7.2 -12 0.469848 0 0.0217565 0 
7.4 -12 0.478204 0 0.0233258 0 
7.6 -12 0.486326 0 0.0249183 0 
7.8 -12 0.494276 0 0.0265302 0 
8 -12 0.501968 0 0.0281617 0 
8.2 -12 0.50952 0 0.0298026 0 
8.4 -12 0.516516 0 0.0314766 0 
8.6 -12 0.523648 0 0.033139 0 
8.8 -12 0.530566 0 0.0348091 0 
9 -12 0.537138 0 0.0364949 0 
9.2 -12 0.543474 0 0.0381886 0 
9.4 -12 0.54978 0 0.0398719 0 
9.6 -12 0.555792 0 0.0415664 0 
9.8 -12 0.56175 0 0.0432484 0 
10 -12 0.567596 0 0.0449209 0 
10.2 -12 0.573382 0 0.0465801 0 
10.4 -12 0.578684 0 0.0482678 0 
10.6 -12 0.58422 0 0.0499064 0 
10.8 -12 0.589684 0 0.0515274 0 
11 -12 0.594752 0 0.0531702 0 
11.2 -12 0.599896 0 0.0547775 0 
11.4 -12 0.604622 0 0.0564124 0 
11.6 -12 0.609326 0 0.0580241 0 
11.8 -12 0.614122 0 0.0595931 0 
12 -12 0.618604 0 0.0611799 0 
12.4 -12 0.627294 0 0.0643077 0 
12.8 -12 0.635794 0 0.0673459 0 
13.2 -12 0.643756 0 0.0703562 0 
13.6 -12 0.651496 0 0.0732836 0 
14 -12 0.659034 0 0.0761225 0 
14.4 -12 0.666368 0 0.078873 0 
14.8 -12 0.673244 0 0.0815974 0 
15.2 -12 0.679766 0 0.0842813 0 
15.6 -12 0.686202 0 0.0868585 0 
16 -12 0.692348 0 0.0893862 0 
16.8 -12 0.703816 0 0.0943063 0 
17.6 -12 0.714752 0 0.0988987 0 
18.4 -12 0.724818 0 0.103308 0 
19.2 -12 0.73415 0 0.10753 0 
20 -12 0.742966 0 0.111513 0 
20.8 -12 0.751206 0 0.115316 0 
21.6 -12 0.75895 0 0.118935 0 
22.4 -12 0.76624 0 0.122384 0 
23.2 -12 0.773102 0 0.125676 0 
24 -12 0.779628 0 0.12879 0 
24.8 -12 0.785688 0 0.131828 0 
25.6 -12 0.791536 0 0.134664 0 
26.4 -12 0.797028 0 0.137408 0 
27.2 -12 0.802248 0 0.140032 0 
28 -12 0.807284 0 0.142489 0 
28.8 -12 0.812016 0 0.144887 0 
29.6 -12 0.81657 0 0.147149 0 
30.4 -12 0.820804 0 0.149407 0 
31.2 -12 0.824962 0 0.151482 0 
32 -12 0.828882 0 0.153518 0 
32.8 -12 0.83266 0 0.155452 0 
33.6 -12 0.8363 0 0.157289 0 
34.4 -12 0.839748 0 0.159095 0 
35.2 -12 0.843014 0 0.160877 0 
36 -12 0.846164 0 0.162582 0 
36.8 -12 0.849254 0 0.164156 0 
37.6 -12 0.852224 0 0.165677 0 
38.4 -12 0.855034 0 0.167196 0 
39.2 -12 0.857726 0 0.168681 0 
40 -12 0.860338 0 0.170095 0 
0.4 -11 0.00937704 0 5.00437e-06 0 
0.5 -11 0.01344204 0 9.63004e-06 0 
0.6 -11 0.01753584 0 1.55182e-05 0 
0.7 -11 0.0225848 0 2.45494e-05 0 
0.8 -11 0.0289004 0 3.6895e-05 0 
0.9 -11 0.0359046 0 5.47583e-05 0 
1 -11 0.0434964 0 7.38037e-05 0 
1.2 -11 0.0602506 0 0.000126807 0 
1.4 -11 0.0800508 0 0.000202582 0 
1.6 -11 0.1005674 0 0.000298757 0 
1.8 -11 0.1223746 0 0.000421467 0 
2 -11 0.1445618 0 0.000566292 0 
2.2 -11 0.1665312 0 0.000743403 0 
2.4 -11 0.1888758 0 0.000961299 0 
2.6 -11 0.209732 0 0.00121874 0 
2.8 -11 0.2302 0 0.00152695 0 
3 -11 0.250392 0 0.00189377 0 
3.2 -11 0.269128 0 0.00233017 0 
3.4 -11 0.287228 0 0.00284022 0 
3.6 -11 0.304228 0 0.00342605 0 
3.8 -11 0.320348 0 0.0040967 0 
4 -11 0.336068 0 0.00485362 0 
4.2 -11 0.350308 0 0.00569657 0 
4.4 -11 0.36457 0 0.00662914 0 
4.6 -11 0.377968 0 0.00764234 0 
4.8 -11 0.391028 0 0.00874015 0 
5 -11 0.403352 0 0.00991504 0 
5.2 -11 0.414558 0 0.0111696 0 
5.4 -11 0.426458 0 0.0124834 0 
5.6 -11 0.437328 0 0.0138691 0 
5.8 -11 0.44747 0 0.0153149 0 
6 -11 0.456984 0 0.0168257 0 
6.2 -11 0.466822 0 0.0183703 0 
6.4 -11 0.476148 0 0.0199592 0 
6.6 -11 0.485234 0 0.0215861 0 
6.8 -11 0.493786 0 0.0232544 0 
7 -11 0.502068 0 0.0249532 0 
7.2 -11 0.510234 0 0.0266718 0 
7.4 -11 0.518058 0 0.0284142 0 
7.6 -11 0.52543 0 0.0301863 0 
7.8 -11 0.532666 0 0.0319688 0 
8 -11 0.539928 0 0.0337478 0 
8.2 -11 0.546684 0 0.0355542 0 
8.4 -11 0.553714 0 0.037328 0 
8.6 -11 0.560168 0 0.0391339 0 
8.8 -11 0.56627 0 0.0409578 0 
9 -11 0.572426 0 0.0427598 0 
9.2 -11 0.578638 0 0.0445345 0 
9.4 -11 0.584652 0 0.0463046 0 
9.6 -11 0.590276 0 0.0480929 0 
9.8 -11 0.595776 0 0.0498691 0 
10 -11 0.600996 0 0.0516546 0 
10.2 -11 0.606604 0 0.0533601 0 
10.4 -11 0.61153 0 0.0551259 0 
10.6 -11 0.616548 0 0.0568483 0 
10.8 -11 0.621426 0 0.0585596 0 
11 -11 0.62607 0 0.0602745 0 
11.2 -11 0.630814 0 0.0619402 0 
11.4 -11 0.635384 0 0.0635988 0 
11.6 -11 0.63992 0 0.0652281 0 
11.8 -11 0.644154 0 0.0668772 0 
12 -11 0.648688 0 0.0684335 0 
12.4 -11 0.656644 0 0.0716499 0 
12.8 -11 0.664406 0 0.0747663 0 
13.2 -11 0.672026 0 0.0777665 0 
13.6 -11 0.679124 0 0.0807411 0 
14 -11 0.685862 0 0.0836635 0 
14.4 -11 0.692576 0 0.0864468 0 
14.8 -11 0.699038 0 0.089152 0 
15.2 -11 0.70525 0 0.091785 0 
15.6 -11 0.711148 0 0.0943713 0 
16 -11 0.716914 0 0.0968581 0 
16.8 -11 0.727584 0 0.101716 0 
17.6 -11 0.737618 0 0.106277 0 
18.4 -11 0.746854 0 0.110645 0 
19.2 -11 0.755536 0 0.114763 0 
20 -11 0.763688 0 0.118657 0 
20.8 -11 0.771332 0 0.12235 0 
21.6 -11 0.778452 0 0.125889 0 
22.4 -11 0.785198 0 0.129228 0 
23.2 -11 0.791554 0 0.132404 0 
24 -11 0.797528 0 0.135445 0 
24.8 -11 0.803164 0 0.138351 0 
25.6 -11 0.808512 0 0.141115 0 
26.4 -11 0.813558 0 0.143773 0 
27.2 -11 0.818396 0 0.146275 0 
28 -11 0.82303 0 0.148637 0 
28.8 -11 0.827404 0 0.150925 0 
29.6 -11 0.83154 0 0.153142 0 
30.4 -11 0.835502 0 0.155251 0 
31.2 -11 0.839328 0 0.157232 0 
32 -11 0.842908 0 0.159209 0 
32.8 -11 0.846392 0 0.161047 0 
33.6 -11 0.849712 0 0.162829 0 
34.4 -11 0.852894 0 0.16454 0 
35.2 -11 0.85592 0 0.166219 0 
36 -11 0.8588 0 0.167863 0 
36.8 -11 0.86167 0 0.169326 0 
37.6 -11 0.864374 0 0.170802 0 
38.4 -11 0.866966 0 0.172239 0 
39.2 -11 0.869448 0 0.173644 0 
40 -11 0.871848 0 0.174987 0 
0.4 -10 0.0419994 0 9.55452e-05 0 
0.5 -10 0.0473998 0 0.000117628 0 
0.6 -10 0.0529908 0 0.000138947 0 
0.7 -10 0.0608866 0 0.000169749 0 
0.8 -10 0.069272 0 0.000207005 0 
0.9 -10 0.078383 0 0.000245656 0 
1 -10 0.0884594 0 0.000297739 0 
1.2 -10 0.1101824 0 0.000411757 0 
1.4 -10 0.1330736 0 0.000553605 0 
1.6 -10 0.1575048 0 0.000720678 0 
1.8 -10 0.1812248 0 0.000917582 0 
2 -10 0.205592 0 0.00115209 0 
2.2 -10 0.229374 0 0.00142613 0 
2.4 -10 0.251314 0 0.00173732 0 
2.6 -10 0.272848 0 0.00211061 0 
2.8 -10 0.293174 0 0.00255024 0 
3 -10 0.312434 0 0.0030645 0 
3.2 -10 0.330336 0 0.0036667 0 
3.4 -10 0.347688 0 0.00435627 0 
3.6 -10 0.363296 0 0.00513967 0 
3.8 -10 0.378334 0 0.00602641 0 
4 -10 0.392546 0 0.00700696 0 
4.2 -10 0.406098 0 0.00808882 0 
4.4 -10 0.41915 0 0.00926314 0 
4.6 -10 0.43196 0 0.0105207 0 
4.8 -10 0.44314 0 0.0118761 0 
5 -10 0.454424 0 0.013303 0 
5.2 -10 0.464948 0 0.0148064 0 
5.4 -10 0.475418 0 0.0163717 0 
5.6 -10 0.485276 0 0.0180012 0 
5.8 -10 0.49467 0 0.0196878 0 
6 -10 0.503528 0 0.021427 0 
6.2 -10 0.512292 0 0.0232044 0 
6.4 -10 0.520852 0 0.0250088 0 
6.6 -10 0.5289 0 0.0268551 0 
6.8 -10 0.536882 0 0.0287188 0 
7 -10 0.544266 0 0.030623 0 
7.2 -10 0.551732 0 0.0325243 0 
7.4 -10 0.559118 0 0.0344257 0 
7.6 -10 0.565988 0 0.0363567 0 
7.8 -10 0.572772 0 0.0382817 0 
8 -10 0.579282 0 0.0402185 0 
8.2 -10 0.585526 0 0.0421605 0 
8.4 -10 0.591658 0 0.0440931 0 
8.6 -10 0.597666 0 0.0460139 0 
8.8 -10 0.603502 0 0.0479285 0 
9 -10 0.60911 0 0.0498411 0 
9.2 -10 0.61457 0 0.0517437 0 
9.4 -10 0.619768 0 0.0536486 0 
9.6 -10 0.625004 0 0.0555153 0 
9.8 -10 0.630324 0 0.0573352 0 
10 -10 0.635286 0 0.0591704 0 
10.2 -10 0.640326 0 0.0609554 0 
10.4 -10 0.644842 0 0.0627895 0 
10.6 -10 0.649556 0 0.0645497 0 
10.8 -10 0.65404 0 0.066312 0 
11 -10 0.658506 0 0.0680368 0 
11.2 -10 0.662682 0 0.0697783 0 
11.4 -10 0.666902 0 0.0714694 0 
11.6 -10 0.670828 0 0.0731833 0 
11.8 -10 0.674956 0 0.0748114 0 
12 -10 0.678852 0 0.0764485 0 
12.4 -10 0.686418 0 0.0796519 0 
12.8 -10 0.693566 0 0.082794 0 
13.2 -10 0.70038 0 0.0858608 0 
13.6 -10 0.707048 0 0.0888031 0 
14 -10 0.713204 0 0.0917383 0 
14.4 -10 0.7194 0 0.0945001 0 
14.8 -10 0.725288 0 0.0972026 0 
15.2 -10 0.73092 0 0.0998365 0 
15.6 -10 0.736454 0 0.10235 0 
16 -10 0.741658 0 0.104835 0 
16.8 -10 0.751454 0 0.109616 0 
17.6 -10 0.76068 0 0.114074 0 
18.4 -10 0.769232 0 0.118302 0 
19.2 -10 0.777132 0 0.122342 0 
20 -10 0.784544 0 0.126153 0 
20.8 -10 0.791534 0 0.129738 0 
21.6 -10 0.798032 0 0.133176 0 
22.4 -10 0.804268 0 0.136356 0 
23.2 -10 0.810078 0 0.139417 0 
24 -10 0.815552 0 0.142334 0 
24.8 -10 0.820722 0 0.145111 0 
25.6 -10 0.825588 0 0.147779 0 
26.4 -10 0.830232 0 0.150296 0 
27.2 -10 0.83463 0 0.152706 0 
28 -10 0.838866 0 0.154954 0 
28.8 -10 0.842846 0 0.157147 0 
29.6 -10 0.846626 0 0.15926 0 
30.4 -10 0.85027 0 0.161239 0 
31.2 -10 0.853698 0 0.163188 0 
32 -10 0.857002 0 0.165028 0 
32.8 -10 0.860182 0 0.16677 0 
33.6 -10 0.86322 0 0.168447 0 
34.4 -10 0.866114 0 0.170081 0 
35.2 -10 0.868902 0 0.171636 0 
36 -10 0.871538 0 0.173182 0 
36.8 -10 0.87409 0 0.174649 0 
37.6 -10 0.876574 0 0.176018 0 
38.4 -10 0.878978 0 0.177315 0 
39.2 -10 0.881214 0 0.178682 0 
40 -10 0.8834 0 0.179957 0 
0.4 -9 0.1029834 0 0.000550327 0 
0.5 -9 0.1094386 0 0.000583832 0 
0.6 -9 0.1171226 0 0.000634662 0 
0.7 -9 0.125422 0 0.000685059 0 
0.8 -9 0.1366504 0 0.000761437 0 
0.9 -9 0.1467016 0 0.000829003 0 
1 -9 0.1587794 0 0.000920864 0 
1.2 -9 0.1832882 0 0.00110533 0 
1.4 -9 0.20853 0 0.00132758 0 
1.6 -9 0.233686 0 0.00157348 0 
1.8 -9 0.258636 0 0.00186211 0 
2 -9 0.282618 0 0.00218186 0 
2.2 -9 0.304832 0 0.00255618 0 
2.4 -9 0.326706 0 0.0029958 0 
2.6 -9 0.34615 0 0.00351391 0 
2.8 -9 0.3646 0 0.00410981 0 
3 -9 0.382152 0 0.0048094 0 
3.2 -9 0.398256 0 0.00561444 0 
3.4 -9 0.413794 0 0.00653232 0 
3.6 -9 0.427702 0 0.00755201 0 
3.8 -9 0.44044 0 0.00869496 0 
4 -9 0.453384 0 0.00995011 0 
4.2 -9 0.464906 0 0.0113159 0 
4.4 -9 0.476818 0 0.0127613 0 
4.6 -9 0.487698 0 0.0143062 0 
4.8 -9 0.498198 0 0.0159365 0 
5 -9 0.50776 0 0.0176491 0 
5.2 -9 0.517332 0 0.0194259 0 
5.4 -9 0.52632 0 0.0212641 0 
5.6 -9 0.534864 0 0.0231607 0 
5.8 -9 0.543212 0 0.0251023 0 
6 -9 0.551316 0 0.0270786 0 
6.2 -9 0.55908 0 0.0290913 0 
6.4 -9 0.56685 0 0.0311116 0 
6.6 -9 0.574068 0 0.0331717 0 
6.8 -9 0.580796 0 0.0352676 0 
7 -9 0.587984 0 0.0373199 0 
7.2 -9 0.594522 0 0.0394131 0 
7.4 -9 0.600724 0 0.0415233 0 
7.6 -9 0.607198 0 0.0435854 0 
7.8 -9 0.613476 0 0.0456408 0 
8 -9 0.619272 0 0.0477234 0 
8.2 -9 0.625148 0 0.0497644 0 
8.4 -9 0.630382 0 0.0518564 0 
8.6 -9 0.636022 0 0.0538591 0 
8.8 -9 0.64143 0 0.0558552 0 
9 -9 0.64652 0 0.0578583 0 
9.2 -9 0.65131 0 0.0598709 0 
9.4 -9 0.656214 0 0.0618236 0 
9.6 -9 0.660968 0 0.0637579 0 
9.8 -9 0.665606 0 0.065671 0 
10 -9 0.670118 0 0.0675631 0 
10.2 -9 0.674434 0 0.0694482 0 
10.4 -9 0.678668 0 0.0713056 0 
10.6 -9 0.683028 0 0.0730883 0 
10.8 -9 0.68722 0 0.0748586 0 
11 -9 0.691226 0 0.0766235 0 
11.2 -9 0.694994 0 0.0784009 0 
11.4 -9 0.69889 0 0.0800969 0 
11.6 -9 0.702574 0 0.0818004 0 
11.8 -9 0.706206 0 0.0834707 0 
12 -9 0.70975 0 0.0851183 0 
12.4 -9 0.716472 0 0.0883792 0 
12.8 -9 0.723184 0 0.0914549 0 
13.2 -9 0.72927 0 0.094549 0 
13.6 -9 0.735368 0 0.0974577 0 
14 -9 0.741036 0 0.100343 0 
14.4 -9 0.746518 0 0.103124 0 
14.8 -9 0.75183 0 0.105801 0 
15.2 -9 0.756878 0 0.108422 0 
15.6 -9 0.76194 0 0.110867 0 
16 -9 0.766724 0 0.113273 0 
16.8 -9 0.775602 0 0.117946 0 
17.6 -9 0.78394 0 0.122297 0 
18.4 -9 0.79176 0 0.126357 0 
19.2 -9 0.798854 0 0.130307 0 
20 -9 0.80565 0 0.133931 0 
20.8 -9 0.811954 0 0.137396 0 
21.6 -9 0.817844 0 0.140696 0 
22.4 -9 0.823484 0 0.14374 0 
23.2 -9 0.828744 0 0.146665 0 
24 -9 0.833692 0 0.149453 0 
24.8 -9 0.838386 0 0.152083 0 
25.6 -9 0.842784 0 0.154628 0 
26.4 -9 0.846968 0 0.157035 0 
27.2 -9 0.850962 0 0.159304 0 
28 -9 0.854728 0 0.161499 0 
28.8 -9 0.858394 0 0.163498 0 
29.6 -9 0.861784 0 0.165527 0 
30.4 -9 0.865066 0 0.167408 0 
31.2 -9 0.86815 0 0.169268 0 
32 -9 0.871174 0 0.170952 0 
32.8 -9 0.87401 0 0.172637 0 
33.6 -9 0.876768 0 0.174198 0 
34.4 -9 0.879404 0 0.175701 0 
35.2 -9 0.881888 0 0.177208 0 
36 -9 0.884274 0 0.178659 0 
36.8 -9 0.886586 0 0.180022 0 
37.6 -9 0.888804 0 0.181343 0 
38.4 -9 0.890966 0 0.182569 0 
39.2 -9 0.892998 0 0.183832 0 
40 -9 0.89498 0 0.18501 0 
0.4 -8 0.1913176 0 0.00175907 0 
0.5 -8 0.198591 0 0.00182262 0 
0.6 -8 0.207544 0 0.0018797 0 
0.7 -8 0.218752 0 0.00194427 0 
0.8 -8 0.230488 0 0.00203977 0 
0.9 -8 0.241486 0 0.00213261 0 
1 -8 0.254208 0 0.00224301 0 
1.2 -8 0.278434 0 0.0024775 0 
1.4 -8 0.303684 0 0.00274379 0 
1.6 -8 0.32758 0 0.00307013 0 
1.8 -8 0.351354 0 0.00344426 0 
2 -8 0.371762 0 0.0038455 0 
2.2 -8 0.392078 0 0.00433338 0 
2.4 -8 0.409366 0 0.0049014 0 
2.6 -8 0.42619 0 0.00558006 0 
2.8 -8 0.441574 0 0.00638333 0 
3 -8 0.456274 0 0.00730487 0 
3.2 -8 0.469982 0 0.00837647 0 
3.4 -8 0.482958 0 0.00957 0 
3.6 -8 0.494402 0 0.0108878 0 
3.8 -8 0.505854 0 0.0123334 0 
4 -8 0.516078 0 0.0139048 0 
4.2 -8 0.525884 0 0.0155899 0 
4.4 -8 0.536048 0 0.0173543 0 
4.6 -8 0.544954 0 0.019228 0 
4.8 -8 0.553942 0 0.0211704 0 
5 -8 0.562394 0 0.0231808 0 
5.2 -8 0.570342 0 0.0252599 0 
5.4 -8 0.578176 0 0.0273833 0 
5.6 -8 0.58573 0 0.0295459 0 
5.8 -8 0.593294 0 0.0317274 0 
6 -8 0.600228 0 0.0339548 0 
6.2 -8 0.607072 0 0.0361943 0 
6.4 -8 0.613434 0 0.038467 0 
6.6 -8 0.619984 0 0.0407143 0 
6.8 -8 0.62639 0 0.0429567 0 
7 -8 0.63241 0 0.0452159 0 
7.2 -8 0.638104 0 0.0474876 0 
7.4 -8 0.643756 0 0.0497336 0 
7.6 -8 0.649358 0 0.0519518 0 
7.8 -8 0.65474 0 0.0541624 0 
8 -8 0.660304 0 0.056302 0 
8.2 -8 0.66519 0 0.058504 0 
8.4 -8 0.670094 0 0.0606615 0 
8.6 -8 0.674736 0 0.0628208 0 
8.8 -8 0.679592 0 0.064891 0 
9 -8 0.68396 0 0.0670071 0 
9.2 -8 0.688746 0 0.068984 0 
9.4 -8 0.693118 0 0.0709958 0 
9.6 -8 0.69731 0 0.0729947 0 
9.8 -8 0.701508 0 0.0749384 0 
10 -8 0.705474 0 0.0768843 0 
10.2 -8 0.709556 0 0.078746 0 
10.4 -8 0.713332 0 0.0806343 0 
10.6 -8 0.716986 0 0.0825022 0 
10.8 -8 0.72054 0 0.0843465 0 
11 -8 0.724224 0 0.0860971 0 
11.2 -8 0.727772 0 0.0878332 0 
11.4 -8 0.731086 0 0.0895902 0 
11.6 -8 0.734466 0 0.0912707 0 
11.8 -8 0.737742 0 0.0929319 0 
12 -8 0.741012 0 0.0945415 0 
12.4 -8 0.747026 0 0.097791 0 
12.8 -8 0.752926 0 0.100877 0 
13.2 -8 0.758632 0 0.103835 0 
13.6 -8 0.763944 0 0.10676 0 
14 -8 0.769002 0 0.109607 0 
14.4 -8 0.774008 0 0.112286 0 
14.8 -8 0.77878 0 0.114894 0 
15.2 -8 0.783276 0 0.117462 0 
15.6 -8 0.787704 0 0.119889 0 
16 -8 0.792026 0 0.122201 0 
16.8 -8 0.799982 0 0.126723 0 
17.6 -8 0.807422 0 0.13093 0 
18.4 -8 0.814498 0 0.134769 0 
19.2 -8 0.8208 0 0.138596 0 
20 -8 0.826848 0 0.14208 0 
20.8 -8 0.83248 0 0.145391 0 
21.6 -8 0.83779 0 0.148492 0 
22.4 -8 0.842824 0 0.151383 0 
23.2 -8 0.847514 0 0.154165 0 
24 -8 0.851912 0 0.156827 0 
24.8 -8 0.856114 0 0.159302 0 
25.6 -8 0.860008 0 0.161745 0 
26.4 -8 0.863784 0 0.163966 0 
27.2 -8 0.867338 0 0.166114 0 
28 -8 0.870686 0 0.168198 0 
28.8 -8 0.873934 0 0.1701 0 
29.6 -8 0.87699 0 0.171966 0 
30.4 -8 0.879934 0 0.173705 0 
31.2 -8 0.88267 0 0.175473 0 
32 -8 0.885336 0 0.177089 0 
32.8 -8 0.887908 0 0.178602 0 
33.6 -8 0.890338 0 0.180101 0 
34.4 -8 0.892688 0 0.181503 0 
35.2 -8 0.89493 0 0.182865 0 
36 -8 0.897048 0 0.184236 0 
36.8 -8 0.899106 0 0.185512 0 
37.6 -8 0.9011 0 0.186708 0 
38.4 -8 0.903026 0 0.187845 0 
39.2 -8 0.90482 0 0.189058 0 
40 -8 0.90658 0 0.190165 0 
0.4 -7 0.305016 0 0.00423837 0 
0.5 -7 0.315876 0 0.00427539 0 
0.6 -7 0.325742 0 0.00433158 0 
0.7 -7 0.335996 0 0.00437008 0 
0.8 -7 0.347998 0 0.00443701 0 
0.9 -7 0.358856 0 0.0044992 0 
1 -7 0.369454 0 0.00456083 0 
1.2 -7 0.392112 0 0.00479418 0 
1.4 -7 0.413392 0 0.0050621 0 
1.6 -7 0.433754 0 0.00539649 0 
1.8 -7 0.452092 0 0.00580717 0 
2 -7 0.46865 0 0.00628191 0 
2.2 -7 0.48361 0 0.00688466 0 
2.4 -7 0.497488 0 0.00764532 0 
2.6 -7 0.510728 0 0.00854125 0 
2.8 -7 0.522456 0 0.00959195 0 
3 -7 0.533546 0 0.0107966 0 
3.2 -7 0.543952 0 0.0121809 0 
3.4 -7 0.554 0 0.0137167 0 
3.6 -7 0.563392 0 0.0153843 0 
3.8 -7 0.572514 0 0.0171906 0 
4 -7 0.58072 0 0.019115 0 
4.2 -7 0.58837 0 0.0211643 0 
4.4 -7 0.596084 0 0.0233061 0 
4.6 -7 0.60376 0 0.0255092 0 
4.8 -7 0.611066 0 0.0277793 0 
5 -7 0.61776 0 0.0301313 0 
5.2 -7 0.624656 0 0.0324969 0 
5.4 -7 0.631286 0 0.0349001 0 
5.6 -7 0.637442 0 0.0373571 0 
5.8 -7 0.643622 0 0.0398085 0 
6 -7 0.649648 0 0.042267 0 
6.2 -7 0.655566 0 0.0447143 0 
6.4 -7 0.661168 0 0.0471797 0 
6.6 -7 0.666724 0 0.0496239 0 
6.8 -7 0.672162 0 0.0520476 0 
7 -7 0.677432 0 0.054455 0 
7.2 -7 0.682582 0 0.0568388 0 
7.4 -7 0.687294 0 0.0592491 0 
7.6 -7 0.6925 0 0.061521 0 
7.8 -7 0.696914 0 0.063892 0 
8 -7 0.701566 0 0.066159 0 
8.2 -7 0.705728 0 0.0684787 0 
8.4 -7 0.710268 0 0.070655 0 
8.6 -7 0.714576 0 0.0728224 0 
8.8 -7 0.718506 0 0.0750264 0 
9 -7 0.722474 0 0.0771625 0 
9.2 -7 0.72644 0 0.0792358 0 
9.4 -7 0.730358 0 0.0812585 0 
9.6 -7 0.73415 0 0.0832533 0 
9.8 -7 0.737804 0 0.0852274 0 
10 -7 0.74132 0 0.087181 0 
10.2 -7 0.74489 0 0.0890553 0 
10.4 -7 0.748132 0 0.0909772 0 
10.6 -7 0.751472 0 0.0928049 0 
10.8 -7 0.754674 0 0.0946198 0 
11 -7 0.757758 0 0.0964201 0 
11.2 -7 0.760834 0 0.0981628 0 
11.4 -7 0.763848 0 0.0998698 0 
11.6 -7 0.766786 0 0.101547 0 
11.8 -7 0.769828 0 0.103118 0 
12 -7 0.772596 0 0.10475 0 
12.4 -7 0.777884 0 0.107956 0 
12.8 -7 0.783154 0 0.110942 0 
13.2 -7 0.78801 0 0.113918 0 
13.6 -7 0.7929 0 0.116657 0 
14 -7 0.797342 0 0.119434 0 
14.4 -7 0.801664 0 0.122081 0 
14.8 -7 0.805864 0 0.124602 0 
15.2 -7 0.80988 0 0.127047 0 
15.6 -7 0.81363 0 0.129483 0 
16 -7 0.817482 0 0.131668 0 
16.8 -7 0.824574 0 0.135939 0 
17.6 -7 0.831088 0 0.139983 0 
18.4 -7 0.837292 0 0.143645 0 
19.2 -7 0.8429 0 0.147232 0 
20 -7 0.84822 0 0.150528 0 
20.8 -7 0.853162 0 0.153666 0 
21.6 -7 0.857792 0 0.156632 0 
22.4 -7 0.862214 0 0.15935 0 
23.2 -7 0.866364 0 0.161931 0 
24 -7 0.87023 0 0.164429 0 
24.8 -7 0.873908 0 0.166763 0 
25.6 -7 0.877356 0 0.169016 0 
26.4 -7 0.880666 0 0.171098 0 
27.2 -7 0.883766 0 0.173132 0 
28 -7 0.886716 0 0.175062 0 
28.8 -7 0.889578 0 0.17681 0 
29.6 -7 0.892256 0 0.178552 0 
30.4 -7 0.894832 0 0.180176 0 
31.2 -7 0.897246 0 0.181802 0 
32 -7 0.899586 0 0.183298 0 
32.8 -7 0.90184 0 0.184697 0 
33.6 -7 0.903944 0 0.18614 0 
34.4 -7 0.906042 0 0.187361 0 
35.2 -7 0.907984 0 0.188669 0 
36 -7 0.90987 0 0.189881 0 
36.8 -7 0.91165 0 0.191114 0 
37.6 -7 0.913386 0 0.192245 0 
38.4 -7 0.915074 0 0.193292 0 
39.2 -7 0.91667 0 0.194363 0 
40 -7 0.918202 0 0.195411 0 
0.4 -6 0.441592 0 0.00839047 0 
0.5 -6 0.452086 0 0.00832969 0 
0.6 -6 0.461812 0 0.00823673 0 
0.7 -6 0.470352 0 0.00817361 0 
0.8 -6 0.481738 0 0.00816151 0 
0.9 -6 0.490232 0 0.00812778 0 
1 -6 0.499158 0 0.00813739 0 
1.2 -6 0.516134 0 0.00823569 0 
1.4 -6 0.531462 0 0.00840975 0 
1.6 -6 0.544464 0 0.0086956 0 
1.8 -6 0.557598 0 0.00911509 0 
2 -6 0.568282 0 0.00967535 0 
2.2 -6 0.578142 0 0.0104824 0 
2.4 -6 0.587746 0 0.0114251 0 
2.6 -6 0.59596 0 0.0126 0 
2.8 -6 0.60377 0 0.0139911 0 
3 -6 0.610948 0 0.0155775 0 
3.2 -6 0.617972 0 0.0173527 0 
3.4 -6 0.62553 0 0.0192807 0 
3.6 -6 0.63192 0 0.0213776 0 
3.8 -6 0.637976 0 0.0236091 0 
4 -6 0.645128 0 0.0259082 0 
4.2 -6 0.650936 0 0.028352 0 
4.4 -6 0.65689 0 0.0308678 0 
4.6 -6 0.66275 0 0.0334319 0 
4.8 -6 0.66824 0 0.0360684 0 
5 -6 0.673262 0 0.0387814 0 
5.2 -6 0.679186 0 0.0414157 0 
5.4 -6 0.684464 0 0.0441023 0 
5.6 -6 0.689316 0 0.0468496 0 
5.8 -6 0.694788 0 0.0494803 0 
6 -6 0.69989 0 0.0521387 0 
6.2 -6 0.704616 0 0.0548151 0 
6.4 -6 0.709514 0 0.0574241 0 
6.6 -6 0.713894 0 0.0600791 0 
6.8 -6 0.718364 0 0.0626669 0 
7 -6 0.722708 0 0.0652281 0 
7.2 -6 0.727164 0 0.0677034 0 
7.4 -6 0.73146 0 0.0701478 0 
7.6 -6 0.735504 0 0.0725906 0 
7.8 -6 0.739604 0 0.0749535 0 
8 -6 0.743506 0 0.0773029 0 
8.2 -6 0.747358 0 0.079594 0 
8.4 -6 0.750892 0 0.0819153 0 
8.6 -6 0.754234 0 0.0842284 0 
8.8 -6 0.75796 0 0.0863483 0 
9 -6 0.76171 0 0.0883772 0 
9.2 -6 0.764836 0 0.0905593 0 
9.4 -6 0.768212 0 0.0925787 0 
9.6 -6 0.771372 0 0.0946098 0 
9.8 -6 0.774394 0 0.0966258 0 
10 -6 0.77756 0 0.0985105 0 
10.2 -6 0.780494 0 0.100424 0 
10.4 -6 0.783378 0 0.102292 0 
10.6 -6 0.7863 0 0.104071 0 
10.8 -6 0.78902 0 0.105876 0 
11 -6 0.791834 0 0.107568 0 
11.2 -6 0.794472 0 0.109282 0 
11.4 -6 0.796958 0 0.111009 0 
11.6 -6 0.799508 0 0.112637 0 
11.8 -6 0.802094 0 0.114179 0 
12 -6 0.804496 0 0.115758 0 
12.4 -6 0.809022 0 0.118899 0 
12.8 -6 0.813618 0 0.12175 0 
13.2 -6 0.817894 0 0.124565 0 
13.6 -6 0.821934 0 0.12731 0 
14 -6 0.82587 0 0.129907 0 
14.4 -6 0.829614 0 0.13243 0 
14.8 -6 0.833194 0 0.134869 0 
15.2 -6 0.836654 0 0.137199 0 
15.6 -6 0.83995 0 0.139474 0 
16 -6 0.843204 0 0.141591 0 
16.8 -6 0.849372 0 0.145573 0 
17.6 -6 0.854934 0 0.149438 0 
18.4 -6 0.860238 0 0.152915 0 
19.2 -6 0.865158 0 0.156184 0 
20 -6 0.869674 0 0.159342 0 
20.8 -6 0.873914 0 0.162297 0 
21.6 -6 0.87793 0 0.165024 0 
22.4 -6 0.881716 0 0.167576 0 
23.2 -6 0.885284 0 0.169972 0 
24 -6 0.88867 0 0.1722 0 
24.8 -6 0.891796 0 0.174415 0 
25.6 -6 0.894762 0 0.176503 0 
26.4 -6 0.89759 0 0.178452 0 
27.2 -6 0.900266 0 0.180316 0 
28 -6 0.902806 0 0.182088 0 
28.8 -6 0.905268 0 0.183688 0 
29.6 -6 0.907556 0 0.185317 0 
30.4 -6 0.909778 0 0.186785 0 
31.2 -6 0.911858 0 0.188275 0 
32 -6 0.913874 0 0.189632 0 
32.8 -6 0.91578 0 0.190979 0 
33.6 -6 0.917614 0 0.192244 0 
34.4 -6 0.91941 0 0.193364 0 
35.2 -6 0.921074 0 0.194573 0 
36 -6 0.922674 0 0.19573 0 
36.8 -6 0.924214 0 0.196832 0 
37.6 -6 0.925712 0 0.197846 0 
38.4 -6 0.927176 0 0.198757 0 
39.2 -6 0.92854 0 0.199759 0 
40 -6 0.929848 0 0.200736 0 
0.4 -5 0.5843 0 0.0142103 0 
0.5 -5 0.592954 0 0.0139053 0 
0.6 -5 0.602004 0 0.0135914 0 
0.7 -5 0.609126 0 0.0133228 0 
0.8 -5 0.616102 0 0.0131007 0 
0.9 -5 0.621986 0 0.0129923 0 
1 -5 0.627758 0 0.012885 0 
1.2 -5 0.63885 0 0.0127223 0 
1.4 -5 0.6479 0 0.0127587 0 
1.6 -5 0.65462 0 0.0129789 0 
1.8 -5 0.660862 0 0.0134717 0 
2 -5 0.66482 0 0.0142374 0 
2.2 -5 0.670322 0 0.0152367 0 
2.4 -5 0.674652 0 0.0165342 0 
2.6 -5 0.678624 0 0.0180757 0 
2.8 -5 0.68334 0 0.0198887 0 
3 -5 0.68729 0 0.0219509 0 
3.2 -5 0.691452 0 0.0242047 0 
3.4 -5 0.695818 0 0.0266019 0 
3.6 -5 0.700136 0 0.0291533 0 
3.8 -5 0.704302 0 0.0318523 0 
4 -5 0.708254 0 0.0346474 0 
4.2 -5 0.712264 0 0.0375301 0 
4.4 -5 0.716794 0 0.0404055 0 
4.6 -5 0.720954 0 0.0433625 0 
4.8 -5 0.725538 0 0.0462818 0 
5 -5 0.729634 0 0.0492689 0 
5.2 -5 0.733924 0 0.052205 0 
5.4 -5 0.737976 0 0.0551751 0 
5.6 -5 0.741846 0 0.058145 0 
5.8 -5 0.745704 0 0.0610834 0 
6 -5 0.749838 0 0.0639123 0 
6.2 -5 0.75379 0 0.0667231 0 
6.4 -5 0.757634 0 0.0694981 0 
6.6 -5 0.761668 0 0.0721491 0 
6.8 -5 0.765152 0 0.0748899 0 
7 -5 0.768778 0 0.0775187 0 
7.2 -5 0.772386 0 0.0800783 0 
7.4 -5 0.775678 0 0.0826634 0 
7.6 -5 0.77935 0 0.0850363 0 
7.8 -5 0.78251 0 0.0875162 0 
8 -5 0.7858 0 0.0898637 0 
8.2 -5 0.788756 0 0.0922699 0 
8.4 -5 0.792142 0 0.0944064 0 
8.6 -5 0.79499 0 0.0966986 0 
8.8 -5 0.797784 0 0.0989392 0 
9 -5 0.800656 0 0.101061 0 
9.2 -5 0.803416 0 0.103159 0 
9.4 -5 0.806216 0 0.105154 0 
9.6 -5 0.808868 0 0.107148 0 
9.8 -5 0.811524 0 0.109058 0 
10 -5 0.814116 0 0.110926 0 
10.2 -5 0.816644 0 0.112751 0 
10.4 -5 0.819032 0 0.114583 0 
10.6 -5 0.821398 0 0.116355 0 
10.8 -5 0.82369 0 0.1181 0 
11 -5 0.82598 0 0.119772 0 
11.2 -5 0.828268 0 0.12137 0 
11.4 -5 0.83042 0 0.122992 0 
11.6 -5 0.832538 0 0.124566 0 
11.8 -5 0.834562 0 0.126141 0 
12 -5 0.836644 0 0.127604 0 
12.4 -5 0.840534 0 0.130538 0 
12.8 -5 0.844236 0 0.133363 0 
13.2 -5 0.847862 0 0.136003 0 
13.6 -5 0.851234 0 0.138621 0 
14 -5 0.854574 0 0.141035 0 
14.4 -5 0.857672 0 0.143452 0 
14.8 -5 0.860712 0 0.145708 0 
15.2 -5 0.86364 0 0.147869 0 
15.6 -5 0.86639 0 0.150013 0 
16 -5 0.869022 0 0.152094 0 
16.8 -5 0.874234 0 0.155742 0 
17.6 -5 0.878918 0 0.159311 0 
18.4 -5 0.883316 0 0.162581 0 
19.2 -5 0.887484 0 0.165525 0 
20 -5 0.891206 0 0.168534 0 
20.8 -5 0.894826 0 0.171143 0 
21.6 -5 0.898148 0 0.173706 0 
22.4 -5 0.901298 0 0.176073 0 
23.2 -5 0.904282 0 0.178261 0 
24 -5 0.907106 0 0.180305 0 
24.8 -5 0.909732 0 0.182312 0 
25.6 -5 0.912218 0 0.184203 0 
26.4 -5 0.914574 0 0.185993 0 
27.2 -5 0.916812 0 0.187687 0 
28 -5 0.918918 0 0.189338 0 
28.8 -5 0.920994 0 0.190733 0 
29.6 -5 0.922904 0 0.192217 0 
30.4 -5 0.924754 0 0.19356 0 
31.2 -5 0.926498 0 0.194892 0 
32 -5 0.92819 0 0.196096 0 
32.8 -5 0.929778 0 0.197323 0 
33.6 -5 0.931294 0 0.198511 0 
34.4 -5 0.932784 0 0.199537 0 
35.2 -5 0.934184 0 0.200605 0 
36 -5 0.935536 0 0.2016 0 
36.8 -5 0.93681 0 0.202634 0 
37.6 -5 0.938056 0 0.203562 0 
38.4 -5 0.939274 0 0.20438 0 
39.2 -5 0.94042 0 0.205259 0 
40 -5 0.941522 0 0.20611 0 
0.4 -4 0.720539 0.0006254 0.0222959 5.433e-05 
0.5 -4 0.725941 0.0001777 0.0215527 5.829e-05 
0.6 -4 0.732991 0.0009012 0.0208979 0.0001441 
0.7 -4 0.737361 0.0007455 0.0201201 3.739e-05 
0.8 -4 0.742211 0.0002006 0.0196282 4.625e-05 
0.9 -4 0.745742 0.000194 0.0192879 5.733e-05 
1 -4 0.748621 0.0004076 0.0188603 2.641e-05 
1.2 -4 0.750994 0.000528 0.0184248 2.29e-05 
1.4 -4 0.753245 0.000243 0.0183033 3.954e-05 
1.6 -4 0.754394 0.0002808 0.0185998 4.257e-05 
1.8 -4 0.754131 0.0001315 0.0192111 7.459e-06 
2 -4 0.754835 0.0002684 0.0201796 1.73e-05 
2.2 -4 0.7553 3.153e-05 0.0216071 6.046e-06 
2.4 -4 0.755633 0.0001298 0.0233434 1.883e-05 
2.6 -4 0.75645 0.0001292 0.0254319 1.768e-05 
2.8 -4 0.75763 0.0003381 0.0277496 0.0001199 
3 -4 0.759336 0.000225 0.0303099 7.009e-05 
3.2 -4 0.76121 0.0002006 0.0331208 5.773e-05 
3.4 -4 0.763044 0.0001847 0.0361418 4.894e-05 
3.6 -4 0.765537 0.0002134 0.0392008 4.293e-05 
3.8 -4 0.767766 0.000197 0.0424163 4.045e-05 
4 -4 0.770523 0.0001461 0.0456358 2.758e-05 
4.2 -4 0.773016 0 0.0489564 0 
4.4 -4 0.775662 0 0.0522908 0 
4.6 -4 0.778824 0 0.0555382 0 
4.8 -4 0.781838 0 0.0588232 0 
5 -4 0.784938 0 0.0620571 0 
5.2 -4 0.787858 0 0.0653069 0 
5.4 -4 0.79121 0 0.0683848 0 
5.6 -4 0.794256 0 0.0715093 0 
5.8 -4 0.796976 0 0.0746818 0 
6 -4 0.800108 0 0.0776471 0 
6.2 -4 0.803222 0 0.0805418 0 
6.4 -4 0.80613 0 0.0834371 0 
6.6 -4 0.809196 0 0.0861784 0 
6.8 -4 0.812154 0 0.0888811 0 
7 -4 0.815152 0 0.0914678 0 
7.2 -4 0.817654 0 0.0942122 0 
7.4 -4 0.820474 0 0.0967041 0 
7.6 -4 0.823098 0 0.0992107 0 
7.8 -4 0.825762 0 0.101598 0 
8 -4 0.828276 0 0.103979 0 
8.2 -4 0.830952 0 0.106168 0 
8.4 -4 0.833258 0 0.108494 0 
8.6 -4 0.835794 0 0.110582 0 
8.8 -4 0.838014 0 0.112783 0 
9 -4 0.840258 0 0.114883 0 
9.2 -4 0.842498 0 0.116897 0 
9.4 -4 0.844686 0 0.118861 0 
9.6 -4 0.84688 0 0.120729 0 
9.8 -4 0.84889 0 0.122656 0 
10 -4 0.850934 0 0.124471 0 
10.2 -4 0.852978 0 0.126202 0 
10.4 -4 0.854902 0 0.12795 0 
10.6 -4 0.856836 0 0.129608 0 
10.8 -4 0.858716 0 0.131232 0 
11 -4 0.860462 0 0.132903 0 
11.2 -4 0.862306 0 0.134401 0 
11.4 -4 0.864024 0 0.135945 0 
11.6 -4 0.865758 0 0.137397 0 
11.8 -4 0.867404 0 0.138867 0 
12 -4 0.869038 0 0.140273 0 
12.4 -4 0.872194 0 0.142996 0 
12.8 -4 0.87516 0 0.145653 0 
13.2 -4 0.878016 0 0.148177 0 
13.6 -4 0.880846 0 0.150471 0 
14 -4 0.883522 0 0.15271 0 
14.4 -4 0.886006 0 0.154962 0 
14.8 -4 0.88838 0 0.157138 0 
15.2 -4 0.890738 0 0.159117 0 
15.6 -4 0.892944 0 0.161104 0 
16 -4 0.89507 0 0.163007 0 
16.8 -4 0.899222 0 0.16638 0 
17.6 -4 0.902992 0 0.169634 0 
18.4 -4 0.90654 0 0.172579 0 
19.2 -4 0.909864 0 0.175282 0 
20 -4 0.912882 0 0.177968 0 
20.8 -4 0.915776 0 0.180339 0 
21.6 -4 0.918436 0 0.182679 0 
22.4 -4 0.920954 0 0.184829 0 
23.2 -4 0.923364 0 0.186756 0 
24 -4 0.92561 0 0.188633 0 
24.8 -4 0.927726 0 0.190408 0 
25.6 -4 0.929724 0 0.1921 0 
26.4 -4 0.931608 0 0.19372 0 
27.2 -4 0.933408 0 0.195218 0 
28 -4 0.935108 0 0.196661 0 
28.8 -4 0.936752 0 0.197953 0 
29.6 -4 0.938284 0 0.199281 0 
30.4 -4 0.939764 0 0.200479 0 
31.2 -4 0.941166 0 0.201653 0 
32 -4 0.942516 0 0.202731 0 
32.8 -4 0.943784 0 0.203848 0 
33.6 -4 0.94501 0 0.204867 0 
34.4 -4 0.946196 0 0.205793 0 
35.2 -4 0.947328 0 0.206706 0 
36 -4 0.948404 0 0.207613 0 
36.8 -4 0.949434 0 0.208498 0 
37.6 -4 0.950422 0 0.209353 0 
38.4 -4 0.9514 0 0.210066 0 
39.2 -4 0.95232 0 0.210831 0 
40 -4 0.953196 0 0.211619 0 
0.4 -3 0.839331 0.000911 0.0308081 0.0002493 
0.5 -3 0.844647 0.0006272 0.0293281 0.0002045 
0.6 -3 0.845108 0.0009431 0.0284387 0.0001077 
0.7 -3 0.848357 0.0004992 0.0273032 8.339e-05 
0.8 -3 0.849357 0.000631 0.0265084 9.47e-05 
0.9 -3 0.849418 0.0003594 0.0258599 0.0001079 
1 -3 0.848804 0.000442 0.0251658 5.865e-05 
1.2 -3 0.845719 0.0002521 0.0245297 4.489e-05 
1.4 -3 0.842061 0.0003147 0.0246046 3.999e-05 
1.6 -3 0.838184 0.0001608 0.025062 2.584e-05 
1.8 -3 0.835139 0.0002847 0.026103 3.22e-05 
2 -3 0.831691 0.0001449 0.0277865 2.168e-05 
2.2 -3 0.829422 8.846e-05 0.0297834 7.881e-06 
2.4 -3 0.827553 8.285e-05 0.0322982 2.134e-05 
2.6 -3 0.82692 0.0003465 0.0349565 0.0001109 
2.8 -3 0.825966 0.0003275 0.038109 9.281e-05 
3 -3 0.825785 0.0003323 0.0414421 7.979e-05 
3.2 -3 0.825969 0.0002402 0.0449386 5.505e-05 
3.4 -3 0.826676 9.69e-05 0.0484987 2.044e-05 
3.6 -3 0.827549 0.0002149 0.0521775 5.853e-05 
3.8 -3 0.828866 5.792e-05 0.0558255 4.563e-06 
4 -3 0.830249 0.0001402 0.0595247 2.142e-05 
4.2 -3 0.831446 0 0.0632952 0 
4.4 -3 0.833492 0 0.0668446 0 
4.6 -3 0.835358 0 0.0704492 0 
4.8 -3 0.837396 0 0.0739681 0 
5 -3 0.839668 0 0.0773358 0 
5.2 -3 0.841816 0 0.0807127 0 
5.4 -3 0.8441 0 0.0839525 0 
5.6 -3 0.846088 0 0.0872752 0 
5.8 -3 0.848154 0 0.0904827 0 
6 -3 0.850492 0 0.0934603 0 
6.2 -3 0.852512 0 0.09653 0 
6.4 -3 0.854838 0 0.0993232 0 
6.6 -3 0.856998 0 0.102113 0 
6.8 -3 0.858938 0 0.104964 0 
7 -3 0.861122 0 0.107538 0 
7.2 -3 0.863322 0 0.109993 0 
7.4 -3 0.865196 0 0.112602 0 
7.6 -3 0.86729 0 0.114929 0 
7.8 -3 0.869236 0 0.117277 0 
8 -3 0.871076 0 0.119614 0 
8.2 -3 0.87297 0 0.121801 0 
8.4 -3 0.87484 0 0.123908 0 
8.6 -3 0.876566 0 0.12606 0 
8.8 -3 0.87834 0 0.128066 0 
9 -3 0.880112 0 0.129969 0 
9.2 -3 0.881676 0 0.132001 0 
9.4 -3 0.883332 0 0.133841 0 
9.6 -3 0.884956 0 0.13562 0 
9.8 -3 0.886466 0 0.137441 0 
10 -3 0.887984 0 0.139169 0 
10.2 -3 0.889564 0 0.140724 0 
10.4 -3 0.891028 0 0.142337 0 
10.6 -3 0.892458 0 0.143906 0 
10.8 -3 0.893872 0 0.14541 0 
11 -3 0.89521 0 0.146938 0 
11.2 -3 0.896502 0 0.148447 0 
11.4 -3 0.89787 0 0.14977 0 
11.6 -3 0.89919 0 0.151078 0 
11.8 -3 0.900406 0 0.152466 0 
12 -3 0.90161 0 0.153796 0 
12.4 -3 0.903986 0 0.15629 0 
12.8 -3 0.906244 0 0.158684 0 
13.2 -3 0.908374 0 0.161025 0 
13.6 -3 0.9105 0 0.163102 0 
14 -3 0.912458 0 0.16523 0 
14.4 -3 0.914392 0 0.167159 0 
14.8 -3 0.916166 0 0.169164 0 
15.2 -3 0.91793 0 0.170965 0 
15.6 -3 0.91958 0 0.172786 0 
16 -3 0.921222 0 0.174413 0 
16.8 -3 0.92434 0 0.177431 0 
17.6 -3 0.927156 0 0.180386 0 
18.4 -3 0.929822 0 0.183012 0 
19.2 -3 0.932346 0 0.185336 0 
20 -3 0.93459 0 0.187803 0 
20.8 -3 0.93678 0 0.189853 0 
21.6 -3 0.93877 0 0.19196 0 
22.4 -3 0.94068 0 0.193803 0 
23.2 -3 0.942472 0 0.195551 0 
24 -3 0.944176 0 0.197142 0 
24.8 -3 0.945758 0 0.19873 0 
25.6 -3 0.947266 0 0.200192 0 
26.4 -3 0.948682 0 0.201612 0 
27.2 -3 0.950018 0 0.202981 0 
28 -3 0.951302 0 0.204221 0 
28.8 -3 0.952534 0 0.20535 0 
29.6 -3 0.95369 0 0.206488 0 
30.4 -3 0.954802 0 0.207529 0 
31.2 -3 0.955852 0 0.20856 0 
32 -3 0.956866 0 0.209503 0 
32.8 -3 0.957824 0 0.210448 0 
33.6 -3 0.958746 0 0.211319 0 
34.4 -3 0.95963 0 0.212152 0 
35.2 -3 0.960482 0 0.212924 0 
36 -3 0.961286 0 0.213742 0 
36.8 -3 0.962058 0 0.214517 0 
37.6 -3 0.962806 0 0.215229 0 
38.4 -3 0.963538 0 0.215836 0 
39.2 -3 0.964228 0 0.21651 0 
40 -3 0.964894 0 0.217144 0 
0.4 -2 0.936609 0.001131 0.0382199 0.000248 
0.5 -2 0.934473 0.0009192 0.0367194 0.0002033 
0.6 -2 0.931637 0.001041 0.0350647 0.0002347 
0.7 -2 0.930058 0.0006548 0.0337901 0.0001179 
0.8 -2 0.92856 0.0006882 0.0328387 0.0001184 
0.9 -2 0.925112 0.0005653 0.0317001 0.0001285 
1 -2 0.922299 0.0004474 0.031395 7.323e-05 
1.2 -2 0.916163 0.0002836 0.0310982 1.381e-05 
1.4 -2 0.909971 0.0002219 0.0317441 4.548e-05 
1.6 -2 0.905182 0.0002237 0.0330411 4.315e-05 
1.8 -2 0.900608 7.921e-05 0.0350809 2.496e-05 
2 -2 0.896576 4.498e-05 0.0376899 2.153e-05 
2.2 -2 0.893588 0.0001978 0.0408179 9.334e-05 
2.4 -2 0.890935 6.846e-05 0.0443154 1.937e-05 
2.6 -2 0.889013 7.313e-05 0.0480949 2.864e-05 
2.8 -2 0.887905 0.0001113 0.0519496 4.446e-05 
3 -2 0.887103 4.577e-05 0.0560199 6.895e-06 
3.2 -2 0.886484 6.549e-05 0.0602469 2.887e-05 
3.4 -2 0.886603 9.328e-05 0.0643368 4.338e-05 
3.6 -2 0.886785 0.0001256 0.06852 6.906e-05 
3.8 -2 0.887288 0.0001361 0.0726297 9.243e-05 
4 -2 0.888201 2.256e-05 0.0765464 1.244e-05 
4.2 -2 0.888646 0 0.0808181 0 
4.4 -2 0.889896 0 0.0845309 0 
4.6 -2 0.890968 0 0.088361 0 
4.8 -2 0.892238 0 0.0919957 0 
5 -2 0.893474 0 0.0956012 0 
5.2 -2 0.894962 0 0.0989222 0 
5.4 -2 0.89634 0 0.10226 0 
5.6 -2 0.897608 0 0.10562 0 
5.8 -2 0.898968 0 0.108801 0 
6 -2 0.900332 0 0.111887 0 
6.2 -2 0.901884 0 0.114662 0 
6.4 -2 0.903244 0 0.117549 0 
6.6 -2 0.904712 0 0.120193 0 
6.8 -2 0.9061 0 0.122826 0 
7 -2 0.907338 0 0.125543 0 
7.2 -2 0.908728 0 0.127953 0 
7.4 -2 0.910172 0 0.130173 0 
7.6 -2 0.911428 0 0.132546 0 
7.8 -2 0.91276 0 0.134699 0 
8 -2 0.914026 0 0.136838 0 
8.2 -2 0.9152 0 0.139011 0 
8.4 -2 0.916482 0 0.140908 0 
8.6 -2 0.91763 0 0.142918 0 
8.8 -2 0.918794 0 0.144802 0 
9 -2 0.919988 0 0.14652 0 
9.2 -2 0.92106 0 0.148363 0 
9.4 -2 0.922172 0 0.150031 0 
9.6 -2 0.923238 0 0.151687 0 
9.8 -2 0.92427 0 0.153313 0 
10 -2 0.925234 0 0.154985 0 
10.2 -2 0.926292 0 0.156375 0 
10.4 -2 0.927242 0 0.157893 0 
10.6 -2 0.928234 0 0.159232 0 
10.8 -2 0.929186 0 0.160568 0 
11 -2 0.930056 0 0.162003 0 
11.2 -2 0.93092 0 0.163375 0 
11.4 -2 0.931824 0 0.164565 0 
11.6 -2 0.93271 0 0.165716 0 
11.8 -2 0.933536 0 0.166933 0 
12 -2 0.934328 0 0.168158 0 
12.4 -2 0.935926 0 0.170347 0 
12.8 -2 0.937462 0 0.172405 0 
13.2 -2 0.938852 0 0.174577 0 
13.6 -2 0.940266 0 0.176416 0 
14 -2 0.941584 0 0.178275 0 
14.4 -2 0.942868 0 0.179985 0 
14.8 -2 0.944072 0 0.18171 0 
15.2 -2 0.94523 0 0.183353 0 
15.6 -2 0.946356 0 0.184881 0 
16 -2 0.94744 0 0.186339 0 
16.8 -2 0.949508 0 0.188991 0 
17.6 -2 0.951402 0 0.191524 0 
18.4 -2 0.95317 0 0.193838 0 
19.2 -2 0.954868 0 0.195765 0 
20 -2 0.956374 0 0.197891 0 
20.8 -2 0.957822 0 0.199699 0 
21.6 -2 0.959164 0 0.201454 0 
22.4 -2 0.96043 0 0.20308 0 
23.2 -2 0.961636 0 0.204522 0 
24 -2 0.962764 0 0.20591 0 
24.8 -2 0.963826 0 0.207239 0 
25.6 -2 0.96483 0 0.208493 0 
26.4 -2 0.965772 0 0.20972 0 
27.2 -2 0.966666 0 0.210882 0 
28 -2 0.967534 0 0.211868 0 
28.8 -2 0.968346 0 0.212875 0 
29.6 -2 0.969116 0 0.213851 0 
30.4 -2 0.969852 0 0.214756 0 
31.2 -2 0.970558 0 0.215602 0 
32 -2 0.97123 0 0.216424 0 
32.8 -2 0.971874 0 0.217181 0 
33.6 -2 0.972488 0 0.217927 0 
34.4 -2 0.97308 0 0.218616 0 
35.2 -2 0.97365 0 0.219248 0 
36 -2 0.974186 0 0.219934 0 
36.8 -2 0.974698 0 0.220628 0 
37.6 -2 0.9752 0 0.221197 0 
38.4 -2 0.97569 0 0.221682 0 
39.2 -2 0.976148 0 0.222262 0 
40 -2 0.976588 0 0.222832 0 
0.4 -1.5 0.969148 0.001709 0.0416828 0.0003047 
0.5 -1.5 0.965662 0.00108 0.0391878 0.0003005 
0.6 -1.5 0.961715 0.0007049 0.0377425 0.0002236 
0.7 -1.5 0.958584 0.0006442 0.0363244 0.0001257 
0.8 -1.5 0.955052 0.0003528 0.0353126 0.0001055 
0.9 -1.5 0.952179 0.0003857 0.0348472 0.0001641 
1 -1.5 0.94841 0.0003294 0.0347271 0.0001052 
1.2 -1.5 0.942898 0.0001859 0.0347047 3.052e-05 
1.4 -1.5 0.937418 0.0001637 0.0359546 7.31e-05 
1.6 -1.5 0.932461 0.0001942 0.0380243 3.596e-05 
1.8 -1.5 0.928231 5.849e-05 0.0408738 4.845e-05 
2 -1.5 0.924961 4.219e-05 0.0440981 1.907e-05 
2.2 -1.5 0.922064 8.084e-05 0.0478638 4.103e-05 
2.4 -1.5 0.919913 0.0001011 0.0518353 6.135e-05 
2.6 -1.5 0.91828 5.656e-05 0.0560561 3.329e-05 
2.8 -1.5 0.916963 2.1e-05 0.0605001 5.013e-06 
3 -1.5 0.916219 4.798e-05 0.0648992 3.622e-05 
3.2 -1.5 0.915802 4.248e-05 0.0693077 3.28e-05 
3.4 -1.5 0.915548 2.059e-05 0.0737877 2.464e-05 
3.6 -1.5 0.915806 1.595e-05 0.0780073 1.86e-05 
3.8 -1.5 0.915959 2.117e-05 0.0824195 2.356e-05 
4 -1.5 0.916506 4.453e-05 0.0865161 4.382e-05 
4.2 -1.5 0.916792 0 0.0909101 0 
4.4 -1.5 0.917642 0 0.0947316 0 
4.6 -1.5 0.918388 0 0.0986276 0 
4.8 -1.5 0.919234 0 0.102374 0 
5 -1.5 0.92025 0 0.105846 0 
5.2 -1.5 0.92121 0 0.109321 0 
5.4 -1.5 0.922314 0 0.112515 0 
5.6 -1.5 0.923248 0 0.115851 0 
5.8 -1.5 0.924168 0 0.119122 0 
6 -1.5 0.925296 0 0.121973 0 
6.2 -1.5 0.926356 0 0.124826 0 
6.4 -1.5 0.927418 0 0.127565 0 
6.6 -1.5 0.928524 0 0.130114 0 
6.8 -1.5 0.929548 0 0.132686 0 
7 -1.5 0.930548 0 0.135188 0 
7.2 -1.5 0.931562 0 0.137553 0 
7.4 -1.5 0.932622 0 0.139709 0 
7.6 -1.5 0.933556 0 0.142009 0 
7.8 -1.5 0.934608 0 0.143941 0 
8 -1.5 0.935522 0 0.146059 0 
8.2 -1.5 0.936384 0 0.148186 0 
8.4 -1.5 0.937336 0 0.150001 0 
8.6 -1.5 0.938224 0 0.15185 0 
8.8 -1.5 0.939088 0 0.15366 0 
9 -1.5 0.939964 0 0.15533 0 
9.2 -1.5 0.940786 0 0.157033 0 
9.4 -1.5 0.941584 0 0.158703 0 
9.6 -1.5 0.942378 0 0.160281 0 
9.8 -1.5 0.943176 0 0.161756 0 
10 -1.5 0.943902 0 0.163331 0 
10.2 -1.5 0.944704 0 0.164602 0 
10.4 -1.5 0.945404 0 0.166067 0 
10.6 -1.5 0.946166 0 0.167261 0 
10.8 -1.5 0.946868 0 0.168549 0 
11 -1.5 0.947534 0 0.169866 0 
11.2 -1.5 0.948172 0 0.171183 0 
11.4 -1.5 0.948854 0 0.172276 0 
11.6 -1.5 0.949504 0 0.173394 0 
11.8 -1.5 0.950138 0 0.174479 0 
12 -1.5 0.950714 0 0.175697 0 
12.4 -1.5 0.95192 0 0.177703 0 
12.8 -1.5 0.953066 0 0.179631 0 
13.2 -1.5 0.95412 0 0.181632 0 
13.6 -1.5 0.95519 0 0.183291 0 
14 -1.5 0.956172 0 0.185042 0 
14.4 -1.5 0.957136 0 0.186621 0 
14.8 -1.5 0.958044 0 0.188199 0 
15.2 -1.5 0.958908 0 0.189746 0 
15.6 -1.5 0.95976 0 0.191126 0 
16 -1.5 0.960572 0 0.192472 0 
16.8 -1.5 0.962118 0 0.194936 0 
17.6 -1.5 0.963552 0 0.197199 0 
18.4 -1.5 0.964868 0 0.199384 0 
19.2 -1.5 0.966142 0 0.201125 0 
20 -1.5 0.967272 0 0.203082 0 
20.8 -1.5 0.968356 0 0.20475 0 
21.6 -1.5 0.969366 0 0.206333 0 
22.4 -1.5 0.970316 0 0.207809 0 
23.2 -1.5 0.971218 0 0.209137 0 
24 -1.5 0.972068 0 0.210383 0 
24.8 -1.5 0.972866 0 0.211579 0 
25.6 -1.5 0.97362 0 0.212713 0 
26.4 -1.5 0.974326 0 0.21384 0 
27.2 -1.5 0.974994 0 0.214913 0 
28 -1.5 0.97564 0 0.215844 0 
28.8 -1.5 0.976258 0 0.216687 0 
29.6 -1.5 0.976834 0 0.217587 0 
30.4 -1.5 0.977388 0 0.218399 0 
31.2 -1.5 0.977916 0 0.219177 0 
32 -1.5 0.97842 0 0.219906 0 
32.8 -1.5 0.978902 0 0.220613 0 
33.6 -1.5 0.979366 0 0.221243 0 
34.4 -1.5 0.979808 0 0.221879 0 
35.2 -1.5 0.980236 0 0.222434 0 
36 -1.5 0.980636 0 0.223086 0 
36.8 -1.5 0.981024 0 0.223668 0 
37.6 -1.5 0.981402 0 0.22416 0 
38.4 -1.5 0.981764 0 0.224671 0 
39.2 -1.5 0.982112 0 0.225149 0 
40 -1.5 0.982438 0 0.225701 0 
0.4 -1 0.988751 0.001197 0.0433397 0.0003114 
0.5 -1 0.984503 0.0007354 0.0409148 0.0005663 
0.6 -1 0.981219 0.001066 0.0392464 0.0002406 
0.7 -1 0.978145 0.0003644 0.0381644 7.751e-05 
0.8 -1 0.974868 0.0004065 0.0379649 4.488e-05 
0.9 -1 0.972068 0.0001934 0.0378445 9.063e-05 
1 -1 0.969111 0.0001801 0.0381906 0.0001192 
1.2 -1 0.964329 0.0001356 0.0393442 0.000133 
1.4 -1 0.960515 5.912e-05 0.0410069 5.044e-05 
1.6 -1 0.956915 7.923e-05 0.0439551 5.95e-05 
1.8 -1 0.953741 5.151e-05 0.0475967 4.783e-05 
2 -1 0.951015 4.956e-05 0.0518088 5.39e-05 
2.2 -1 0.949171 0.0001011 0.0559513 9.516e-05 
2.4 -1 0.947381 5.321e-05 0.0606738 4.602e-05 
2.6 -1 0.94617 8.592e-06 0.0653546 8.752e-06 
2.8 -1 0.945218 3.484e-05 0.0701903 4.057e-05 
3 -1 0.944554 3.224e-05 0.0750211 4.318e-05 
3.2 -1 0.944247 1.407e-05 0.079644 2.921e-05 
3.4 -1 0.944102 5.815e-05 0.0843403 2.441e-05 
3.6 -1 0.944096 2.053e-05 0.0888196 3.409e-05 
3.8 -1 0.944156 2.012e-05 0.0933722 3.05e-05 
4 -1 0.944481 5.303e-05 0.097549 9.229e-05 
4.2 -1 0.944756 0 0.10187 0 
4.4 -1 0.945228 0 0.105824 0 
4.6 -1 0.94569 0 0.109753 0 
4.8 -1 0.946312 0 0.113343 0 
5 -1 0.94692 0 0.11689 0 
5.2 -1 0.947486 0 0.120448 0 
5.4 -1 0.948252 0 0.123479 0 
5.6 -1 0.948878 0 0.126728 0 
5.8 -1 0.949576 0 0.129706 0 
6 -1 0.950252 0 0.132635 0 
6.2 -1 0.950896 0 0.135543 0 
6.4 -1 0.951638 0 0.138082 0 
6.6 -1 0.952362 0 0.140545 0 
6.8 -1 0.953026 0 0.143064 0 
7 -1 0.953726 0 0.145354 0 
7.2 -1 0.954388 0 0.147643 0 
7.4 -1 0.95506 0 0.149784 0 
7.6 -1 0.955684 0 0.151972 0 
7.8 -1 0.956382 0 0.153791 0 
8 -1 0.956998 0 0.15578 0 
8.2 -1 0.957582 0 0.157771 0 
8.4 -1 0.9582 0 0.159528 0 
8.6 -1 0.958806 0 0.161217 0 
8.8 -1 0.959374 0 0.162948 0 
9 -1 0.959964 0 0.164483 0 
9.2 -1 0.960512 0 0.166077 0 
9.4 -1 0.96105 0 0.167618 0 
9.6 -1 0.96158 0 0.169095 0 
9.8 -1 0.962092 0 0.170543 0 
10 -1 0.962596 0 0.171944 0 
10.2 -1 0.963124 0 0.173128 0 
10.4 -1 0.963594 0 0.174491 0 
10.6 -1 0.964102 0 0.175583 0 
10.8 -1 0.964556 0 0.176845 0 
11 -1 0.965018 0 0.177981 0 
11.2 -1 0.965438 0 0.179238 0 
11.4 -1 0.965898 0 0.18021 0 
11.6 -1 0.966326 0 0.181263 0 
11.8 -1 0.966758 0 0.182223 0 
12 -1 0.967144 0 0.183337 0 
12.4 -1 0.967942 0 0.185212 0 
12.8 -1 0.968706 0 0.186977 0 
13.2 -1 0.969404 0 0.188851 0 
13.6 -1 0.97011 0 0.19041 0 
14 -1 0.970774 0 0.191968 0 
14.4 -1 0.97142 0 0.193378 0 
14.8 -1 0.972018 0 0.194874 0 
15.2 -1 0.972602 0 0.196248 0 
15.6 -1 0.973172 0 0.197475 0 
16 -1 0.973712 0 0.19873 0 
16.8 -1 0.974746 0 0.20094 0 
17.6 -1 0.975692 0 0.203067 0 
18.4 -1 0.976576 0 0.205001 0 
19.2 -1 0.977424 0 0.20656 0 
20 -1 0.978178 0 0.208344 0 
20.8 -1 0.978902 0 0.209838 0 
21.6 -1 0.979578 0 0.211238 0 
22.4 -1 0.980208 0 0.212608 0 
23.2 -1 0.980808 0 0.21381 0 
24 -1 0.981376 0 0.214896 0 
24.8 -1 0.981906 0 0.215998 0 
25.6 -1 0.98241 0 0.217006 0 
26.4 -1 0.98288 0 0.21804 0 
27.2 -1 0.983328 0 0.21899 0 
28 -1 0.983758 0 0.219803 0 
28.8 -1 0.984168 0 0.220571 0 
29.6 -1 0.984554 0 0.221359 0 
30.4 -1 0.984924 0 0.222087 0 
31.2 -1 0.985276 0 0.222783 0 
32 -1 0.985612 0 0.223442 0 
32.8 -1 0.985936 0 0.224024 0 
33.6 -1 0.986242 0 0.224647 0 
34.4 -1 0.986538 0 0.225188 0 
35.2 -1 0.98682 0 0.225726 0 
36 -1 0.98709 0 0.226252 0 
36.8 -1 0.987346 0 0.226811 0 
37.6 -1 0.987598 0 0.22725 0 
38.4 -1 0.987842 0 0.227665 0 
39.2 -1 0.988072 0 0.2281 0 
40 -1 0.988294 0 0.228537 0 
0.4 -0.5 0.99758 0.0006856 0.0437309 0.000399 
0.5 -0.5 0.99448 0.0004465 0.0420156 0.0004225 
0.6 -0.5 0.992175 0.0002942 0.0418347 0.0001825 
0.7 -0.5 0.990874 0.000259 0.0406456 9.6e-05 
0.8 -0.5 0.988963 0.0001606 0.0409495 0.0001653 
0.9 -0.5 0.987332 0.0001432 0.0415373 8.824e-05 
1 -0.5 0.985653 0.0001824 0.0425531 0.000188 
1.2 -0.5 0.982994 9.098e-05 0.0449596 0.0001715 
1.4 -0.5 0.980894 9.598e-05 0.0474889 0.0001991 
1.6 -0.5 0.979012 3.385e-05 0.0514694 6.94e-05 
1.8 -0.5 0.97735 5.304e-05 0.0558673 0.0001045 
2 -0.5 0.975975 2.529e-05 0.0606544 5.424e-05 
2.2 -0.5 0.974819 1.075e-05 0.0658267 2.334e-05 
2.4 -0.5 0.973926 1.999e-05 0.0710412 6.446e-05 
2.6 -0.5 0.973282 1.368e-05 0.0761379 3.58e-05 
2.8 -0.5 0.972784 1.169e-05 0.0813037 4.587e-05 
3 -0.5 0.972451 1.612e-05 0.0863483 4.701e-05 
3.2 -0.5 0.972274 1.966e-05 0.0912243 6.375e-05 
3.4 -0.5 0.972088 2.887e-05 0.0962735 8.854e-05 
3.6 -0.5 0.972102 2.36e-05 0.100859 8.196e-05 
3.8 -0.5 0.972186 1.412e-05 0.105278 5.231e-05 
4 -0.5 0.972313 1.164e-05 0.109588 4.431e-05 
4.2 -0.5 0.972442 0 0.113924 0 
4.4 -0.5 0.972594 0 0.118155 0 
4.6 -0.5 0.972882 0 0.121797 0 
4.8 -0.5 0.973172 0 0.125393 0 
5 -0.5 0.97345 0 0.128963 0 
5.2 -0.5 0.97378 0 0.132205 0 
5.4 -0.5 0.97414 0 0.1352 0 
5.6 -0.5 0.974462 0 0.138309 0 
5.8 -0.5 0.974768 0 0.141389 0 
6 -0.5 0.975134 0 0.144039 0 
6.2 -0.5 0.975458 0 0.146817 0 
6.4 -0.5 0.975832 0 0.149189 0 
6.6 -0.5 0.976172 0 0.151643 0 
6.8 -0.5 0.976518 0 0.15394 0 
7 -0.5 0.976868 0 0.156092 0 
7.2 -0.5 0.977192 0 0.158295 0 
7.4 -0.5 0.977526 0 0.160308 0 
7.6 -0.5 0.977854 0 0.162265 0 
7.8 -0.5 0.97818 0 0.164091 0 
8 -0.5 0.97849 0 0.165941 0 
8.2 -0.5 0.978786 0 0.16778 0 
8.4 -0.5 0.979094 0 0.169415 0 
8.6 -0.5 0.979404 0 0.170928 0 
8.8 -0.5 0.979678 0 0.172616 0 
9 -0.5 0.979976 0 0.173995 0 
9.2 -0.5 0.980264 0 0.175355 0 
9.4 -0.5 0.980526 0 0.176836 0 
9.6 -0.5 0.980782 0 0.17828 0 
9.8 -0.5 0.981048 0 0.179528 0 
10 -0.5 0.9813 0 0.180817 0 
10.2 -0.5 0.981554 0 0.181978 0 
10.4 -0.5 0.981796 0 0.183172 0 
10.6 -0.5 0.982042 0 0.184227 0 
10.8 -0.5 0.982276 0 0.185333 0 
11 -0.5 0.982506 0 0.186354 0 
11.2 -0.5 0.982716 0 0.187524 0 
11.4 -0.5 0.982946 0 0.188412 0 
11.6 -0.5 0.983162 0 0.18934 0 
11.8 -0.5 0.983372 0 0.190253 0 
12 -0.5 0.983568 0 0.191257 0 
12.4 -0.5 0.983968 0 0.192949 0 
12.8 -0.5 0.98435 0 0.194536 0 
13.2 -0.5 0.9847 0 0.196233 0 
13.6 -0.5 0.985054 0 0.197621 0 
14 -0.5 0.985386 0 0.199032 0 
14.4 -0.5 0.98571 0 0.20028 0 
14.8 -0.5 0.98601 0 0.201634 0 
15.2 -0.5 0.986298 0 0.202915 0 
15.6 -0.5 0.986584 0 0.203996 0 
16 -0.5 0.986854 0 0.205126 0 
16.8 -0.5 0.98737 0 0.207123 0 
17.6 -0.5 0.987848 0 0.208952 0 
18.4 -0.5 0.988286 0 0.210737 0 
19.2 -0.5 0.98871 0 0.212097 0 
20 -0.5 0.989088 0 0.213693 0 
20.8 -0.5 0.98945 0 0.215004 0 
21.6 -0.5 0.989786 0 0.216283 0 
22.4 -0.5 0.990102 0 0.217469 0 
23.2 -0.5 0.990404 0 0.218507 0 
24 -0.5 0.990688 0 0.219488 0 
24.8 -0.5 0.990954 0 0.220426 0 
25.6 -0.5 0.991204 0 0.22132 0 
26.4 -0.5 0.99144 0 0.22222 0 
27.2 -0.5 0.991664 0 0.223081 0 
28 -0.5 0.991878 0 0.22381 0 
28.8 -0.5 0.992084 0 0.224456 0 
29.6 -0.5 0.992278 0 0.225133 0 
30.4 -0.5 0.992462 0 0.225805 0 
31.2 -0.5 0.992638 0 0.226388 0 
32 -0.5 0.992806 0 0.22698 0 
32.8 -0.5 0.992968 0 0.227492 0 
33.6 -0.5 0.993122 0 0.228014 0 
34.4 -0.5 0.993268 0 0.228512 0 
35.2 -0.5 0.993412 0 0.228918 0 
36 -0.5 0.993544 0 0.229454 0 
36.8 -0.5 0.993674 0 0.229902 0 
37.6 -0.5 0.9938 0 0.230261 0 
38.4 -0.5 0.993922 0 0.230624 0 
39.2 -0.5 0.994036 0 0.231076 0 
40 -0.5 0.994146 0 0.231483 0 
0.3 0 1 0 0.0476389 0.0003112 
0.35 0 1 0 0.0455027 0.0001676 
0.4 0 1 0 0.0443871 0.0004735 
0.5 0 1 0 0.0441583 0.0006381 
0.6 0 1 0 0.0443065 0.0004003 
0.7 0 1 0 0.0447391 0.0004276 
0.8 0 1 0 0.0450647 0.0001158 
0.9 0 1 0 0.0464914 0.0001084 
1 0 1 0 0.0480339 0.0001331 
1.2 0 1 0 0.0520558 0.0002415 
1.4 0 1 0 0.0554804 0.0002217 
1.6 0 1 0 0.060727 3.612e-05 
1.8 0 1 0 0.0662456 8.992e-05 
2 0 1 0 0.0715784 5.078e-05 
2.2 0 1 0 0.0773085 5.759e-05 
2.4 0 1 0 0.0830136 3.303e-05 
2.6 0 1 0 0.0885208 4.303e-05 
2.8 0 1 0 0.0939759 7.095e-05 
3 0 1 0 0.0993991 7.263e-05 
3.2 0 1 0 0.10447 7.012e-05 
3.4 0 1 0 0.109388 6.086e-05 
3.6 0 1 0 0.113981 7.051e-05 
3.8 0 1 0 0.11848 5.735e-05 
4 0 1 0 0.122896 2.093e-05 
4.2 0 1 0 0.127341 0 
4.4 0 1 0 0.131217 0 
4.6 0 1 0 0.134852 0 
4.8 0 1 0 0.138254 0 
5 0 1 0 0.14174 0 
5.2 0 1 0 0.144909 0 
5.4 0 1 0 0.147699 0 
5.6 0 1 0 0.150751 0 
5.8 0 1 0 0.153586 0 
6 0 1 0 0.156161 0 
6.2 0 1 0 0.15883 0 
6.4 0 1 0 0.161076 0 
6.6 0 1 0 0.163365 0 
6.8 0 1 0 0.165484 0 
7 0 1 0 0.167426 0 
7.2 0 1 0 0.169451 0 
7.4 0 1 0 0.17136 0 
7.6 0 1 0 0.173059 0 
7.8 0 1 0 0.17479 0 
8 0 1 0 0.176513 0 
8.2 0 1 0 0.178255 0 
8.4 0 1 0 0.179763 0 
8.6 0 1 0 0.181029 0 
8.8 0 1 0 0.182636 0 
9 0 1 0 0.183821 0 
9.2 0 1 0 0.185073 0 
9.4 0 1 0 0.186458 0 
9.6 0 1 0 0.187717 0 
9.8 0 1 0 0.188851 0 
10 0 1 0 0.189998 0 
10.2 0 1 0 0.191039 0 
10.4 0 1 0 0.192102 0 
10.6 0 1 0 0.193051 0 
10.8 0 1 0 0.194098 0 
11 0 1 0 0.19497 0 
11.2 0 1 0 0.196006 0 
11.4 0 1 0 0.196809 0 
11.6 0 1 0 0.197633 0 
11.8 0 1 0 0.198456 0 
12 0 1 0 0.199378 0 
12.4 0 1 0 0.200846 0 
12.8 0 1 0 0.202234 0 
13.2 0 1 0 0.203821 0 
13.6 0 1 0 0.205048 0 
14 0 1 0 0.206249 0 
14.4 0 1 0 0.207356 0 
14.8 0 1 0 0.208566 0 
15.2 0 1 0 0.209692 0 
15.6 0 1 0 0.210661 0 
16 0 1 0 0.211634 0 
16.8 0 1 0 0.213357 0 
17.6 0 1 0 0.214978 0 
18.4 0 1 0 0.216541 0 
19.2 0 1 0 0.217694 0 
20 0 1 0 0.219122 0 
20.8 0 1 0 0.22026 0 
21.6 0 1 0 0.221378 0 
22.4 0 1 0 0.222349 0 
23.2 0 1 0 0.223264 0 
24 0 1 0 0.224101 0 
24.8 0 1 0 0.224953 0 
25.6 0 1 0 0.225671 0 
26.4 0 1 0 0.226503 0 
27.2 0 1 0 0.227215 0 
28 0 1 0 0.227836 0 
28.8 0 1 0 0.228395 0 
29.6 0 1 0 0.228974 0 
30.4 0 1 0 0.229568 0 
31.2 0 1 0 0.230085 0 
32 0 1 0 0.230589 0 
32.8 0 1 0 0.231006 0 
33.6 0 1 0 0.231483 0 
34.4 0 1 0 0.231882 0 
35.2 0 1 0 0.232238 0 
36 0 1 0 0.232674 0 
36.8 0 1 0 0.233053 0 
37.6 0 1 0 0.233346 0 
38.4 0 1 0 0.233675 0 
39.2 0 1 0 0.23403 0 
40 0 1 0 0.234375 0 
