3.4 -24 0.00535092 0 1.78131e-06 0 
3.6 -24 0.0073225 0 3.47583e-06 0 
3.8 -24 0.00973608 0 6.37217e-06 0 
4 -24 0.0124905 0 1.10114e-05 0 
4.2 -24 0.01569436 0 1.81887e-05 0 
4.4 -24 0.01931212 0 2.88011e-05 0 
4.6 -24 0.0233356 0 4.38242e-05 0 
4.8 -24 0.0279298 0 6.46426e-05 0 
5 -24 0.0328206 0 9.26022e-05 0 
5.2 -24 0.0379586 0 0.000128937 0 
5.4 -24 0.0435242 0 0.00017544 0 
5.6 -24 0.0493696 0 0.000233613 0 
5.8 -24 0.055421 0 0.000304998 0 
6 -24 0.0620034 0 0.000391594 0 
6.2 -24 0.0685706 0 0.000494634 0 
6.4 -24 0.0754044 0 0.000615797 0 
6.6 -24 0.0825836 0 0.000756704 0 
6.8 -24 0.0897568 0 0.000918343 0 
7 -24 0.0970114 0 0.00110196 0 
7.2 -24 0.1045356 0 0.00130887 0 
7.4 -24 0.1122752 0 0.00153986 0 
7.6 -24 0.1199702 0 0.00179595 0 
7.8 -24 0.1276288 0 0.0020776 0 
8 -24 0.1352744 0 0.00238555 0 
8.2 -24 0.1431894 0 0.00271968 0 
8.4 -24 0.1509426 0 0.00308095 0 
8.6 -24 0.1588322 0 0.00346886 0 
8.8 -24 0.1665616 0 0.00388406 0 
9 -24 0.174415 0 0.00432547 0 
9.2 -24 0.1822148 0 0.00479343 0 
9.4 -24 0.1900468 0 0.00528733 0 
9.6 -24 0.1977064 0 0.0058077 0 
9.8 -24 0.20525 0 0.0063538 0 
10 -24 0.21267 0 0.0069252 0 
10.2 -24 0.22011 0 0.00752042 0 
10.4 -24 0.227706 0 0.00813734 0 
10.6 -24 0.235136 0 0.00877773 0 
10.8 -24 0.242482 0 0.00944019 0 
11 -24 0.24982 0 0.0101228 0 
11.2 -24 0.256834 0 0.0108291 0 
11.4 -24 0.264004 0 0.0115518 0 
11.6 -24 0.270974 0 0.012295 0 
11.8 -24 0.27782 0 0.0130569 0 
12 -24 0.284744 0 0.0138331 0 
12.4 -24 0.298072 0 0.015438 0 
12.8 -24 0.311084 0 0.0171012 0 
13.2 -24 0.323824 0 0.0188147 0 
13.6 -24 0.336222 0 0.0205738 0 
14 -24 0.348244 0 0.0223734 0 
14.4 -24 0.360008 0 0.0242041 0 
14.8 -24 0.37134 0 0.0260676 0 
15.2 -24 0.382446 0 0.0279506 0 
15.6 -24 0.393178 0 0.0298548 0 
16 -24 0.403752 0 0.0317662 0 
16.8 -24 0.423768 0 0.0356294 0 
17.6 -24 0.442648 0 0.0395078 0 
18.4 -24 0.460638 0 0.0433662 0 
19.2 -24 0.477588 0 0.0471999 0 
20 -24 0.49352 0 0.051 0 
20.8 -24 0.508676 0 0.0547372 0 
21.6 -24 0.523012 0 0.0584121 0 
22.4 -24 0.536526 0 0.0620263 0 
23.2 -24 0.5494 0 0.0655569 0 
24 -24 0.561734 0 0.068991 0 
24.8 -24 0.573436 0 0.072345 0 
25.6 -24 0.5845 0 0.0756272 0 
26.4 -24 0.595088 0 0.0788145 0 
27.2 -24 0.60513 0 0.0819277 0 
28 -24 0.61476 0 0.0849453 0 
28.8 -24 0.623898 0 0.0878934 0 
29.6 -24 0.632664 0 0.0907515 0 
30.4 -24 0.64114 0 0.0935069 0 
31.2 -24 0.649124 0 0.0962175 0 
32 -24 0.656782 0 0.0988502 0 
32.8 -24 0.664206 0 0.101384 0 
33.6 -24 0.671298 0 0.103855 0 
34.4 -24 0.678144 0 0.106244 0 
35.2 -24 0.684638 0 0.108593 0 
36 -24 0.69092 0 0.110863 0 
36.8 -24 0.696908 0 0.113091 0 
37.6 -24 0.702724 0 0.115239 0 
38.4 -24 0.708318 0 0.117331 0 
39.2 -24 0.713728 0 0.119358 0 
40 -24 0.71892 0 0.121341 0 
3.2 -22 0.0070118 0 2.93512e-06 0 
3.4 -22 0.00957016 0 5.72817e-06 0 
3.6 -22 0.01264592 0 1.04481e-05 0 
3.8 -22 0.01631446 0 1.80449e-05 0 
4 -22 0.020317 0 2.9558e-05 0 
4.2 -22 0.0249988 0 4.65073e-05 0 
4.4 -22 0.030099 0 7.03157e-05 0 
4.6 -22 0.0357276 0 0.000102807 0 
4.8 -22 0.0416316 0 0.000145781 0 
5 -22 0.0480844 0 0.000201515 0 
5.2 -22 0.0546234 0 0.000271608 0 
5.4 -22 0.0617174 0 0.00035879 0 
5.6 -22 0.0691708 0 0.000464803 0 
5.8 -22 0.0767246 0 0.000591481 0 
6 -22 0.084373 0 0.000740643 0 
6.2 -22 0.0926796 0 0.000914421 0 
6.4 -22 0.1008726 0 0.00111416 0 
6.6 -22 0.1091546 0 0.00134115 0 
6.8 -22 0.1173646 0 0.00159672 0 
7 -22 0.1258058 0 0.00188192 0 
7.2 -22 0.1344932 0 0.00219717 0 
7.4 -22 0.142972 0 0.00254381 0 
7.6 -22 0.1516616 0 0.00292131 0 
7.8 -22 0.160295 0 0.00333071 0 
8 -22 0.168891 0 0.00377199 0 
8.2 -22 0.177123 0 0.0042456 0 
8.4 -22 0.1856136 0 0.00474972 0 
8.6 -22 0.1942398 0 0.00528387 0 
8.8 -22 0.202406 0 0.00585055 0 
9 -22 0.210818 0 0.00644524 0 
9.2 -22 0.219356 0 0.00706719 0 
9.4 -22 0.22746 0 0.00771975 0 
9.6 -22 0.235468 0 0.00839997 0 
9.8 -22 0.243542 0 0.00910523 0 
10 -22 0.25151 0 0.00983618 0 
10.2 -22 0.259298 0 0.0105923 0 
10.4 -22 0.267 0 0.0113717 0 
10.6 -22 0.274646 0 0.0121729 0 
10.8 -22 0.282168 0 0.0129957 0 
11 -22 0.289536 0 0.0138394 0 
11.2 -22 0.29688 0 0.0147008 0 
11.4 -22 0.303978 0 0.0155833 0 
11.6 -22 0.311124 0 0.0164796 0 
11.8 -22 0.318116 0 0.0173929 0 
12 -22 0.324996 0 0.0183214 0 
12.4 -22 0.338454 0 0.0202194 0 
12.8 -22 0.351566 0 0.0221634 0 
13.2 -22 0.364416 0 0.0241426 0 
13.6 -22 0.376688 0 0.0261619 0 
14 -22 0.388448 0 0.0282146 0 
14.4 -22 0.400056 0 0.0302795 0 
14.8 -22 0.411246 0 0.0323627 0 
15.2 -22 0.422116 0 0.0344555 0 
15.6 -22 0.432684 0 0.0365525 0 
16 -22 0.442944 0 0.0386501 0 
16.8 -22 0.462346 0 0.042851 0 
17.6 -22 0.480632 0 0.0470191 0 
18.4 -22 0.49782 0 0.0511395 0 
19.2 -22 0.51406 0 0.0551894 0 
20 -22 0.529384 0 0.0591611 0 
20.8 -22 0.543848 0 0.0630458 0 
21.6 -22 0.557576 0 0.0668302 0 
22.4 -22 0.57043 0 0.070538 0 
23.2 -22 0.582592 0 0.0741508 0 
24 -22 0.594126 0 0.0776635 0 
24.8 -22 0.605108 0 0.081071 0 
25.6 -22 0.61571 0 0.0843408 0 
26.4 -22 0.625656 0 0.0875432 0 
27.2 -22 0.635066 0 0.0906628 0 
28 -22 0.64408 0 0.0936764 0 
28.8 -22 0.652704 0 0.0965912 0 
29.6 -22 0.66086 0 0.0994384 0 
30.4 -22 0.668764 0 0.102165 0 
31.2 -22 0.676302 0 0.104814 0 
32 -22 0.683448 0 0.107405 0 
32.8 -22 0.690336 0 0.109903 0 
33.6 -22 0.696938 0 0.112325 0 
34.4 -22 0.70338 0 0.114633 0 
35.2 -22 0.709418 0 0.116927 0 
36 -22 0.715258 0 0.119139 0 
36.8 -22 0.720866 0 0.121289 0 
37.6 -22 0.726254 0 0.12338 0 
38.4 -22 0.731416 0 0.125422 0 
39.2 -22 0.73647 0 0.127367 0 
40 -22 0.741284 0 0.129286 0 
2.8 -20 0.00666798 0 2.47911e-06 0 
3 -20 0.00950874 0 5.2093e-06 0 
3.2 -20 0.01293228 0 1.00912e-05 0 
3.4 -20 0.01708104 0 1.82844e-05 0 
3.6 -20 0.021771 0 3.11712e-05 0 
3.8 -20 0.0270572 0 5.06277e-05 0 
4 -20 0.0329388 0 7.85682e-05 0 
4.2 -20 0.039468 0 0.000117667 0 
4.4 -20 0.0464626 0 0.000169985 0 
4.6 -20 0.0538794 0 0.00023841 0 
4.8 -20 0.0617802 0 0.000325844 0 
5 -20 0.0698076 0 0.000434358 0 
5.2 -20 0.0785706 0 0.00056764 0 
5.4 -20 0.087351 0 0.000727119 0 
5.6 -20 0.0961622 0 0.000915354 0 
5.8 -20 0.105118 0 0.00113422 0 
6 -20 0.1145812 0 0.00138615 0 
6.2 -20 0.1240552 0 0.00167246 0 
6.4 -20 0.1335436 0 0.00199399 0 
6.6 -20 0.1430426 0 0.00235222 0 
6.8 -20 0.1524048 0 0.00274786 0 
7 -20 0.161811 0 0.00318121 0 
7.2 -20 0.1712992 0 0.00365202 0 
7.4 -20 0.1809086 0 0.00416013 0 
7.6 -20 0.1903538 0 0.00470557 0 
7.8 -20 0.1997556 0 0.00528788 0 
8 -20 0.20902 0 0.00590655 0 
8.2 -20 0.218344 0 0.00655968 0 
8.4 -20 0.227216 0 0.00724932 0 
8.6 -20 0.236154 0 0.00797145 0 
8.8 -20 0.244984 0 0.00872581 0 
9 -20 0.25359 0 0.00951212 0 
9.2 -20 0.262342 0 0.0103257 0 
9.4 -20 0.270666 0 0.0111709 0 
9.6 -20 0.278994 0 0.0120417 0 
9.8 -20 0.287218 0 0.0129377 0 
10 -20 0.295466 0 0.0138554 0 
10.2 -20 0.303414 0 0.0147988 0 
10.4 -20 0.311306 0 0.0157622 0 
10.6 -20 0.319116 0 0.0167445 0 
10.8 -20 0.326722 0 0.0177468 0 
11 -20 0.334186 0 0.0187669 0 
11.2 -20 0.341584 0 0.0198014 0 
11.4 -20 0.34882 0 0.0208512 0 
11.6 -20 0.355996 0 0.0219126 0 
11.8 -20 0.362808 0 0.0229945 0 
12 -20 0.369728 0 0.02408 0 
12.4 -20 0.38304 0 0.0262862 0 
12.8 -20 0.39593 0 0.028523 0 
13.2 -20 0.408344 0 0.0307865 0 
13.6 -20 0.420414 0 0.0330632 0 
14 -20 0.432108 0 0.0353482 0 
14.4 -20 0.443358 0 0.0376414 0 
14.8 -20 0.454094 0 0.0399442 0 
15.2 -20 0.464494 0 0.0422428 0 
15.6 -20 0.474646 0 0.0445252 0 
16 -20 0.484444 0 0.0467973 0 
16.8 -20 0.50312 0 0.0512925 0 
17.6 -20 0.520584 0 0.0557116 0 
18.4 -20 0.536842 0 0.0600525 0 
19.2 -20 0.552316 0 0.0642628 0 
20 -20 0.566854 0 0.0683611 0 
20.8 -20 0.58031 0 0.0723815 0 
21.6 -20 0.593302 0 0.0762303 0 
22.4 -20 0.605428 0 0.0799835 0 
23.2 -20 0.616852 0 0.0836267 0 
24 -20 0.6277 0 0.0871447 0 
24.8 -20 0.637882 0 0.0905706 0 
25.6 -20 0.647662 0 0.0938532 0 
26.4 -20 0.656994 0 0.0970144 0 
27.2 -20 0.665798 0 0.100086 0 
28 -20 0.67414 0 0.103069 0 
28.8 -20 0.682082 0 0.105954 0 
29.6 -20 0.689714 0 0.108725 0 
30.4 -20 0.696972 0 0.111413 0 
31.2 -20 0.703942 0 0.113999 0 
32 -20 0.710606 0 0.116501 0 
32.8 -20 0.716964 0 0.11893 0 
33.6 -20 0.723032 0 0.12129 0 
34.4 -20 0.728946 0 0.123533 0 
35.2 -20 0.73458 0 0.125721 0 
36 -20 0.739958 0 0.127856 0 
36.8 -20 0.745134 0 0.129921 0 
37.6 -20 0.75011 0 0.131923 0 
38.4 -20 0.754862 0 0.133884 0 
39.2 -20 0.75948 0 0.135765 0 
40 -20 0.763908 0 0.137603 0 
2.4 -18 0.00636096 0 2.13655e-06 0 
2.6 -18 0.00944366 0 4.8842e-06 0 
2.8 -18 0.01346282 0 1.01407e-05 0 
3 -18 0.01810402 0 1.92324e-05 0 
3.2 -18 0.0238312 0 3.4395e-05 0 
3.4 -18 0.0301484 0 5.774e-05 0 
3.6 -18 0.0371188 0 9.19894e-05 0 
3.8 -18 0.0448406 0 0.00014051 0 
4 -18 0.0532802 0 0.000207022 0 
4.2 -18 0.0619574 0 0.000294114 0 
4.4 -18 0.0714144 0 0.000406501 0 
4.6 -18 0.080758 0 0.000546193 0 
4.8 -18 0.090782 0 0.000718074 0 
5 -18 0.1011898 0 0.00092483 0 
5.2 -18 0.1113708 0 0.00116852 0 
5.4 -18 0.1218742 0 0.00145253 0 
5.6 -18 0.1323014 0 0.00177757 0 
5.8 -18 0.1430886 0 0.00214638 0 
6 -18 0.153723 0 0.00256001 0 
6.2 -18 0.164569 0 0.00301847 0 
6.4 -18 0.1753864 0 0.00352276 0 
6.6 -18 0.1861832 0 0.00407193 0 
6.8 -18 0.1965122 0 0.00466745 0 
7 -18 0.20679 0 0.00530773 0 
7.2 -18 0.216834 0 0.00599256 0 
7.4 -18 0.226976 0 0.00671961 0 
7.6 -18 0.23704 0 0.00748732 0 
7.8 -18 0.246998 0 0.00829471 0 
8 -18 0.256618 0 0.00914246 0 
8.2 -18 0.266208 0 0.0100256 0 
8.4 -18 0.27541 0 0.0109466 0 
8.6 -18 0.284656 0 0.0118984 0 
8.8 -18 0.293726 0 0.0128819 0 
9 -18 0.302668 0 0.0138943 0 
9.2 -18 0.311362 0 0.014936 0 
9.4 -18 0.320018 0 0.0160007 0 
9.6 -18 0.328188 0 0.0170971 0 
9.8 -18 0.336696 0 0.0182037 0 
10 -18 0.344716 0 0.0193391 0 
10.2 -18 0.352722 0 0.0204894 0 
10.4 -18 0.360558 0 0.0216573 0 
10.6 -18 0.368244 0 0.02284 0 
10.8 -18 0.375648 0 0.0240414 0 
11 -18 0.383076 0 0.0252493 0 
11.2 -18 0.390338 0 0.0264685 0 
11.4 -18 0.397458 0 0.0276975 0 
11.6 -18 0.404528 0 0.0289305 0 
11.8 -18 0.411304 0 0.0301776 0 
12 -18 0.417936 0 0.0314315 0 
12.4 -18 0.430874 0 0.0339502 0 
12.8 -18 0.443374 0 0.0364774 0 
13.2 -18 0.455362 0 0.0390105 0 
13.6 -18 0.466996 0 0.0415345 0 
14 -18 0.478198 0 0.0440501 0 
14.4 -18 0.489024 0 0.0465484 0 
14.8 -18 0.4994 0 0.0490342 0 
15.2 -18 0.509464 0 0.0514924 0 
15.6 -18 0.51903 0 0.053941 0 
16 -18 0.52848 0 0.0563374 0 
16.8 -18 0.545992 0 0.0610921 0 
17.6 -18 0.562262 0 0.0657306 0 
18.4 -18 0.577718 0 0.0701942 0 
19.2 -18 0.59217 0 0.0745175 0 
20 -18 0.605554 0 0.078728 0 
20.8 -18 0.618214 0 0.0827783 0 
21.6 -18 0.630162 0 0.0866756 0 
22.4 -18 0.64149 0 0.0904138 0 
23.2 -18 0.652066 0 0.0940448 0 
24 -18 0.662072 0 0.0975385 0 
24.8 -18 0.671516 0 0.10091 0 
25.6 -18 0.680502 0 0.104148 0 
26.4 -18 0.688984 0 0.10728 0 
27.2 -18 0.69717 0 0.110251 0 
28 -18 0.704844 0 0.113153 0 
28.8 -18 0.712134 0 0.115955 0 
29.6 -18 0.71906 0 0.118668 0 
30.4 -18 0.725754 0 0.121246 0 
31.2 -18 0.732118 0 0.123745 0 
32 -18 0.738182 0 0.126166 0 
32.8 -18 0.744044 0 0.128472 0 
33.6 -18 0.749556 0 0.130752 0 
34.4 -18 0.75494 0 0.132899 0 
35.2 -18 0.76004 0 0.13501 0 
36 -18 0.764986 0 0.137022 0 
36.8 -18 0.769734 0 0.138969 0 
37.6 -18 0.774276 0 0.140866 0 
38.4 -18 0.778552 0 0.142762 0 
39.2 -18 0.78277 0 0.144534 0 
40 -18 0.786796 0 0.146277 0 
2 -16 0.00602028 0 1.93645e-06 0 
2.2 -16 0.00966 0 4.93085e-06 0 
2.4 -16 0.0142912 0 1.09052e-05 0 
2.6 -16 0.01993282 0 2.19986e-05 0 
2.8 -16 0.0267648 0 4.07739e-05 0 
3 -16 0.0344606 0 7.04603e-05 0 
3.2 -16 0.0431942 0 0.000115106 0 
3.4 -16 0.0526574 0 0.000179023 0 
3.6 -16 0.0627282 0 0.000266739 0 
3.8 -16 0.073444 0 0.000382912 0 
4 -16 0.0843658 0 0.000532725 0 
4.2 -16 0.0960502 0 0.000721033 0 
4.4 -16 0.1077006 0 0.000950639 0 
4.6 -16 0.119739 0 0.00122718 0 
4.8 -16 0.1317404 0 0.00155291 0 
5 -16 0.1442878 0 0.00193113 0 
5.2 -16 0.1564356 0 0.00236277 0 
5.4 -16 0.1686246 0 0.00284959 0 
5.6 -16 0.1805432 0 0.00339237 0 
5.8 -16 0.1924114 0 0.00399183 0 
6 -16 0.204032 0 0.0046475 0 
6.2 -16 0.215736 0 0.0053581 0 
6.4 -16 0.227364 0 0.00612227 0 
6.6 -16 0.238584 0 0.00694 0 
6.8 -16 0.249726 0 0.00780858 0 
7 -16 0.260456 0 0.00872752 0 
7.2 -16 0.271378 0 0.00968946 0 
7.4 -16 0.281792 0 0.0106984 0 
7.6 -16 0.292106 0 0.011748 0 
7.8 -16 0.302296 0 0.0128357 0 
8 -16 0.312232 0 0.0139608 0 
8.2 -16 0.32199 0 0.015119 0 
8.4 -16 0.33149 0 0.0163094 0 
8.6 -16 0.34077 0 0.0175289 0 
8.8 -16 0.349738 0 0.0187777 0 
9 -16 0.358652 0 0.0200475 0 
9.2 -16 0.367284 0 0.0213414 0 
9.4 -16 0.375884 0 0.0226495 0 
9.6 -16 0.384002 0 0.0239858 0 
9.8 -16 0.39228 0 0.0253245 0 
10 -16 0.400338 0 0.0266779 0 
10.2 -16 0.408094 0 0.028048 0 
10.4 -16 0.415576 0 0.029433 0 
10.6 -16 0.422982 0 0.0308222 0 
10.8 -16 0.430224 0 0.0322185 0 
11 -16 0.437308 0 0.0336201 0 
11.2 -16 0.444278 0 0.0350227 0 
11.4 -16 0.45107 0 0.0364301 0 
11.6 -16 0.457644 0 0.0378434 0 
11.8 -16 0.464198 0 0.0392491 0 
12 -16 0.470658 0 0.04065 0 
12.4 -16 0.482974 0 0.0434604 0 
12.8 -16 0.494918 0 0.0462444 0 
13.2 -16 0.506346 0 0.0490096 0 
13.6 -16 0.517248 0 0.0517563 0 
14 -16 0.527726 0 0.0544714 0 
14.4 -16 0.537738 0 0.0571598 0 
14.8 -16 0.54739 0 0.0598099 0 
15.2 -16 0.556788 0 0.062405 0 
15.6 -16 0.565798 0 0.0649632 0 
16 -16 0.57441 0 0.0674898 0 
16.8 -16 0.590746 0 0.0724047 0 
17.6 -16 0.606056 0 0.0771201 0 
18.4 -16 0.620166 0 0.0816877 0 
19.2 -16 0.633318 0 0.0860848 0 
20 -16 0.645882 0 0.0902442 0 
20.8 -16 0.657286 0 0.0943313 0 
21.6 -16 0.66822 0 0.0981919 0 
22.4 -16 0.678512 0 0.10189 0 
23.2 -16 0.68815 0 0.105457 0 
24 -16 0.697308 0 0.108855 0 
24.8 -16 0.705934 0 0.112125 0 
25.6 -16 0.714042 0 0.115284 0 
26.4 -16 0.721766 0 0.1183 0 
27.2 -16 0.729084 0 0.121201 0 
28 -16 0.736148 0 0.123937 0 
28.8 -16 0.742722 0 0.126633 0 
29.6 -16 0.748976 0 0.129231 0 
30.4 -16 0.75498 0 0.131709 0 
31.2 -16 0.760718 0 0.134089 0 
32 -16 0.766196 0 0.136383 0 
32.8 -16 0.771458 0 0.138578 0 
33.6 -16 0.77648 0 0.140702 0 
34.4 -16 0.781248 0 0.142778 0 
35.2 -16 0.785848 0 0.144761 0 
36 -16 0.79033 0 0.14663 0 
36.8 -16 0.79455 0 0.148492 0 
37.6 -16 0.798668 0 0.150245 0 
38.4 -16 0.802572 0 0.151981 0 
39.2 -16 0.806294 0 0.15369 0 
40 -16 0.809908 0 0.15532 0 
1.6 -14 0.0060488 0 2.09103e-06 0 
1.8 -14 0.01032836 0 5.7295e-06 0 
2 -14 0.01610616 0 1.3783e-05 0 
2.2 -14 0.0233474 0 2.89131e-05 0 
2.4 -14 0.0318608 0 5.50749e-05 0 
2.6 -14 0.0416314 0 9.65229e-05 0 
2.8 -14 0.0527162 0 0.00015955 0 
3 -14 0.0646444 0 0.000250178 0 
3.2 -14 0.0771048 0 0.000373675 0 
3.4 -14 0.090362 0 0.000538598 0 
3.6 -14 0.1037928 0 0.000749311 0 
3.8 -14 0.1180084 0 0.0010141 0 
4 -14 0.1320676 0 0.00133583 0 
4.2 -14 0.1461822 0 0.00172043 0 
4.4 -14 0.160059 0 0.00216965 0 
4.6 -14 0.1739892 0 0.00268815 0 
4.8 -14 0.1879226 0 0.00327637 0 
5 -14 0.201774 0 0.00393523 0 
5.2 -14 0.21513 0 0.00466494 0 
5.4 -14 0.22844 0 0.00546383 0 
5.6 -14 0.241254 0 0.00633292 0 
5.8 -14 0.254258 0 0.00726541 0 
6 -14 0.266554 0 0.00826311 0 
6.2 -14 0.27888 0 0.00931982 0 
6.4 -14 0.290968 0 0.0104324 0 
6.6 -14 0.302512 0 0.0116019 0 
6.8 -14 0.314102 0 0.0128164 0 
7 -14 0.325248 0 0.0140801 0 
7.2 -14 0.336012 0 0.0153879 0 
7.4 -14 0.346318 0 0.0167391 0 
7.6 -14 0.356496 0 0.0181246 0 
7.8 -14 0.366614 0 0.0195372 0 
8 -14 0.376172 0 0.020987 0 
8.2 -14 0.385652 0 0.0224581 0 
8.4 -14 0.394928 0 0.0239511 0 
8.6 -14 0.403966 0 0.0254634 0 
8.8 -14 0.41276 0 0.0269931 0 
9 -14 0.421298 0 0.0285391 0 
9.2 -14 0.429548 0 0.0301005 0 
9.4 -14 0.437854 0 0.0316584 0 
9.6 -14 0.445488 0 0.0332493 0 
9.8 -14 0.453384 0 0.0348197 0 
10 -14 0.460922 0 0.0364033 0 
10.2 -14 0.468318 0 0.037986 0 
10.4 -14 0.47542 0 0.0395767 0 
10.6 -14 0.482552 0 0.0411513 0 
10.8 -14 0.489336 0 0.0427369 0 
11 -14 0.49611 0 0.0443062 0 
11.2 -14 0.502696 0 0.0458721 0 
11.4 -14 0.509046 0 0.0474392 0 
11.6 -14 0.51519 0 0.049005 0 
11.8 -14 0.52129 0 0.0505531 0 
12 -14 0.527264 0 0.052091 0 
12.4 -14 0.53862 0 0.0551584 0 
12.8 -14 0.549666 0 0.058161 0 
13.2 -14 0.560204 0 0.0611199 0 
13.6 -14 0.57031 0 0.064025 0 
14 -14 0.579856 0 0.0668987 0 
14.4 -14 0.589144 0 0.069696 0 
14.8 -14 0.598056 0 0.0724367 0 
15.2 -14 0.60657 0 0.0751288 0 
15.6 -14 0.61478 0 0.0777581 0 
16 -14 0.6226 0 0.0803457 0 
16.8 -14 0.63744 0 0.0853343 0 
17.6 -14 0.651226 0 0.0900943 0 
18.4 -14 0.664122 0 0.0946168 0 
19.2 -14 0.67594 0 0.098989 0 
20 -14 0.687108 0 0.103121 0 
20.8 -14 0.697678 0 0.107021 0 
21.6 -14 0.707286 0 0.110848 0 
22.4 -14 0.716508 0 0.114431 0 
23.2 -14 0.72519 0 0.117845 0 
24 -14 0.733296 0 0.121141 0 
24.8 -14 0.740998 0 0.124269 0 
25.6 -14 0.748248 0 0.127275 0 
26.4 -14 0.75516 0 0.130126 0 
27.2 -14 0.76164 0 0.132894 0 
28 -14 0.767838 0 0.135521 0 
28.8 -14 0.773762 0 0.138019 0 
29.6 -14 0.779328 0 0.140458 0 
30.4 -14 0.784662 0 0.142779 0 
31.2 -14 0.789682 0 0.145054 0 
32 -14 0.794584 0 0.147166 0 
32.8 -14 0.799234 0 0.149221 0 
33.6 -14 0.803658 0 0.151216 0 
34.4 -14 0.80792 0 0.153114 0 
35.2 -14 0.81196 0 0.154979 0 
36 -14 0.81593 0 0.1567 0 
36.8 -14 0.819668 0 0.158418 0 
37.6 -14 0.823268 0 0.160069 0 
38.4 -14 0.826742 0 0.161649 0 
39.2 -14 0.830016 0 0.163242 0 
40 -14 0.83322 0 0.164732 0 
1.2 -12 0.00650484 0 2.75262e-06 0 
1.4 -12 0.01222568 0 8.809e-06 0 
1.6 -12 0.0199586 0 2.2201e-05 0 
1.8 -12 0.0296906 0 4.77625e-05 0 
2 -12 0.0413944 0 9.14672e-05 0 
2.2 -12 0.0542456 0 0.000158798 0 
2.4 -12 0.068699 0 0.000259259 0 
2.6 -12 0.084343 0 0.000401179 0 
2.8 -12 0.1002926 0 0.000592135 0 
3 -12 0.1167528 0 0.000840162 0 
3.2 -12 0.1336456 0 0.00115696 0 
3.4 -12 0.1502484 0 0.00154597 0 
3.6 -12 0.1667622 0 0.00201536 0 
3.8 -12 0.1832536 0 0.00257087 0 
4 -12 0.199808 0 0.00321471 0 
4.2 -12 0.215942 0 0.00394855 0 
4.4 -12 0.231646 0 0.00477301 0 
4.6 -12 0.246884 0 0.00568739 0 
4.8 -12 0.261752 0 0.00668837 0 
5 -12 0.276134 0 0.00777576 0 
5.2 -12 0.290238 0 0.00894233 0 
5.4 -12 0.303938 0 0.0101841 0 
5.6 -12 0.317186 0 0.0114983 0 
5.8 -12 0.329932 0 0.0128817 0 
6 -12 0.34245 0 0.0143242 0 
6.2 -12 0.354644 0 0.0158202 0 
6.4 -12 0.366356 0 0.0173683 0 
6.6 -12 0.37771 0 0.0189627 0 
6.8 -12 0.388814 0 0.0205947 0 
7 -12 0.39952 0 0.0222637 0 
7.2 -12 0.409768 0 0.0239689 0 
7.4 -12 0.419974 0 0.0256903 0 
7.6 -12 0.429574 0 0.0274464 0 
7.8 -12 0.439246 0 0.0292065 0 
8 -12 0.44844 0 0.0309891 0 
8.2 -12 0.457334 0 0.0327848 0 
8.4 -12 0.465952 0 0.0345903 0 
8.6 -12 0.474296 0 0.0364037 0 
8.8 -12 0.482604 0 0.0382065 0 
9 -12 0.490566 0 0.0400175 0 
9.2 -12 0.498378 0 0.0418204 0 
9.4 -12 0.505972 0 0.0436185 0 
9.6 -12 0.513068 0 0.045437 0 
9.8 -12 0.520142 0 0.0472337 0 
10 -12 0.526976 0 0.0490264 0 
10.2 -12 0.53379 0 0.0507937 0 
10.4 -12 0.540498 0 0.0525402 0 
10.6 -12 0.546838 0 0.0542963 0 
10.8 -12 0.553104 0 0.056028 0 
11 -12 0.559178 0 0.0577494 0 
11.2 -12 0.565216 0 0.0594403 0 
11.4 -12 0.57107 0 0.0611197 0 
11.6 -12 0.576564 0 0.0628131 0 
11.8 -12 0.582024 0 0.064476 0 
12 -12 0.587464 0 0.0661049 0 
12.4 -12 0.597756 0 0.0693414 0 
12.8 -12 0.607716 0 0.0724807 0 
13.2 -12 0.617064 0 0.0755756 0 
13.6 -12 0.626036 0 0.0785891 0 
14 -12 0.634636 0 0.0815252 0 
14.4 -12 0.642876 0 0.084385 0 
14.8 -12 0.650932 0 0.0871313 0 
15.2 -12 0.658508 0 0.0898415 0 
15.6 -12 0.665788 0 0.0924764 0 
16 -12 0.672812 0 0.0950322 0 
16.8 -12 0.685862 0 0.099997 0 
17.6 -12 0.69808 0 0.104657 0 
18.4 -12 0.709344 0 0.109097 0 
19.2 -12 0.7199 0 0.113276 0 
20 -12 0.729644 0 0.117277 0 
20.8 -12 0.738804 0 0.12105 0 
21.6 -12 0.747432 0 0.124607 0 
22.4 -12 0.755382 0 0.128058 0 
23.2 -12 0.762944 0 0.131292 0 
24 -12 0.77005 0 0.134378 0 
24.8 -12 0.77676 0 0.137312 0 
25.6 -12 0.783074 0 0.140123 0 
26.4 -12 0.78904 0 0.142809 0 
27.2 -12 0.794712 0 0.145362 0 
28 -12 0.800088 0 0.147804 0 
28.8 -12 0.805232 0 0.150109 0 
29.6 -12 0.81009 0 0.152342 0 
30.4 -12 0.814694 0 0.154498 0 
31.2 -12 0.819064 0 0.156581 0 
32 -12 0.823284 0 0.158537 0 
32.8 -12 0.827318 0 0.16041 0 
33.6 -12 0.83114 0 0.162243 0 
34.4 -12 0.834828 0 0.163975 0 
35.2 -12 0.838348 0 0.165654 0 
36 -12 0.841766 0 0.167226 0 
36.8 -12 0.844976 0 0.168813 0 
37.6 -12 0.848104 0 0.170294 0 
38.4 -12 0.851106 0 0.171724 0 
39.2 -12 0.853956 0 0.173149 0 
40 -12 0.856712 0 0.174509 0 
0.9 -11 0.0050545 0 1.87597e-06 0 
1 -11 0.0075986 0 4.02358e-06 0 
1.2 -11 0.01447918 0 1.32605e-05 0 
1.4 -11 0.023859 0 3.33067e-05 0 
1.6 -11 0.0355502 0 7.11084e-05 0 
1.8 -11 0.049482 0 0.000132787 0 
2 -11 0.0648716 0 0.000226167 0 
2.2 -11 0.0815722 0 0.000360485 0 
2.4 -11 0.0991616 0 0.000544263 0 
2.6 -11 0.1170564 0 0.000787237 0 
2.8 -11 0.1359194 0 0.0011054 0 
3 -11 0.1539668 0 0.00149642 0 
3.2 -11 0.172373 0 0.00198119 0 
3.4 -11 0.1903112 0 0.00255709 0 
3.6 -11 0.208326 0 0.00323534 0 
3.8 -11 0.225926 0 0.0040145 0 
4 -11 0.24299 0 0.00489882 0 
4.2 -11 0.2593 0 0.00588122 0 
4.4 -11 0.27536 0 0.00696571 0 
4.6 -11 0.290576 0 0.00814822 0 
4.8 -11 0.305572 0 0.00942114 0 
5 -11 0.320172 0 0.0107782 0 
5.2 -11 0.334132 0 0.0122164 0 
5.4 -11 0.347538 0 0.0137318 0 
5.6 -11 0.360802 0 0.0153099 0 
5.8 -11 0.373448 0 0.0169516 0 
6 -11 0.385462 0 0.0186519 0 
6.2 -11 0.397316 0 0.0203957 0 
6.4 -11 0.408548 0 0.0221892 0 
6.6 -11 0.419574 0 0.0240133 0 
6.8 -11 0.430384 0 0.0258628 0 
7 -11 0.44057 0 0.0277491 0 
7.2 -11 0.450592 0 0.0296498 0 
7.4 -11 0.460294 0 0.031567 0 
7.6 -11 0.469494 0 0.0335075 0 
7.8 -11 0.478308 0 0.0354647 0 
8 -11 0.487244 0 0.037402 0 
8.2 -11 0.495882 0 0.0393422 0 
8.4 -11 0.504014 0 0.0412992 0 
8.6 -11 0.51216 0 0.0432326 0 
8.8 -11 0.519994 0 0.0451653 0 
9 -11 0.527614 0 0.0470873 0 
9.2 -11 0.534824 0 0.0490185 0 
9.4 -11 0.541874 0 0.0509347 0 
9.6 -11 0.548682 0 0.0528439 0 
9.8 -11 0.555442 0 0.0547219 0 
10 -11 0.56206 0 0.0565785 0 
10.2 -11 0.568516 0 0.0584153 0 
10.4 -11 0.574728 0 0.060244 0 
10.6 -11 0.580702 0 0.0620637 0 
10.8 -11 0.586428 0 0.0638786 0 
11 -11 0.59218 0 0.0656483 0 
11.2 -11 0.597788 0 0.0673957 0 
11.4 -11 0.603264 0 0.0691207 0 
11.6 -11 0.608572 0 0.0708308 0 
11.8 -11 0.613788 0 0.0725113 0 
12 -11 0.61883 0 0.0741786 0 
12.4 -11 0.628544 0 0.0774509 0 
12.8 -11 0.637726 0 0.0806526 0 
13.2 -11 0.646598 0 0.0837425 0 
13.6 -11 0.654994 0 0.0867651 0 
14 -11 0.662998 0 0.0897087 0 
14.4 -11 0.670594 0 0.0925865 0 
14.8 -11 0.678092 0 0.0953197 0 
15.2 -11 0.685236 0 0.0979822 0 
15.6 -11 0.691944 0 0.100612 0 
16 -11 0.698448 0 0.103146 0 
16.8 -11 0.710682 0 0.108001 0 
17.6 -11 0.722 0 0.11258 0 
18.4 -11 0.732512 0 0.116894 0 
19.2 -11 0.742256 0 0.120981 0 
20 -11 0.751326 0 0.124848 0 
20.8 -11 0.759698 0 0.128561 0 
21.6 -11 0.767698 0 0.131987 0 
22.4 -11 0.775116 0 0.135283 0 
23.2 -11 0.782072 0 0.138418 0 
24 -11 0.788668 0 0.141363 0 
24.8 -11 0.794836 0 0.144197 0 
25.6 -11 0.800688 0 0.146873 0 
26.4 -11 0.806192 0 0.149447 0 
27.2 -11 0.811458 0 0.151858 0 
28 -11 0.816386 0 0.154211 0 
28.8 -11 0.82112 0 0.156413 0 
29.6 -11 0.825594 0 0.158544 0 
30.4 -11 0.829848 0 0.160584 0 
31.2 -11 0.833868 0 0.162573 0 
32 -11 0.83776 0 0.164424 0 
32.8 -11 0.841442 0 0.166233 0 
33.6 -11 0.844986 0 0.167945 0 
34.4 -11 0.848412 0 0.16955 0 
35.2 -11 0.851616 0 0.17118 0 
36 -11 0.854754 0 0.172672 0 
36.8 -11 0.85772 0 0.174161 0 
37.6 -11 0.86059 0 0.175566 0 
38.4 -11 0.863342 0 0.176928 0 
39.2 -11 0.865978 0 0.178255 0 
40 -11 0.86851 0 0.179543 0 
0.7 -10 0.0067316 0 3.66823e-06 0 
0.8 -10 0.01024246 0 8.08675e-06 0 
0.9 -10 0.01420776 0 1.48907e-05 0 
1 -10 0.01892448 0 2.47798e-05 0 
1.2 -10 0.030621 0 5.92261e-05 0 
1.4 -10 0.045085 0 0.000118109 0 
1.6 -10 0.061654 0 0.000211958 0 
1.8 -10 0.0795518 0 0.000345268 0 
2 -10 0.0992274 0 0.000533041 0 
2.2 -10 0.1190956 0 0.000777414 0 
2.4 -10 0.139663 0 0.00109933 0 
2.6 -10 0.1600042 0 0.00150425 0 
2.8 -10 0.180638 0 0.0020074 0 
3 -10 0.200692 0 0.002613 0 
3.2 -10 0.220086 0 0.00332788 0 
3.4 -10 0.238842 0 0.00415968 0 
3.6 -10 0.257126 0 0.00510631 0 
3.8 -10 0.274602 0 0.00617094 0 
4 -10 0.292064 0 0.00735211 0 
4.2 -10 0.308162 0 0.00864543 0 
4.4 -10 0.32417 0 0.0100395 0 
4.6 -10 0.339418 0 0.0115355 0 
4.8 -10 0.353908 0 0.0131261 0 
5 -10 0.367932 0 0.0147978 0 
5.2 -10 0.381442 0 0.0165463 0 
5.4 -10 0.394662 0 0.0183543 0 
5.6 -10 0.407264 0 0.0202267 0 
5.8 -10 0.419398 0 0.0221509 0 
6 -10 0.43077 0 0.0241312 0 
6.2 -10 0.442216 0 0.0261301 0 
6.4 -10 0.453024 0 0.0281694 0 
6.6 -10 0.463596 0 0.0302255 0 
6.8 -10 0.473626 0 0.0323112 0 
7 -10 0.48361 0 0.0343934 0 
7.2 -10 0.492988 0 0.0364996 0 
7.4 -10 0.502058 0 0.0386118 0 
7.6 -10 0.510978 0 0.0407138 0 
7.8 -10 0.519692 0 0.0428057 0 
8 -10 0.528012 0 0.0449001 0 
8.2 -10 0.536042 0 0.0469894 0 
8.4 -10 0.543884 0 0.0490604 0 
8.6 -10 0.551356 0 0.0511314 0 
8.8 -10 0.558518 0 0.0531966 0 
9 -10 0.565708 0 0.0552162 0 
9.2 -10 0.572606 0 0.0572275 0 
9.4 -10 0.579196 0 0.0592327 0 
9.6 -10 0.585722 0 0.0612 0 
9.8 -10 0.592042 0 0.0631476 0 
10 -10 0.598044 0 0.0650947 0 
10.2 -10 0.604004 0 0.0669977 0 
10.4 -10 0.609746 0 0.0688874 0 
10.6 -10 0.61545 0 0.0707315 0 
10.8 -10 0.620952 0 0.0725588 0 
11 -10 0.626156 0 0.0743909 0 
11.2 -10 0.631504 0 0.0761424 0 
11.4 -10 0.63639 0 0.0779349 0 
11.6 -10 0.641322 0 0.0796659 0 
11.8 -10 0.646138 0 0.0813701 0 
12 -10 0.650888 0 0.0830354 0 
12.4 -10 0.659858 0 0.0863351 0 
12.8 -10 0.668472 0 0.0895157 0 
13.2 -10 0.676612 0 0.092619 0 
13.6 -10 0.684438 0 0.0956096 0 
14 -10 0.691846 0 0.0985271 0 
14.4 -10 0.698936 0 0.101352 0 
14.8 -10 0.705698 0 0.104097 0 
15.2 -10 0.712336 0 0.106698 0 
15.6 -10 0.718568 0 0.109264 0 
16 -10 0.724528 0 0.111757 0 
16.8 -10 0.735808 0 0.11649 0 
17.6 -10 0.746194 0 0.120957 0 
18.4 -10 0.755862 0 0.125137 0 
19.2 -10 0.764836 0 0.129075 0 
20 -10 0.773178 0 0.132794 0 
20.8 -10 0.780966 0 0.136301 0 
21.6 -10 0.788186 0 0.139657 0 
22.4 -10 0.795052 0 0.142765 0 
23.2 -10 0.801378 0 0.145794 0 
24 -10 0.807414 0 0.148604 0 
24.8 -10 0.81306 0 0.151305 0 
25.6 -10 0.818408 0 0.153855 0 
26.4 -10 0.82348 0 0.156267 0 
27.2 -10 0.82825 0 0.158591 0 
28 -10 0.832762 0 0.160817 0 
28.8 -10 0.837066 0 0.162924 0 
29.6 -10 0.841192 0 0.164898 0 
30.4 -10 0.84506 0 0.166843 0 
31.2 -10 0.84878 0 0.16867 0 
32 -10 0.852276 0 0.170478 0 
32.8 -10 0.855664 0 0.172155 0 
33.6 -10 0.858902 0 0.173761 0 
34.4 -10 0.861992 0 0.175314 0 
35.2 -10 0.864932 0 0.176828 0 
36 -10 0.867802 0 0.178218 0 
36.8 -10 0.870504 0 0.17962 0 
37.6 -10 0.873134 0 0.180922 0 
38.4 -10 0.87566 0 0.182173 0 
39.2 -10 0.878072 0 0.183406 0 
40 -10 0.880338 0 0.184681 0 
0.3 -9 0.00597832 0 3.29562e-06 0 
0.4 -9 0.0092023 0 7.82858e-06 0 
0.5 -9 0.01326592 0 1.5317e-05 0 
0.6 -9 0.01787056 0 2.65042e-05 0 
0.7 -9 0.023216 0 4.29395e-05 0 
0.8 -9 0.0295302 0 6.60993e-05 0 
0.9 -9 0.036499 0 9.52565e-05 0 
1 -9 0.0445046 0 0.000134147 0 
1.2 -9 0.0617958 0 0.000236394 0 
1.4 -9 0.08116 0 0.000383667 0 
1.6 -9 0.1020028 0 0.000583085 0 
1.8 -9 0.1245524 0 0.000851347 0 
2 -9 0.147263 0 0.00118921 0 
2.2 -9 0.1702402 0 0.00161871 0 
2.4 -9 0.192661 0 0.00214413 0 
2.6 -9 0.214642 0 0.00278391 0 
2.8 -9 0.235868 0 0.00354285 0 
3 -9 0.256136 0 0.00443013 0 
3.2 -9 0.275788 0 0.00545458 0 
3.4 -9 0.294394 0 0.00661576 0 
3.6 -9 0.312932 0 0.00790961 0 
3.8 -9 0.330446 0 0.00933033 0 
4 -9 0.347334 0 0.0108709 0 
4.2 -9 0.363244 0 0.0125278 0 
4.4 -9 0.378552 0 0.0142883 0 
4.6 -9 0.39346 0 0.0161367 0 
4.8 -9 0.407204 0 0.0180761 0 
5 -9 0.420636 0 0.0200856 0 
5.2 -9 0.433396 0 0.022164 0 
5.4 -9 0.445618 0 0.0242978 0 
5.6 -9 0.457586 0 0.0264696 0 
5.8 -9 0.46894 0 0.0286824 0 
6 -9 0.47995 0 0.0309224 0 
6.2 -9 0.49044 0 0.0331904 0 
6.4 -9 0.500626 0 0.0354696 0 
6.6 -9 0.51055 0 0.0377485 0 
6.8 -9 0.520104 0 0.0400316 0 
7 -9 0.5287 0 0.0423651 0 
7.2 -9 0.537694 0 0.0446385 0 
7.4 -9 0.546472 0 0.046891 0 
7.6 -9 0.554616 0 0.0491628 0 
7.8 -9 0.562608 0 0.051407 0 
8 -9 0.57032 0 0.0536343 0 
8.2 -9 0.577712 0 0.0558503 0 
8.4 -9 0.584848 0 0.058048 0 
8.6 -9 0.59179 0 0.0602194 0 
8.8 -9 0.59867 0 0.0623423 0 
9 -9 0.60536 0 0.0644335 0 
9.2 -9 0.611618 0 0.0665352 0 
9.4 -9 0.617824 0 0.0685859 0 
9.6 -9 0.623684 0 0.0706371 0 
9.8 -9 0.629442 0 0.0726471 0 
10 -9 0.635106 0 0.0746152 0 
10.2 -9 0.64053 0 0.0765683 0 
10.4 -9 0.64595 0 0.0784605 0 
10.6 -9 0.651166 0 0.0803345 0 
10.8 -9 0.656196 0 0.082187 0 
11 -9 0.661086 0 0.0840122 0 
11.2 -9 0.665802 0 0.0858179 0 
11.4 -9 0.670424 0 0.0875873 0 
11.6 -9 0.675064 0 0.0892906 0 
11.8 -9 0.679376 0 0.0910209 0 
12 -9 0.683584 0 0.0927219 0 
12.4 -9 0.691956 0 0.0959594 0 
12.8 -9 0.699886 0 0.0990946 0 
13.2 -9 0.707384 0 0.102141 0 
13.6 -9 0.714408 0 0.105129 0 
14 -9 0.721236 0 0.107971 0 
14.4 -9 0.727682 0 0.110747 0 
14.8 -9 0.733884 0 0.113416 0 
15.2 -9 0.739776 0 0.116014 0 
15.6 -9 0.745506 0 0.118488 0 
16 -9 0.750994 0 0.120881 0 
16.8 -9 0.761258 0 0.125461 0 
17.6 -9 0.770742 0 0.129747 0 
18.4 -9 0.77951 0 0.13377 0 
19.2 -9 0.787642 0 0.137554 0 
20 -9 0.795294 0 0.141053 0 
20.8 -9 0.802246 0 0.144478 0 
21.6 -9 0.808842 0 0.147637 0 
22.4 -9 0.815092 0 0.150563 0 
23.2 -9 0.820832 0 0.153431 0 
24 -9 0.826272 0 0.156112 0 
24.8 -9 0.831398 0 0.158653 0 
25.6 -9 0.836258 0 0.161039 0 
26.4 -9 0.840852 0 0.163304 0 
27.2 -9 0.845134 0 0.165528 0 
28 -9 0.849252 0 0.167581 0 
28.8 -9 0.853162 0 0.169535 0 
29.6 -9 0.856864 0 0.171415 0 
30.4 -9 0.860362 0 0.17324 0 
31.2 -9 0.863712 0 0.174961 0 
32 -9 0.866886 0 0.176638 0 
32.8 -9 0.869956 0 0.17819 0 
33.6 -9 0.872856 0 0.179724 0 
34.4 -9 0.875658 0 0.181154 0 
35.2 -9 0.87832 0 0.182558 0 
36 -9 0.880894 0 0.183874 0 
36.8 -9 0.883346 0 0.185165 0 
37.6 -9 0.885708 0 0.186389 0 
38.4 -9 0.887976 0 0.187572 0 
39.2 -9 0.890132 0 0.188755 0 
40 -9 0.892214 0 0.189884 0 
0.3 -8 0.0385276 0 0.000135743 0 
0.4 -8 0.0426516 0 0.000162086 0 
0.5 -8 0.048276 0 0.000198742 0 
0.6 -8 0.0547272 0 0.000243805 0 
0.7 -8 0.0624138 0 0.000302261 0 
0.8 -8 0.0712328 0 0.00037161 0 
0.9 -8 0.080635 0 0.000455187 0 
1 -8 0.0904452 0 0.000548751 0 
1.2 -8 0.1130512 0 0.000787866 0 
1.4 -8 0.1368164 0 0.00109018 0 
1.6 -8 0.1614916 0 0.00146423 0 
1.8 -8 0.1861544 0 0.00192751 0 
2 -8 0.210688 0 0.00249054 0 
2.2 -8 0.23479 0 0.00317374 0 
2.4 -8 0.257932 0 0.00398827 0 
2.6 -8 0.27991 0 0.00494777 0 
2.8 -8 0.301254 0 0.00605517 0 
3 -8 0.321756 0 0.00732393 0 
3.2 -8 0.341394 0 0.00874228 0 
3.4 -8 0.358852 0 0.0103095 0 
3.6 -8 0.376066 0 0.0120194 0 
3.8 -8 0.392658 0 0.0138568 0 
4 -8 0.40801 0 0.0158233 0 
4.2 -8 0.423092 0 0.0178881 0 
4.4 -8 0.437666 0 0.0200438 0 
4.6 -8 0.451366 0 0.022282 0 
4.8 -8 0.464202 0 0.024596 0 
5 -8 0.47681 0 0.0269568 0 
5.2 -8 0.488618 0 0.0293766 0 
5.4 -8 0.499896 0 0.0318327 0 
5.6 -8 0.510782 0 0.0343116 0 
5.8 -8 0.52168 0 0.0367795 0 
6 -8 0.531422 0 0.0393097 0 
6.2 -8 0.541194 0 0.0418112 0 
6.4 -8 0.55055 0 0.044313 0 
6.6 -8 0.55955 0 0.0468081 0 
6.8 -8 0.568154 0 0.0492976 0 
7 -8 0.576598 0 0.0517532 0 
7.2 -8 0.58449 0 0.0542183 0 
7.4 -8 0.592206 0 0.0566479 0 
7.6 -8 0.599684 0 0.0590479 0 
7.8 -8 0.606944 0 0.0614156 0 
8 -8 0.613806 0 0.0637769 0 
8.2 -8 0.62088 0 0.0660363 0 
8.4 -8 0.627426 0 0.0683111 0 
8.6 -8 0.633916 0 0.0705218 0 
8.8 -8 0.640014 0 0.0727329 0 
9 -8 0.645966 0 0.0749017 0 
9.2 -8 0.65163 0 0.0770572 0 
9.4 -8 0.657292 0 0.0791407 0 
9.6 -8 0.662746 0 0.081196 0 
9.8 -8 0.668084 0 0.083204 0 
10 -8 0.673154 0 0.085204 0 
10.2 -8 0.678176 0 0.0871426 0 
10.4 -8 0.68295 0 0.0890745 0 
10.6 -8 0.687618 0 0.0909636 0 
10.8 -8 0.6923 0 0.0927769 0 
11 -8 0.69664 0 0.0946199 0 
11.2 -8 0.701018 0 0.0963807 0 
11.4 -8 0.70519 0 0.0981371 0 
11.6 -8 0.709228 0 0.0998693 0 
11.8 -8 0.713208 0 0.101553 0 
12 -8 0.717158 0 0.10318 0 
12.4 -8 0.72457 0 0.106409 0 
12.8 -8 0.731718 0 0.109479 0 
13.2 -8 0.738414 0 0.112481 0 
13.6 -8 0.744852 0 0.115347 0 
14 -8 0.75103 0 0.118091 0 
14.4 -8 0.756888 0 0.120754 0 
14.8 -8 0.762402 0 0.123363 0 
15.2 -8 0.76776 0 0.125837 0 
15.6 -8 0.772854 0 0.128244 0 
16 -8 0.777746 0 0.130562 0 
16.8 -8 0.787052 0 0.134888 0 
17.6 -8 0.795566 0 0.138968 0 
18.4 -8 0.803392 0 0.142818 0 
19.2 -8 0.810672 0 0.146411 0 
20 -8 0.817542 0 0.149701 0 
20.8 -8 0.823804 0 0.152906 0 
21.6 -8 0.829678 0 0.155908 0 
22.4 -8 0.83527 0 0.158649 0 
23.2 -8 0.840412 0 0.161335 0 
24 -8 0.845284 0 0.163838 0 
24.8 -8 0.849868 0 0.166209 0 
25.6 -8 0.854198 0 0.16845 0 
26.4 -8 0.85827 0 0.170597 0 
27.2 -8 0.862116 0 0.172648 0 
28 -8 0.865806 0 0.174541 0 
28.8 -8 0.86926 0 0.176402 0 
29.6 -8 0.872594 0 0.178106 0 
30.4 -8 0.875714 0 0.179804 0 
31.2 -8 0.87871 0 0.181392 0 
32 -8 0.88154 0 0.182948 0 
32.8 -8 0.88426 0 0.184412 0 
33.6 -8 0.88688 0 0.185776 0 
34.4 -8 0.889344 0 0.187154 0 
35.2 -8 0.891742 0 0.188412 0 
36 -8 0.894028 0 0.189639 0 
36.8 -8 0.896202 0 0.190849 0 
37.6 -8 0.898312 0 0.19197 0 
38.4 -8 0.900356 0 0.193016 0 
39.2 -8 0.902282 0 0.194096 0 
40 -8 0.904116 0 0.195177 0 
0.3 -7 0.1024916 0 0.000933889 0 
0.4 -7 0.1078786 0 0.000996472 0 
0.5 -7 0.113757 0 0.00106398 0 
0.6 -7 0.12155 0 0.00116748 0 
0.7 -7 0.1303368 0 0.00128033 0 
0.8 -7 0.1403588 0 0.00141597 0 
0.9 -7 0.1523296 0 0.00158626 0 
1 -7 0.1635252 0 0.00175171 0 
1.2 -7 0.1891974 0 0.00218195 0 
1.4 -7 0.215114 0 0.00269478 0 
1.6 -7 0.241236 0 0.00330776 0 
1.8 -7 0.266328 0 0.00403459 0 
2 -7 0.290676 0 0.0049002 0 
2.2 -7 0.313842 0 0.00591781 0 
2.4 -7 0.335824 0 0.00711238 0 
2.6 -7 0.35685 0 0.00848017 0 
2.8 -7 0.377094 0 0.0100304 0 
3 -7 0.395774 0 0.0117563 0 
3.2 -7 0.413358 0 0.0136497 0 
3.4 -7 0.429774 0 0.0156935 0 
3.6 -7 0.445522 0 0.017878 0 
3.8 -7 0.460918 0 0.0201809 0 
4 -7 0.474902 0 0.0226057 0 
4.2 -7 0.488204 0 0.0251209 0 
4.4 -7 0.500792 0 0.0277115 0 
4.6 -7 0.51316 0 0.0303541 0 
4.8 -7 0.524806 0 0.0330464 0 
5 -7 0.536014 0 0.0357658 0 
5.2 -7 0.54683 0 0.0385048 0 
5.4 -7 0.55729 0 0.0412439 0 
5.6 -7 0.566996 0 0.0440132 0 
5.8 -7 0.57637 0 0.0467699 0 
6 -7 0.58556 0 0.049495 0 
6.2 -7 0.594176 0 0.0522258 0 
6.4 -7 0.602296 0 0.0549561 0 
6.6 -7 0.610448 0 0.0576145 0 
6.8 -7 0.61857 0 0.0601986 0 
7 -7 0.625938 0 0.0628191 0 
7.2 -7 0.633006 0 0.0654087 0 
7.4 -7 0.639818 0 0.0679621 0 
7.6 -7 0.646562 0 0.0704467 0 
7.8 -7 0.653136 0 0.0728751 0 
8 -7 0.659238 0 0.0753128 0 
8.2 -7 0.665132 0 0.0777128 0 
8.4 -7 0.67108 0 0.0800126 0 
8.6 -7 0.676856 0 0.0822625 0 
8.8 -7 0.682484 0 0.0844581 0 
9 -7 0.687792 0 0.0866459 0 
9.2 -7 0.69289 0 0.0888032 0 
9.4 -7 0.697952 0 0.0908822 0 
9.6 -7 0.702794 0 0.0929388 0 
9.8 -7 0.707434 0 0.0949732 0 
10 -7 0.712042 0 0.0969317 0 
10.2 -7 0.71642 0 0.0988818 0 
10.4 -7 0.720778 0 0.100754 0 
10.6 -7 0.72504 0 0.102577 0 
10.8 -7 0.729064 0 0.104405 0 
11 -7 0.732962 0 0.106202 0 
11.2 -7 0.736838 0 0.107929 0 
11.4 -7 0.740516 0 0.109657 0 
11.6 -7 0.744144 0 0.11133 0 
11.8 -7 0.747708 0 0.112956 0 
12 -7 0.75112 0 0.114573 0 
12.4 -7 0.757818 0 0.117648 0 
12.8 -7 0.764076 0 0.120648 0 
13.2 -7 0.7701 0 0.123491 0 
13.6 -7 0.77575 0 0.12627 0 
14 -7 0.781196 0 0.128908 0 
14.4 -7 0.786426 0 0.13142 0 
14.8 -7 0.79132 0 0.133901 0 
15.2 -7 0.796056 0 0.136252 0 
15.6 -7 0.800552 0 0.13854 0 
16 -7 0.804914 0 0.140705 0 
16.8 -7 0.813072 0 0.144827 0 
17.6 -7 0.820554 0 0.148691 0 
18.4 -7 0.827482 0 0.152285 0 
19.2 -7 0.833956 0 0.155597 0 
20 -7 0.839952 0 0.158713 0 
20.8 -7 0.845536 0 0.161633 0 
21.6 -7 0.850646 0 0.164492 0 
22.4 -7 0.855552 0 0.167045 0 
23.2 -7 0.860112 0 0.169499 0 
24 -7 0.864376 0 0.171838 0 
24.8 -7 0.86843 0 0.174 0 
25.6 -7 0.872228 0 0.176075 0 
26.4 -7 0.875804 0 0.178061 0 
27.2 -7 0.879196 0 0.179934 0 
28 -7 0.882434 0 0.181675 0 
28.8 -7 0.885466 0 0.183391 0 
29.6 -7 0.888398 0 0.184942 0 
30.4 -7 0.891138 0 0.186501 0 
31.2 -7 0.893748 0 0.187986 0 
32 -7 0.896242 0 0.189397 0 
32.8 -7 0.898622 0 0.19075 0 
33.6 -7 0.900908 0 0.192019 0 
34.4 -7 0.903096 0 0.193233 0 
35.2 -7 0.905186 0 0.194404 0 
36 -7 0.90718 0 0.195547 0 
36.8 -7 0.909108 0 0.196609 0 
37.6 -7 0.910954 0 0.197637 0 
38.4 -7 0.91273 0 0.198621 0 
39.2 -7 0.91442 0 0.199611 0 
40 -7 0.91605 0 0.20055 0 
0.3 -6 0.194628 0 0.00326446 0 
0.4 -6 0.20091 0 0.00334049 0 
0.5 -6 0.208924 0 0.00347249 0 
0.6 -6 0.218978 0 0.00363326 0 
0.7 -6 0.229978 0 0.00382677 0 
0.8 -6 0.240466 0 0.00402529 0 
0.9 -6 0.251508 0 0.00424424 0 
1 -6 0.264598 0 0.00453548 0 
1.2 -6 0.290156 0 0.00515256 0 
1.4 -6 0.31508 0 0.00586165 0 
1.6 -6 0.339526 0 0.00673534 0 
1.8 -6 0.36298 0 0.00777902 0 
2 -6 0.385328 0 0.00902068 0 
2.2 -6 0.405512 0 0.0104531 0 
2.4 -6 0.424994 0 0.0121077 0 
2.6 -6 0.442928 0 0.0139839 0 
2.8 -6 0.459956 0 0.0160552 0 
3 -6 0.476228 0 0.0183309 0 
3.2 -6 0.491528 0 0.0207683 0 
3.4 -6 0.505358 0 0.0233662 0 
3.6 -6 0.519666 0 0.0260561 0 
3.8 -6 0.532342 0 0.0288776 0 
4 -6 0.544392 0 0.0317947 0 
4.2 -6 0.556564 0 0.0347313 0 
4.4 -6 0.56765 0 0.0377388 0 
4.6 -6 0.578242 0 0.0407739 0 
4.8 -6 0.58852 0 0.0438139 0 
5 -6 0.598314 0 0.0468572 0 
5.2 -6 0.60752 0 0.0499103 0 
5.4 -6 0.616486 0 0.0529313 0 
5.6 -6 0.624912 0 0.0559481 0 
5.8 -6 0.633054 0 0.0589284 0 
6 -6 0.641108 0 0.0618356 0 
6.2 -6 0.64891 0 0.0646891 0 
6.4 -6 0.656282 0 0.0675198 0 
6.6 -6 0.663196 0 0.0703333 0 
6.8 -6 0.670054 0 0.0730596 0 
7 -6 0.676552 0 0.0757582 0 
7.2 -6 0.682768 0 0.0784131 0 
7.4 -6 0.689088 0 0.0809358 0 
7.6 -6 0.694836 0 0.0834947 0 
7.8 -6 0.70028 0 0.08603 0 
8 -6 0.705762 0 0.0884516 0 
8.2 -6 0.711088 0 0.0908094 0 
8.4 -6 0.716134 0 0.0931475 0 
8.6 -6 0.721102 0 0.0954057 0 
8.8 -6 0.725842 0 0.0976356 0 
9 -6 0.73043 0 0.0998159 0 
9.2 -6 0.735074 0 0.101873 0 
9.4 -6 0.739448 0 0.103928 0 
9.6 -6 0.743736 0 0.105914 0 
9.8 -6 0.747802 0 0.107892 0 
10 -6 0.75165 0 0.109868 0 
10.2 -6 0.755574 0 0.111716 0 
10.4 -6 0.759346 0 0.113537 0 
10.6 -6 0.763042 0 0.115301 0 
10.8 -6 0.766616 0 0.11703 0 
11 -6 0.77004 0 0.118744 0 
11.2 -6 0.77326 0 0.120478 0 
11.4 -6 0.776494 0 0.122118 0 
11.6 -6 0.779708 0 0.123688 0 
11.8 -6 0.78267 0 0.125313 0 
12 -6 0.785752 0 0.126787 0 
12.4 -6 0.791434 0 0.129787 0 
12.8 -6 0.796946 0 0.132584 0 
13.2 -6 0.80216 0 0.135277 0 
13.6 -6 0.807066 0 0.137895 0 
14 -6 0.811828 0 0.140342 0 
14.4 -6 0.816294 0 0.142743 0 
14.8 -6 0.820572 0 0.145037 0 
15.2 -6 0.824598 0 0.147293 0 
15.6 -6 0.828574 0 0.149356 0 
16 -6 0.83225 0 0.151454 0 
16.8 -6 0.839336 0 0.155248 0 
17.6 -6 0.845816 0 0.158811 0 
18.4 -6 0.8518 0 0.162126 0 
19.2 -6 0.85735 0 0.165211 0 
20 -6 0.862498 0 0.168101 0 
20.8 -6 0.867312 0 0.170781 0 
21.6 -6 0.871778 0 0.173329 0 
22.4 -6 0.875984 0 0.175684 0 
23.2 -6 0.879924 0 0.177906 0 
24 -6 0.883576 0 0.180071 0 
24.8 -6 0.887058 0 0.182044 0 
25.6 -6 0.890326 0 0.183938 0 
26.4 -6 0.89341 0 0.18573 0 
27.2 -6 0.896324 0 0.187434 0 
28 -6 0.899104 0 0.189019 0 
28.8 -6 0.901732 0 0.190537 0 
29.6 -6 0.904214 0 0.192009 0 
30.4 -6 0.906596 0 0.19337 0 
31.2 -6 0.908842 0 0.19471 0 
32 -6 0.910984 0 0.195991 0 
32.8 -6 0.913026 0 0.19722 0 
33.6 -6 0.914996 0 0.198349 0 
34.4 -6 0.916866 0 0.199467 0 
35.2 -6 0.91867 0 0.200498 0 
36 -6 0.9204 0 0.201485 0 
36.8 -6 0.92203 0 0.202501 0 
37.6 -6 0.923624 0 0.203404 0 
38.4 -6 0.925138 0 0.204317 0 
39.2 -6 0.926614 0 0.205138 0 
40 -6 0.928 0 0.20602 0 
0.3 -5 0.317185 0.0005949 0.0083838 1.39e-05 
0.4 -5 0.325607 0.000197 0.00850369 3.037e-05 
0.5 -5 0.33464 0.0006218 0.00860303 1.108e-05 
0.6 -5 0.344961 0.000168 0.00879014 6.03e-06 
0.7 -5 0.355522 0.0003563 0.00896387 1.645e-05 
0.8 -5 0.366712 0.0001175 0.0091896 7.297e-06 
0.9 -5 0.377426 0.0002206 0.00946793 8.877e-06 
1 -5 0.388998 9.873e-05 0.00976234 7.348e-06 
1.2 -5 0.410937 0.0001124 0.0104869 1.099e-05 
1.4 -5 0.432172 0.0002118 0.0114119 1.195e-05 
1.6 -5 0.452583 0.0002033 0.0125404 8.35e-06 
1.8 -5 0.471176 0.0001324 0.0139517 5.787e-06 
2 -5 0.488915 0.0001169 0.0156032 8.511e-06 
2.2 -5 0.505205 0.0003791 0.0175378 1.316e-05 
2.4 -5 0.520752 0.0002564 0.019747 5.303e-06 
2.6 -5 0.535355 8.701e-05 0.0222079 5.374e-06 
2.8 -5 0.548865 7.711e-05 0.0248979 4.18e-06 
3 -5 0.561775 0.0001503 0.027779 1.01e-05 
3.2 -5 0.574263 2.213e-05 0.0307993 3.868e-06 
3.4 -5 0.586099 8.747e-05 0.033933 9.742e-06 
3.6 -5 0.597229 8.451e-05 0.0371829 7.996e-06 
3.8 -5 0.607741 2.691e-05 0.0405084 3.839e-06 
4 -5 0.617898 3.275e-06 0.0438591 1.458e-06 
4.2 -5 0.62769 0 0.0472333 0 
4.4 -5 0.636874 0 0.0506321 0 
4.6 -5 0.645666 0 0.0540186 0 
4.8 -5 0.654342 0 0.0573411 0 
5 -5 0.662404 0 0.0606762 0 
5.2 -5 0.67011 0 0.0639725 0 
5.4 -5 0.677538 0 0.0672153 0 
5.6 -5 0.685106 0 0.0703157 0 
5.8 -5 0.692058 0 0.073419 0 
6 -5 0.69869 0 0.0764702 0 
6.2 -5 0.705068 0 0.0794606 0 
6.4 -5 0.711266 0 0.0823681 0 
6.6 -5 0.717294 0 0.0851943 0 
6.8 -5 0.722968 0 0.0879905 0 
7 -5 0.728646 0 0.0906519 0 
7.2 -5 0.73387 0 0.0933256 0 
7.4 -5 0.738998 0 0.0959055 0 
7.6 -5 0.743944 0 0.0984209 0 
7.8 -5 0.748746 0 0.100861 0 
8 -5 0.75343 0 0.103221 0 
8.2 -5 0.757804 0 0.105583 0 
8.4 -5 0.762014 0 0.107896 0 
8.6 -5 0.76629 0 0.110056 0 
8.8 -5 0.770294 0 0.112222 0 
9 -5 0.774078 0 0.114378 0 
9.2 -5 0.777928 0 0.116388 0 
9.4 -5 0.781628 0 0.11836 0 
9.6 -5 0.785296 0 0.120234 0 
9.8 -5 0.788742 0 0.122121 0 
10 -5 0.792118 0 0.123939 0 
10.2 -5 0.79532 0 0.125755 0 
10.4 -5 0.798388 0 0.127553 0 
10.6 -5 0.80159 0 0.129164 0 
10.8 -5 0.804526 0 0.130847 0 
11 -5 0.807568 0 0.132361 0 
11.2 -5 0.810394 0 0.133922 0 
11.4 -5 0.812966 0 0.135575 0 
11.6 -5 0.815626 0 0.137074 0 
11.8 -5 0.81825 0 0.138509 0 
12 -5 0.820734 0 0.139964 0 
12.4 -5 0.82558 0 0.142718 0 
12.8 -5 0.830172 0 0.145351 0 
13.2 -5 0.834518 0 0.14788 0 
13.6 -5 0.838718 0 0.150239 0 
14 -5 0.84266 0 0.152546 0 
14.4 -5 0.846414 0 0.15476 0 
14.8 -5 0.850048 0 0.156829 0 
15.2 -5 0.85346 0 0.158875 0 
15.6 -5 0.856728 0 0.160831 0 
16 -5 0.859844 0 0.162724 0 
16.8 -5 0.865776 0 0.166191 0 
17.6 -5 0.871224 0 0.169413 0 
18.4 -5 0.876252 0 0.172403 0 
19.2 -5 0.88089 0 0.175209 0 
20 -5 0.88521 0 0.177806 0 
20.8 -5 0.889254 0 0.180197 0 
21.6 -5 0.892988 0 0.182496 0 
22.4 -5 0.896502 0 0.184619 0 
23.2 -5 0.899802 0 0.186598 0 
24 -5 0.902862 0 0.188535 0 
24.8 -5 0.905764 0 0.190317 0 
25.6 -5 0.908492 0 0.192017 0 
26.4 -5 0.91108 0 0.193595 0 
27.2 -5 0.913516 0 0.195116 0 
28 -5 0.915842 0 0.196516 0 
28.8 -5 0.918024 0 0.197897 0 
29.6 -5 0.920114 0 0.199172 0 
30.4 -5 0.922094 0 0.200401 0 
31.2 -5 0.923978 0 0.201573 0 
32 -5 0.925764 0 0.202719 0 
32.8 -5 0.927472 0 0.203799 0 
33.6 -5 0.929118 0 0.204795 0 
34.4 -5 0.930692 0 0.205748 0 
35.2 -5 0.932176 0 0.20672 0 
36 -5 0.933612 0 0.207617 0 
36.8 -5 0.935 0 0.208434 0 
37.6 -5 0.936318 0 0.209267 0 
38.4 -5 0.937584 0 0.210067 0 
39.2 -5 0.938814 0 0.210791 0 
40 -5 0.939974 0 0.211564 0 
0.3 -4 0.468535 0.0002179 0.0184825 3.42e-05 
0.4 -4 0.475066 0.0002953 0.0183572 2.321e-05 
0.5 -4 0.483279 0.0001887 0.0182596 2.249e-05 
0.6 -4 0.491572 9.221e-05 0.0182031 1.237e-05 
0.7 -4 0.500681 0.0001185 0.0182162 1.354e-05 
0.8 -4 0.509102 0.0001533 0.0183041 1.059e-05 
0.9 -4 0.518125 9.594e-05 0.0184378 1.544e-05 
1 -4 0.526454 8.727e-05 0.0186345 6.542e-06 
1.2 -4 0.542968 7.937e-05 0.0192779 1.137e-05 
1.4 -4 0.558012 6.958e-05 0.0202808 6.304e-06 
1.6 -4 0.572091 3.669e-05 0.0216641 6.521e-06 
1.8 -4 0.585521 0.0001068 0.0234303 8.43e-06 
2 -4 0.597836 8.273e-05 0.0255785 1.065e-05 
2.2 -4 0.609406 0.0001304 0.0281173 8.226e-06 
2.4 -4 0.620172 4.861e-05 0.0309805 5e-06 
2.6 -4 0.630637 5.416e-05 0.0340998 3.525e-06 
2.8 -4 0.640718 9.057e-05 0.0374312 8.135e-06 
3 -4 0.650269 3.265e-05 0.0409304 5.135e-06 
3.2 -4 0.659628 2.514e-05 0.0445315 1.914e-06 
3.4 -4 0.668447 6.218e-05 0.0482343 6.255e-06 
3.6 -4 0.67695 6.108e-05 0.0519822 9.657e-06 
3.8 -4 0.685228 2.924e-05 0.0557277 5.257e-06 
4 -4 0.693072 2.708e-05 0.0594895 5.124e-06 
4.2 -4 0.700632 0 0.0632217 0 
4.4 -4 0.70799 0 0.0668863 0 
4.6 -4 0.715124 0 0.0704965 0 
4.8 -4 0.722004 0 0.0740205 0 
5 -4 0.728346 0 0.0775442 0 
5.2 -4 0.734468 0 0.0809945 0 
5.4 -4 0.74056 0 0.0843019 0 
5.6 -4 0.746362 0 0.0875415 0 
5.8 -4 0.752012 0 0.0906778 0 
6 -4 0.757498 0 0.0937019 0 
6.2 -4 0.762628 0 0.0967017 0 
6.4 -4 0.767682 0 0.0995641 0 
6.6 -4 0.772526 0 0.102361 0 
6.8 -4 0.777056 0 0.105138 0 
7 -4 0.781618 0 0.107743 0 
7.2 -4 0.785912 0 0.110319 0 
7.4 -4 0.790088 0 0.112802 0 
7.6 -4 0.794138 0 0.1152 0 
7.8 -4 0.797888 0 0.117616 0 
8 -4 0.801674 0 0.119871 0 
8.2 -4 0.805294 0 0.122081 0 
8.4 -4 0.808766 0 0.124243 0 
8.6 -4 0.812092 0 0.126365 0 
8.8 -4 0.815382 0 0.128377 0 
9 -4 0.818528 0 0.130357 0 
9.2 -4 0.821582 0 0.132277 0 
9.4 -4 0.824564 0 0.134124 0 
9.6 -4 0.827408 0 0.135955 0 
9.8 -4 0.830284 0 0.137642 0 
10 -4 0.833094 0 0.13926 0 
10.2 -4 0.83562 0 0.140995 0 
10.4 -4 0.838154 0 0.14262 0 
10.6 -4 0.84062 0 0.144193 0 
10.8 -4 0.843014 0 0.145727 0 
11 -4 0.845408 0 0.147156 0 
11.2 -4 0.847772 0 0.148508 0 
11.4 -4 0.849988 0 0.149906 0 
11.6 -4 0.851994 0 0.151414 0 
11.8 -4 0.854054 0 0.152779 0 
12 -4 0.856168 0 0.153993 0 
12.4 -4 0.86005 0 0.156524 0 
12.8 -4 0.86372 0 0.158946 0 
13.2 -4 0.867252 0 0.161204 0 
13.6 -4 0.87061 0 0.163353 0 
14 -4 0.87381 0 0.165402 0 
14.4 -4 0.876888 0 0.167319 0 
14.8 -4 0.879752 0 0.169249 0 
15.2 -4 0.882514 0 0.171061 0 
15.6 -4 0.885146 0 0.172808 0 
16 -4 0.88768 0 0.174462 0 
16.8 -4 0.892396 0 0.177626 0 
17.6 -4 0.89679 0 0.180457 0 
18.4 -4 0.900848 0 0.183072 0 
19.2 -4 0.904582 0 0.185534 0 
20 -4 0.90805 0 0.187826 0 
20.8 -4 0.911306 0 0.189897 0 
21.6 -4 0.91428 0 0.191973 0 
22.4 -4 0.917096 0 0.193842 0 
23.2 -4 0.919754 0 0.195545 0 
24 -4 0.922206 0 0.197257 0 
24.8 -4 0.924534 0 0.19881 0 
25.6 -4 0.926724 0 0.20029 0 
26.4 -4 0.928798 0 0.201671 0 
27.2 -4 0.930768 0 0.202949 0 
28 -4 0.932616 0 0.204208 0 
28.8 -4 0.93438 0 0.205368 0 
29.6 -4 0.936034 0 0.206536 0 
30.4 -4 0.937636 0 0.207553 0 
31.2 -4 0.939142 0 0.208585 0 
32 -4 0.940572 0 0.209586 0 
32.8 -4 0.94195 0 0.210491 0 
33.6 -4 0.943254 0 0.211405 0 
34.4 -4 0.94451 0 0.212237 0 
35.2 -4 0.94572 0 0.213014 0 
36 -4 0.946874 0 0.213766 0 
36.8 -4 0.947968 0 0.21454 0 
37.6 -4 0.949026 0 0.215253 0 
38.4 -4 0.95005 0 0.2159 0 
39.2 -4 0.951026 0 0.216558 0 
40 -4 0.951958 0 0.217218 0 
0.3 -3 0.626953 0.0002361 0.0348237 5.392e-05 
0.4 -3 0.631054 9.473e-05 0.0341196 5.658e-05 
0.5 -3 0.637061 0.0001672 0.0334793 2.299e-05 
0.6 -3 0.643039 7.724e-05 0.0329071 3.513e-05 
0.7 -3 0.648822 0.0002003 0.0324642 2.158e-05 
0.8 -3 0.655225 7.369e-05 0.0321019 3.121e-05 
0.9 -3 0.660623 0.0001001 0.0319585 3.089e-05 
1 -3 0.665552 0.0002049 0.0318884 1.814e-05 
1.2 -3 0.675211 0.0001179 0.0322773 6.447e-06 
1.4 -3 0.683722 8.83e-05 0.0334061 1.552e-05 
1.6 -3 0.691264 7.46e-05 0.0350817 9.669e-06 
1.8 -3 0.698618 8.639e-05 0.0373684 3.524e-06 
2 -3 0.705699 0.0001221 0.0401773 1.421e-05 
2.2 -3 0.712536 7.574e-05 0.0434074 1.069e-05 
2.4 -3 0.71933 6.987e-05 0.0469567 5.846e-06 
2.6 -3 0.725949 5.287e-05 0.0507702 6.18e-06 
2.8 -3 0.73258 5.79e-05 0.0547426 9.483e-06 
3 -3 0.739017 3.364e-05 0.0588236 9.263e-06 
3.2 -3 0.745416 4.806e-05 0.0629567 1.011e-05 
3.4 -3 0.751691 3.151e-05 0.0670837 6.728e-06 
3.6 -3 0.757708 3.997e-05 0.0712134 1.121e-05 
3.8 -3 0.76369 3.479e-05 0.0752626 1.054e-05 
4 -3 0.769411 1.205e-05 0.0792667 4.418e-06 
4.2 -3 0.774812 0 0.0832404 0 
4.4 -3 0.780244 0 0.0870501 0 
4.6 -3 0.785524 0 0.0907455 0 
4.8 -3 0.790664 0 0.0943096 0 
5 -3 0.795446 0 0.0978574 0 
5.2 -3 0.800096 0 0.101268 0 
5.4 -3 0.804584 0 0.104569 0 
5.6 -3 0.80911 0 0.107654 0 
5.8 -3 0.81306 0 0.110869 0 
6 -3 0.817314 0 0.113715 0 
6.2 -3 0.821156 0 0.116616 0 
6.4 -3 0.824914 0 0.119386 0 
6.6 -3 0.82854 0 0.12206 0 
6.8 -3 0.832116 0 0.124584 0 
7 -3 0.835472 0 0.127092 0 
7.2 -3 0.83878 0 0.129458 0 
7.4 -3 0.841856 0 0.131833 0 
7.6 -3 0.84494 0 0.134038 0 
7.8 -3 0.84781 0 0.136262 0 
8 -3 0.850678 0 0.138327 0 
8.2 -3 0.853388 0 0.140379 0 
8.4 -3 0.856034 0 0.142345 0 
8.6 -3 0.85861 0 0.144227 0 
8.8 -3 0.861034 0 0.14612 0 
9 -3 0.863468 0 0.147862 0 
9.2 -3 0.865724 0 0.149656 0 
9.4 -3 0.867996 0 0.1513 0 
9.6 -3 0.87007 0 0.153044 0 
9.8 -3 0.872296 0 0.154482 0 
10 -3 0.87435 0 0.155997 0 
10.2 -3 0.876364 0 0.157438 0 
10.4 -3 0.878256 0 0.15892 0 
10.6 -3 0.880136 0 0.1603 0 
10.8 -3 0.881884 0 0.161747 0 
11 -3 0.883734 0 0.162945 0 
11.2 -3 0.885478 0 0.164181 0 
11.4 -3 0.88719 0 0.165357 0 
11.6 -3 0.888774 0 0.166618 0 
11.8 -3 0.890294 0 0.167878 0 
12 -3 0.891818 0 0.16904 0 
12.4 -3 0.894802 0 0.171178 0 
12.8 -3 0.897582 0 0.173292 0 
13.2 -3 0.90023 0 0.175286 0 
13.6 -3 0.902784 0 0.177118 0 
14 -3 0.905184 0 0.178921 0 
14.4 -3 0.907474 0 0.180629 0 
14.8 -3 0.90965 0 0.182279 0 
15.2 -3 0.911754 0 0.1838 0 
15.6 -3 0.913698 0 0.185396 0 
16 -3 0.915624 0 0.186782 0 
16.8 -3 0.919156 0 0.18956 0 
17.6 -3 0.9225 0 0.191895 0 
18.4 -3 0.925538 0 0.194165 0 
19.2 -3 0.928354 0 0.196251 0 
20 -3 0.930948 0 0.198244 0 
20.8 -3 0.9334 0 0.199989 0 
21.6 -3 0.935642 0 0.201752 0 
22.4 -3 0.93776 0 0.203332 0 
23.2 -3 0.93976 0 0.20476 0 
24 -3 0.941606 0 0.206213 0 
24.8 -3 0.943362 0 0.207506 0 
25.6 -3 0.945 0 0.208787 0 
26.4 -3 0.946556 0 0.209958 0 
27.2 -3 0.948046 0 0.210985 0 
28 -3 0.949428 0 0.212072 0 
28.8 -3 0.950752 0 0.213056 0 
29.6 -3 0.95201 0 0.213979 0 
30.4 -3 0.953202 0 0.214873 0 
31.2 -3 0.954334 0 0.215735 0 
32 -3 0.955414 0 0.216543 0 
32.8 -3 0.956436 0 0.217371 0 
33.6 -3 0.95742 0 0.218107 0 
34.4 -3 0.958376 0 0.218744 0 
35.2 -3 0.95927 0 0.219459 0 
36 -3 0.960132 0 0.220108 0 
36.8 -3 0.960968 0 0.220678 0 
37.6 -3 0.961758 0 0.221298 0 
38.4 -3 0.962522 0 0.221858 0 
39.2 -3 0.96326 0 0.22237 0 
40 -3 0.963958 0 0.22294 0 
0.3 -2 0.773402 0.0006488 0.0576906 4.955e-05 
0.4 -2 0.776916 0.0003907 0.0561632 0.0001123 
0.5 -2 0.781377 0.0002504 0.0542503 4.017e-05 
0.6 -2 0.784548 0.0001822 0.0528781 0.0001054 
0.7 -2 0.787544 0.0003551 0.0518509 4.277e-05 
0.8 -2 0.790576 5.645e-05 0.0509883 4.617e-05 
0.9 -2 0.792775 0.0001632 0.0504243 4.751e-05 
1 -2 0.794568 0.0001013 0.0501234 3.609e-05 
1.2 -2 0.797586 0.0001699 0.0505438 2.102e-05 
1.4 -2 0.800473 9.397e-05 0.0518997 1.848e-05 
1.6 -2 0.803128 5.53e-05 0.0542641 1.577e-05 
1.8 -2 0.805881 4.538e-05 0.0573007 1.268e-05 
2 -2 0.809075 9.309e-05 0.0608646 1.867e-05 
2.2 -2 0.812387 4.988e-05 0.0648565 1.759e-05 
2.4 -2 0.815723 4.162e-05 0.0691801 1.183e-05 
2.6 -2 0.819476 2.058e-05 0.0735496 8.16e-06 
2.8 -2 0.823251 1.317e-05 0.0780488 4.89e-06 
3 -2 0.827143 3.56e-05 0.0825317 1.472e-05 
3.2 -2 0.831013 2.996e-05 0.0869783 1.373e-05 
3.4 -2 0.834858 3.718e-05 0.0913725 1.784e-05 
3.6 -2 0.838723 1.544e-05 0.0956355 1.041e-05 
3.8 -2 0.842488 3.325e-05 0.0997967 1.89e-05 
4 -2 0.846202 1.837e-05 0.103819 1.092e-05 
4.2 -2 0.849678 0 0.107813 0 
4.4 -2 0.853252 0 0.111537 0 
4.6 -2 0.856636 0 0.115187 0 
4.8 -2 0.859976 0 0.118642 0 
5 -2 0.863286 0 0.121904 0 
5.2 -2 0.866328 0 0.125181 0 
5.4 -2 0.86937 0 0.128226 0 
5.6 -2 0.87224 0 0.131208 0 
5.8 -2 0.87504 0 0.134049 0 
6 -2 0.877806 0 0.136709 0 
6.2 -2 0.88043 0 0.139304 0 
6.4 -2 0.882898 0 0.141867 0 
6.6 -2 0.88531 0 0.144301 0 
6.8 -2 0.887724 0 0.146525 0 
7 -2 0.889982 0 0.148756 0 
7.2 -2 0.892166 0 0.150893 0 
7.4 -2 0.894274 0 0.15295 0 
7.6 -2 0.896362 0 0.154852 0 
7.8 -2 0.898236 0 0.156894 0 
8 -2 0.900124 0 0.158751 0 
8.2 -2 0.902034 0 0.160401 0 
8.4 -2 0.903768 0 0.162173 0 
8.6 -2 0.905512 0 0.163776 0 
8.8 -2 0.907132 0 0.165436 0 
9 -2 0.908706 0 0.167034 0 
9.2 -2 0.910288 0 0.16847 0 
9.4 -2 0.911782 0 0.169927 0 
9.6 -2 0.9132 0 0.171399 0 
9.8 -2 0.91464 0 0.172695 0 
10 -2 0.91604 0 0.173936 0 
10.2 -2 0.91739 0 0.175156 0 
10.4 -2 0.91867 0 0.1764 0 
10.6 -2 0.919888 0 0.177656 0 
10.8 -2 0.921124 0 0.178759 0 
11 -2 0.9223 0 0.179886 0 
11.2 -2 0.92349 0 0.180867 0 
11.4 -2 0.924636 0 0.181842 0 
11.6 -2 0.925726 0 0.182849 0 
11.8 -2 0.926708 0 0.184015 0 
12 -2 0.927744 0 0.184953 0 
12.4 -2 0.929748 0 0.186714 0 
12.8 -2 0.931614 0 0.18847 0 
13.2 -2 0.933374 0 0.190168 0 
13.6 -2 0.93506 0 0.191745 0 
14 -2 0.936678 0 0.193208 0 
14.4 -2 0.938222 0 0.194585 0 
14.8 -2 0.939694 0 0.195898 0 
15.2 -2 0.941088 0 0.197188 0 
15.6 -2 0.9424 0 0.198486 0 
16 -2 0.94368 0 0.19964 0 
16.8 -2 0.94607 0 0.201837 0 
17.6 -2 0.948282 0 0.203802 0 
18.4 -2 0.950316 0 0.205635 0 
19.2 -2 0.952194 0 0.207342 0 
20 -2 0.953932 0 0.208955 0 
20.8 -2 0.955576 0 0.210324 0 
21.6 -2 0.957068 0 0.211791 0 
22.4 -2 0.95848 0 0.213077 0 
23.2 -2 0.959816 0 0.214212 0 
24 -2 0.961048 0 0.215397 0 
24.8 -2 0.962216 0 0.216455 0 
25.6 -2 0.963314 0 0.217468 0 
26.4 -2 0.964358 0 0.218382 0 
27.2 -2 0.965348 0 0.219222 0 
28 -2 0.966274 0 0.220075 0 
28.8 -2 0.967152 0 0.220894 0 
29.6 -2 0.967988 0 0.221661 0 
30.4 -2 0.96879 0 0.22232 0 
31.2 -2 0.969542 0 0.223038 0 
32 -2 0.970262 0 0.223698 0 
32.8 -2 0.97095 0 0.224315 0 
33.6 -2 0.971604 0 0.224935 0 
34.4 -2 0.972236 0 0.225463 0 
35.2 -2 0.97284 0 0.225977 0 
36 -2 0.973412 0 0.226521 0 
36.8 -2 0.973968 0 0.22699 0 
37.6 -2 0.974496 0 0.227472 0 
38.4 -2 0.975008 0 0.22789 0 
39.2 -2 0.9755 0 0.228298 0 
40 -2 0.97597 0 0.22872 0 
0.3 -1.5 0.840833 0.0007956 0.0712652 0.0001075 
0.4 -1.5 0.843431 0.0006414 0.0689819 7.803e-05 
0.5 -1.5 0.845996 0.0003898 0.0667628 0.0001676 
0.6 -1.5 0.847927 0.0002842 0.0650844 7.945e-05 
0.7 -1.5 0.849551 0.0002544 0.0635726 5.869e-05 
0.8 -1.5 0.850775 0.0001808 0.0624836 3.756e-05 
0.9 -1.5 0.851635 0.0001296 0.0619238 2.794e-05 
1 -1.5 0.852537 0.0001923 0.0615517 2.92e-05 
1.2 -1.5 0.853113 6.706e-05 0.0620944 2.235e-05 
1.4 -1.5 0.854035 7.255e-05 0.0639639 3.23e-05 
1.6 -1.5 0.855242 7.532e-05 0.0666736 2.305e-05 
1.8 -1.5 0.85671 5.749e-05 0.0701803 3.395e-05 
2 -1.5 0.858459 7.201e-05 0.074202 2.306e-05 
2.2 -1.5 0.860486 4.127e-05 0.0785409 2.415e-05 
2.4 -1.5 0.862714 5.854e-05 0.0831274 3.162e-05 
2.6 -1.5 0.8653 1.579e-05 0.0877141 9.262e-06 
2.8 -1.5 0.867901 1.998e-05 0.0923819 9.217e-06 
3 -1.5 0.870734 3.465e-05 0.0969134 2.602e-05 
3.2 -1.5 0.873514 2.221e-05 0.101403 1.464e-05 
3.4 -1.5 0.876299 1.912e-05 0.105812 1.519e-05 
3.6 -1.5 0.87925 0.0001986 0.110164 0.0001196 
3.8 -1.5 0.881884 1.914e-05 0.114147 1.822e-05 
4 -1.5 0.884659 1.966e-05 0.118046 1.986e-05 
4.2 -1.5 0.887224 0 0.121956 0 
4.4 -1.5 0.889956 0 0.125454 0 
4.6 -1.5 0.892502 0 0.128928 0 
4.8 -1.5 0.894948 0 0.132283 0 
5 -1.5 0.897316 0 0.135504 0 
5.2 -1.5 0.899642 0 0.138545 0 
5.4 -1.5 0.901948 0 0.14137 0 
5.6 -1.5 0.90412 0 0.14415 0 
5.8 -1.5 0.906204 0 0.146834 0 
6 -1.5 0.908206 0 0.149413 0 
6.2 -1.5 0.910174 0 0.15183 0 
6.4 -1.5 0.912072 0 0.154144 0 
6.6 -1.5 0.913926 0 0.156323 0 
6.8 -1.5 0.915706 0 0.158424 0 
7 -1.5 0.917412 0 0.160455 0 
7.2 -1.5 0.919052 0 0.162421 0 
7.4 -1.5 0.920632 0 0.164312 0 
7.6 -1.5 0.922196 0 0.166051 0 
7.8 -1.5 0.923624 0 0.167896 0 
8 -1.5 0.925038 0 0.169598 0 
8.2 -1.5 0.926456 0 0.171123 0 
8.4 -1.5 0.927756 0 0.17275 0 
8.6 -1.5 0.92907 0 0.174185 0 
8.8 -1.5 0.930284 0 0.17571 0 
9 -1.5 0.931458 0 0.177189 0 
9.2 -1.5 0.932672 0 0.178412 0 
9.4 -1.5 0.933772 0 0.179791 0 
9.6 -1.5 0.934854 0 0.181088 0 
9.8 -1.5 0.935896 0 0.182359 0 
10 -1.5 0.936984 0 0.183368 0 
10.2 -1.5 0.938 0 0.184455 0 
10.4 -1.5 0.938952 0 0.185603 0 
10.6 -1.5 0.939876 0 0.186715 0 
10.8 -1.5 0.940804 0 0.187697 0 
11 -1.5 0.94168 0 0.188735 0 
11.2 -1.5 0.942566 0 0.189623 0 
11.4 -1.5 0.943436 0 0.190456 0 
11.6 -1.5 0.944254 0 0.191354 0 
11.8 -1.5 0.945016 0 0.192342 0 
12 -1.5 0.945794 0 0.19317 0 
12.4 -1.5 0.94727 0 0.194837 0 
12.8 -1.5 0.948676 0 0.19638 0 
13.2 -1.5 0.950004 0 0.197876 0 
13.6 -1.5 0.95128 0 0.19924 0 
14 -1.5 0.952492 0 0.200536 0 
14.4 -1.5 0.953648 0 0.201767 0 
14.8 -1.5 0.954752 0 0.202932 0 
15.2 -1.5 0.9558 0 0.204064 0 
15.6 -1.5 0.956784 0 0.20523 0 
16 -1.5 0.957748 0 0.206228 0 
16.8 -1.5 0.959534 0 0.208215 0 
17.6 -1.5 0.961196 0 0.209921 0 
18.4 -1.5 0.96272 0 0.211547 0 
19.2 -1.5 0.964126 0 0.213075 0 
20 -1.5 0.96544 0 0.214432 0 
20.8 -1.5 0.966668 0 0.215652 0 
21.6 -1.5 0.967802 0 0.216857 0 
22.4 -1.5 0.968854 0 0.21804 0 
23.2 -1.5 0.969858 0 0.219018 0 
24 -1.5 0.970786 0 0.220035 0 
24.8 -1.5 0.97166 0 0.220977 0 
25.6 -1.5 0.972482 0 0.22188 0 
26.4 -1.5 0.973264 0 0.22268 0 
27.2 -1.5 0.97401 0 0.223372 0 
28 -1.5 0.974702 0 0.224158 0 
28.8 -1.5 0.975364 0 0.224842 0 
29.6 -1.5 0.975988 0 0.22553 0 
30.4 -1.5 0.976592 0 0.226086 0 
31.2 -1.5 0.977154 0 0.226731 0 
32 -1.5 0.977694 0 0.227297 0 
32.8 -1.5 0.978206 0 0.227877 0 
33.6 -1.5 0.978704 0 0.228356 0 
34.4 -1.5 0.979178 0 0.228817 0 
35.2 -1.5 0.97963 0 0.229258 0 
36 -1.5 0.98006 0 0.229734 0 
36.8 -1.5 0.980476 0 0.230127 0 
37.6 -1.5 0.980874 0 0.230545 0 
38.4 -1.5 0.981258 0 0.230896 0 
39.2 -1.5 0.981624 0 0.231268 0 
40 -1.5 0.981978 0 0.231634 0 
0.3 -1 0.902211 0.0007788 0.0856418 0.0002739 
0.4 -1 0.902953 0.0005389 0.0831293 0.0001877 
0.5 -1 0.904396 0.0004877 0.0804554 0.0001217 
0.6 -1 0.904723 0.0003764 0.0784396 5.785e-05 
0.7 -1 0.905163 0.0002535 0.0768245 8.919e-05 
0.8 -1 0.905295 0.0002601 0.0757138 6.567e-05 
0.9 -1 0.905289 0.0001591 0.0751208 7.568e-05 
1 -1 0.905079 0.0002026 0.074906 8.089e-05 
1.2 -1 0.904845 7.862e-05 0.0759983 5.983e-05 
1.4 -1 0.904752 5.743e-05 0.078359 5.091e-05 
1.6 -1 0.90506 7.159e-05 0.0816067 4.217e-05 
1.8 -1 0.905638 3.095e-05 0.0855537 1.524e-05 
2 -1 0.906508 3.347e-05 0.0899084 2.839e-05 
2.2 -1 0.907615 2.551e-05 0.0945377 2.484e-05 
2.4 -1 0.908968 1.319e-05 0.099294 1.358e-05 
2.6 -1 0.910583 1.325e-05 0.10394 1.862e-05 
2.8 -1 0.912208 5.459e-06 0.108665 4.643e-06 
3 -1 0.913994 2.642e-05 0.113195 3.579e-05 
3.2 -1 0.915822 1.166e-05 0.117599 1.359e-05 
3.4 -1 0.917629 1.466e-05 0.12189 2.085e-05 
3.6 -1 0.91954 0.0001363 0.126144 0.0001108 
3.8 -1 0.921282 5.998e-06 0.129944 9.535e-06 
4 -1 0.923106 1.099e-05 0.13367 1.716e-05 
4.2 -1 0.924766 0 0.137462 0 
4.4 -1 0.926566 0 0.140752 0 
4.6 -1 0.928284 0 0.143959 0 
4.8 -1 0.929926 0 0.147062 0 
5 -1 0.931488 0 0.150083 0 
5.2 -1 0.933066 0 0.152828 0 
5.4 -1 0.934588 0 0.15545 0 
5.6 -1 0.936018 0 0.158038 0 
5.8 -1 0.93742 0 0.160464 0 
6 -1 0.938774 0 0.162773 0 
6.2 -1 0.94008 0 0.164983 0 
6.4 -1 0.941342 0 0.167091 0 
6.6 -1 0.942574 0 0.169061 0 
6.8 -1 0.943762 0 0.170949 0 
7 -1 0.944894 0 0.172794 0 
7.2 -1 0.945972 0 0.174609 0 
7.4 -1 0.947036 0 0.176274 0 
7.6 -1 0.948102 0 0.177741 0 
7.8 -1 0.949028 0 0.179499 0 
8 -1 0.949974 0 0.181013 0 
8.2 -1 0.950932 0 0.182313 0 
8.4 -1 0.951802 0 0.183761 0 
8.6 -1 0.952688 0 0.184992 0 
8.8 -1 0.953498 0 0.186357 0 
9 -1 0.954286 0 0.18766 0 
9.2 -1 0.955072 0 0.188822 0 
9.4 -1 0.955824 0 0.189981 0 
9.6 -1 0.956552 0 0.191098 0 
9.8 -1 0.957258 0 0.19218 0 
10 -1 0.95796 0 0.193146 0 
10.2 -1 0.958638 0 0.19409 0 
10.4 -1 0.959288 0 0.19504 0 
10.6 -1 0.959896 0 0.19607 0 
10.8 -1 0.960516 0 0.196913 0 
11 -1 0.961102 0 0.197825 0 
11.2 -1 0.961698 0 0.198561 0 
11.4 -1 0.962266 0 0.199335 0 
11.6 -1 0.962818 0 0.200086 0 
11.8 -1 0.963338 0 0.200898 0 
12 -1 0.963846 0 0.201684 0 
12.4 -1 0.964834 0 0.203107 0 
12.8 -1 0.965774 0 0.20445 0 
13.2 -1 0.966662 0 0.205733 0 
13.6 -1 0.967508 0 0.206941 0 
14 -1 0.96832 0 0.208044 0 
14.4 -1 0.969092 0 0.209099 0 
14.8 -1 0.969818 0 0.210172 0 
15.2 -1 0.970522 0 0.211108 0 
15.6 -1 0.97118 0 0.212122 0 
16 -1 0.97182 0 0.212995 0 
16.8 -1 0.973018 0 0.214653 0 
17.6 -1 0.974122 0 0.216161 0 
18.4 -1 0.975144 0 0.217502 0 
19.2 -1 0.976078 0 0.218847 0 
20 -1 0.976954 0 0.22001 0 
20.8 -1 0.977776 0 0.221013 0 
21.6 -1 0.978524 0 0.222119 0 
22.4 -1 0.979232 0 0.223086 0 
23.2 -1 0.9799 0 0.223906 0 
24 -1 0.980522 0 0.224754 0 
24.8 -1 0.981102 0 0.225604 0 
25.6 -1 0.98165 0 0.226361 0 
26.4 -1 0.982174 0 0.22703 0 
27.2 -1 0.98267 0 0.227623 0 
28 -1 0.983132 0 0.228278 0 
28.8 -1 0.983574 0 0.228862 0 
29.6 -1 0.983992 0 0.229426 0 
30.4 -1 0.984392 0 0.229927 0 
31.2 -1 0.98477 0 0.23044 0 
32 -1 0.98513 0 0.230921 0 
32.8 -1 0.98547 0 0.231431 0 
33.6 -1 0.9858 0 0.231847 0 
34.4 -1 0.986118 0 0.232195 0 
35.2 -1 0.986418 0 0.232612 0 
36 -1 0.986704 0 0.233016 0 
36.8 -1 0.986984 0 0.233325 0 
37.6 -1 0.987246 0 0.233724 0 
38.4 -1 0.987502 0 0.234012 0 
39.2 -1 0.987748 0 0.234316 0 
40 -1 0.987982 0 0.234639 0 
0.3 -0.5 0.954496 0.0007254 0.101774 0.0002891 
0.4 -0.5 0.955015 0.0005064 0.0983545 0.0002808 
0.5 -0.5 0.954842 0.000336 0.0959044 0.0001461 
0.6 -0.5 0.954711 0.0002636 0.0939737 0.0001874 
0.7 -0.5 0.954599 0.0001892 0.0923349 0.0001147 
0.8 -0.5 0.954352 0.0001509 0.0915536 0.0001383 
0.9 -0.5 0.953998 8.501e-05 0.090853 0.0001391 
1 -0.5 0.953749 4.86e-05 0.0911364 7.804e-05 
1.2 -0.5 0.953332 4.302e-05 0.0928634 7.052e-05 
1.4 -0.5 0.953073 3.643e-05 0.095749 4.981e-05 
1.6 -0.5 0.952987 2.432e-05 0.0995425 6.117e-05 
1.8 -0.5 0.953187 1.648e-05 0.103741 3.552e-05 
2 -0.5 0.953559 1.821e-05 0.108291 3.313e-05 
2.2 -0.5 0.954035 1.21e-05 0.113078 2.926e-05 
2.4 -0.5 0.954654 1.562e-05 0.117851 3.909e-05 
2.6 -0.5 0.955393 9.064e-06 0.122512 1.505e-05 
2.8 -0.5 0.956184 1.509e-05 0.127111 4.173e-05 
3 -0.5 0.957053 1.164e-05 0.131475 3.274e-05 
3.2 -0.5 0.957946 5.497e-06 0.135682 1.688e-05 
3.4 -0.5 0.95884 5.24e-06 0.139747 1.784e-05 
3.6 -0.5 0.959736 6.53e-06 0.143636 2.341e-05 
3.8 -0.5 0.960654 3.323e-06 0.147255 1.433e-05 
4 -0.5 0.961555 4.586e-06 0.150712 1.679e-05 
4.2 -0.5 0.962376 0 0.154253 0 
4.4 -0.5 0.96327 0 0.157245 0 
4.6 -0.5 0.964138 0 0.160111 0 
4.8 -0.5 0.964964 0 0.162881 0 
5 -0.5 0.965736 0 0.165656 0 
5.2 -0.5 0.966516 0 0.16813 0 
5.4 -0.5 0.967282 0 0.170441 0 
5.6 -0.5 0.968002 0 0.172719 0 
5.8 -0.5 0.968714 0 0.174805 0 
6 -0.5 0.969374 0 0.176939 0 
6.2 -0.5 0.970038 0 0.178826 0 
6.4 -0.5 0.970668 0 0.180676 0 
6.6 -0.5 0.971276 0 0.182438 0 
6.8 -0.5 0.971862 0 0.184135 0 
7 -0.5 0.972446 0 0.185628 0 
7.2 -0.5 0.972984 0 0.18723 0 
7.4 -0.5 0.973512 0 0.1887 0 
7.6 -0.5 0.974032 0 0.190032 0 
7.8 -0.5 0.974514 0 0.191455 0 
8 -0.5 0.974984 0 0.192781 0 
8.2 -0.5 0.975458 0 0.193914 0 
8.4 -0.5 0.975896 0 0.195161 0 
8.6 -0.5 0.976334 0 0.196232 0 
8.8 -0.5 0.976748 0 0.197348 0 
9 -0.5 0.977134 0 0.198548 0 
9.2 -0.5 0.97753 0 0.199504 0 
9.4 -0.5 0.977906 0 0.200501 0 
9.6 -0.5 0.97827 0 0.201457 0 
9.8 -0.5 0.97861 0 0.202502 0 
10 -0.5 0.978964 0 0.203296 0 
10.2 -0.5 0.97931 0 0.204014 0 
10.4 -0.5 0.979638 0 0.204794 0 
10.6 -0.5 0.979942 0 0.205679 0 
10.8 -0.5 0.980256 0 0.206349 0 
11 -0.5 0.980542 0 0.207196 0 
11.2 -0.5 0.980844 0 0.207763 0 
11.4 -0.5 0.981128 0 0.208413 0 
11.6 -0.5 0.981404 0 0.209041 0 
11.8 -0.5 0.981666 0 0.209721 0 
12 -0.5 0.981918 0 0.210408 0 
12.4 -0.5 0.982416 0 0.21156 0 
12.8 -0.5 0.98288 0 0.212763 0 
13.2 -0.5 0.983326 0 0.213825 0 
13.6 -0.5 0.983748 0 0.21485 0 
14 -0.5 0.984156 0 0.21574 0 
14.4 -0.5 0.984542 0 0.216623 0 
14.8 -0.5 0.984908 0 0.217479 0 
15.2 -0.5 0.985258 0 0.218278 0 
15.6 -0.5 0.985586 0 0.219143 0 
16 -0.5 0.98591 0 0.219841 0 
16.8 -0.5 0.986506 0 0.221246 0 
17.6 -0.5 0.98706 0 0.222459 0 
18.4 -0.5 0.98757 0 0.223598 0 
19.2 -0.5 0.988038 0 0.224715 0 
20 -0.5 0.988478 0 0.225623 0 
20.8 -0.5 0.988886 0 0.226477 0 
21.6 -0.5 0.989262 0 0.227375 0 
22.4 -0.5 0.989616 0 0.228176 0 
23.2 -0.5 0.98995 0 0.228825 0 
24 -0.5 0.990258 0 0.229573 0 
24.8 -0.5 0.99055 0 0.23023 0 
25.6 -0.5 0.990826 0 0.230864 0 
26.4 -0.5 0.991086 0 0.231415 0 
27.2 -0.5 0.991334 0 0.231872 0 
28 -0.5 0.991566 0 0.232428 0 
28.8 -0.5 0.991786 0 0.232911 0 
29.6 -0.5 0.991994 0 0.233381 0 
30.4 -0.5 0.992196 0 0.23375 0 
31.2 -0.5 0.992384 0 0.23421 0 
32 -0.5 0.992564 0 0.234604 0 
32.8 -0.5 0.992734 0 0.235022 0 
33.6 -0.5 0.9929 0 0.235338 0 
34.4 -0.5 0.993058 0 0.235654 0 
35.2 -0.5 0.99321 0 0.235944 0 
36 -0.5 0.993352 0 0.236284 0 
36.8 -0.5 0.993492 0 0.236529 0 
37.6 -0.5 0.993624 0 0.236832 0 
38.4 -0.5 0.993752 0 0.237061 0 
39.2 -0.5 0.993874 0 0.237308 0 
40 -0.5 0.993992 0 0.237567 0 
0.3 0 1 0 0.120841 0.0006247 
0.4 0 1 0 0.117585 0.0005002 
0.5 0 1 0 0.114774 0.0003047 
0.6 0 1 0 0.113266 0.0002282 
0.7 0 1 0 0.112065 0.0002079 
0.8 0 1 0 0.11079 0.0001601 
0.9 0 1 0 0.110868 0.0001223 
1 0 1 0 0.111434 0.0001164 
1.2 0 1 0 0.113695 0.0001062 
1.4 0 1 0 0.116914 7.38e-05 
1.6 0 1 0 0.12102 7.134e-05 
1.8 0 1 0 0.125306 6.173e-05 
2 0 1 0 0.129955 5.735e-05 
2.2 0 1 0 0.134464 4.088e-05 
2.4 0 1 0 0.139039 5.322e-05 
2.6 0 1 0 0.143573 2.681e-05 
2.8 0 1 0 0.147783 2.42e-05 
3 0 1 0 0.151869 1.683e-05 
3.2 0 1 0 0.15572 2.787e-05 
3.4 0 1 0 0.159444 3.542e-05 
3.6 0 1 0 0.162921 2.358e-05 
3.8 0 1 0 0.166116 1.804e-05 
4 0 1 0 0.169252 1.887e-05 
4.2 0 1 0 0.172309 0 
4.4 0 1 0 0.174988 0 
4.6 0 1 0 0.177486 0 
4.8 0 1 0 0.179945 0 
5 0 1 0 0.182374 0 
5.2 0 1 0 0.18438 0 
5.4 0 1 0 0.18641 0 
5.6 0 1 0 0.188326 0 
5.8 0 1 0 0.19008 0 
6 0 1 0 0.191873 0 
6.2 0 1 0 0.193475 0 
6.4 0 1 0 0.195012 0 
6.6 0 1 0 0.196455 0 
6.8 0 1 0 0.197914 0 
7 0 1 0 0.19915 0 
7.2 0 1 0 0.200531 0 
7.4 0 1 0 0.201714 0 
7.6 0 1 0 0.202821 0 
7.8 0 1 0 0.203988 0 
8 0 1 0 0.205138 0 
8.2 0 1 0 0.206014 0 
8.4 0 1 0 0.20701 0 
8.6 0 1 0 0.207891 0 
8.8 0 1 0 0.208822 0 
9 0 1 0 0.209793 0 
9.2 0 1 0 0.210624 0 
9.4 0 1 0 0.21137 0 
9.6 0 1 0 0.212138 0 
9.8 0 1 0 0.212982 0 
10 0 1 0 0.213585 0 
10.2 0 1 0 0.214255 0 
10.4 0 1 0 0.214844 0 
10.6 0 1 0 0.215615 0 
10.8 0 1 0 0.216091 0 
11 0 1 0 0.216833 0 
11.2 0 1 0 0.217198 0 
11.4 0 1 0 0.217725 0 
11.6 0 1 0 0.218207 0 
11.8 0 1 0 0.218793 0 
12 0 1 0 0.219367 0 
12.4 0 1 0 0.220289 0 
12.8 0 1 0 0.221236 0 
13.2 0 1 0 0.222089 0 
13.6 0 1 0 0.222926 0 
14 0 1 0 0.223569 0 
14.4 0 1 0 0.224274 0 
14.8 0 1 0 0.224987 0 
15.2 0 1 0 0.225576 0 
15.6 0 1 0 0.226262 0 
16 0 1 0 0.226847 0 
16.8 0 1 0 0.227927 0 
17.6 0 1 0 0.228898 0 
18.4 0 1 0 0.229766 0 
19.2 0 1 0 0.230655 0 
20 0 1 0 0.231381 0 
20.8 0 1 0 0.231983 0 
21.6 0 1 0 0.232711 0 
22.4 0 1 0 0.23336 0 
23.2 0 1 0 0.233826 0 
24 0 1 0 0.23443 0 
24.8 0 1 0 0.23495 0 
25.6 0 1 0 0.235431 0 
26.4 0 1 0 0.235831 0 
27.2 0 1 0 0.236198 0 
28 0 1 0 0.236653 0 
28.8 0 1 0 0.237007 0 
29.6 0 1 0 0.237386 0 
30.4 0 1 0 0.237664 0 
31.2 0 1 0 0.237998 0 
32 0 1 0 0.238311 0 
32.4 0 1 0 0.238475 0 
33.6 0 1 0 0.238891 0 
34.4 0 1 0 0.239126 0 
35.2 0 1 0 0.239322 0 
36 0 1 0 0.239613 0 
36.8 0 1 0 0.239803 0 
37.6 0 1 0 0.240033 0 
38.4 0 1 0 0.240206 0 
39.2 0 1 0 0.240414 0 
40 0 1 0 0.240614 0 
40.8 0 1 0 0.240798 0 
41.6 0 1 0 0.240996 0 
42.4 0 1 0 0.241149 0 
43.2 0 1 0 0.241314 0 
44 0 1 0 0.241465 0 
44.8 0 1 0 0.241625 0 
45.6 0 1 0 0.241785 0 
46.4 0 1 0 0.241882 0 
47.2 0 1 0 0.242057 0 
48 0 1 0 0.242204 0 
48.8 0 1 0 0.242305 0 
49.6 0 1 0 0.242441 0 
50.4 0 1 0 0.242543 0 
51.2 0 1 0 0.242653 0 
52 0 1 0 0.242771 0 
52.8 0 1 0 0.242869 0 
53.6 0 1 0 0.242968 0 
54.4 0 1 0 0.243098 0 
55.2 0 1 0 0.243202 0 
56 0 1 0 0.2433 0 
56.8 0 1 0 0.243394 0 
57.6 0 1 0 0.243484 0 
58.4 0 1 0 0.243559 0 
59.2 0 1 0 0.243642 0 
60 0 1 0 0.24372 0 
60.8 0 1 0 0.243777 0 
61.6 0 1 0 0.243859 0 
62.4 0 1 0 0.243935 0 
63.2 0 1 0 0.244027 0 
64 0 1 0 0.244119 0 
64.8 0 1 0 0.244156 0 
65.6 0 1 0 0.244232 0 
66.4 0 1 0 0.244305 0 
67.2 0 1 0 0.244379 0 
68 0 1 0 0.244466 0 
68.8 0 1 0 0.244539 0 
69.6 0 1 0 0.244591 0 
70.4 0 1 0 0.244669 0 
71.2 0 1 0 0.244722 0 
72 0 1 0 0.244756 0 
72.8 0 1 0 0.24485 0 
73.6 0 1 0 0.244903 0 
74.4 0 1 0 0.244959 0 
75.2 0 1 0 0.245032 0 
76 0 1 0 0.245072 0 
76.8 0 1 0 0.24513 0 
77.6 0 1 0 0.245169 0 
78.4 0 1 0 0.24521 0 
79.2 0 1 0 0.245243 0 
80 0 1 0 0.24528 0 
