3 -24 0.00675986 0 9.23685e-07 0 
3.2 -24 0.00953846 0 1.85293e-06 0 
3.4 -24 0.01278362 0 3.45286e-06 0 
3.6 -24 0.01667582 0 6.05706e-06 0 
3.8 -24 0.020931 0 1.01338e-05 0 
4 -24 0.0258966 0 1.62663e-05 0 
4.2 -24 0.0313552 0 2.52164e-05 0 
4.4 -24 0.0370654 0 3.77635e-05 0 
4.6 -24 0.0435336 0 5.50181e-05 0 
4.8 -24 0.0503492 0 7.81323e-05 0 
5 -24 0.0573916 0 0.000108189 0 
5.2 -24 0.0649978 0 0.000146643 0 
5.4 -24 0.0727346 0 0.000194872 0 
5.6 -24 0.0807692 0 0.000254495 0 
5.8 -24 0.0890366 0 0.000326424 0 
6 -24 0.0975268 0 0.000412626 0 
6.2 -24 0.1058846 0 0.00051407 0 
6.4 -24 0.1143812 0 0.00063252 0 
6.6 -24 0.1231466 0 0.000768873 0 
6.8 -24 0.1316496 0 0.000924635 0 
7 -24 0.1403332 0 0.00110065 0 
7.2 -24 0.1490374 0 0.00129794 0 
7.4 -24 0.1573602 0 0.00151766 0 
7.6 -24 0.1660674 0 0.00175959 0 
7.8 -24 0.175047 0 0.00202496 0 
8 -24 0.1832934 0 0.00231471 0 
8.2 -24 0.191551 0 0.00262878 0 
8.4 -24 0.199971 0 0.00296687 0 
8.6 -24 0.208586 0 0.00332863 0 
8.8 -24 0.216786 0 0.00371558 0 
9 -24 0.224868 0 0.00412684 0 
9.2 -24 0.232846 0 0.00456303 0 
9.4 -24 0.240816 0 0.00502226 0 
9.6 -24 0.248558 0 0.00550568 0 
9.8 -24 0.256016 0 0.00601368 0 
10 -24 0.263402 0 0.00654456 0 
10.2 -24 0.270706 0 0.00709738 0 
10.4 -24 0.278332 0 0.00766817 0 
10.6 -24 0.285618 0 0.00826202 0 
10.8 -24 0.292788 0 0.00887615 0 
11 -24 0.29974 0 0.00951124 0 
11.2 -24 0.306476 0 0.0101669 0 
11.4 -24 0.313194 0 0.0108397 0 
11.6 -24 0.320034 0 0.0115267 0 
11.8 -24 0.326558 0 0.0122334 0 
12 -24 0.332882 0 0.0129585 0 
12.4 -24 0.345466 0 0.0144499 0 
12.8 -24 0.357698 0 0.0159963 0 
13.2 -24 0.369416 0 0.0175959 0 
13.6 -24 0.38109 0 0.0192307 0 
14 -24 0.39225 0 0.0209079 0 
14.4 -24 0.40281 0 0.0226281 0 
14.8 -24 0.413246 0 0.0243704 0 
15.2 -24 0.423232 0 0.0261427 0 
15.6 -24 0.43324 0 0.0279207 0 
16 -24 0.442644 0 0.029729 0 
16.8 -24 0.460786 0 0.0333719 0 
17.6 -24 0.478192 0 0.037017 0 
18.4 -24 0.49411 0 0.040701 0 
19.2 -24 0.509038 0 0.0443816 0 
20 -24 0.523478 0 0.0480044 0 
20.8 -24 0.537196 0 0.0515786 0 
21.6 -24 0.55008 0 0.0551144 0 
22.4 -24 0.562482 0 0.0585675 0 
23.2 -24 0.574016 0 0.0619896 0 
24 -24 0.585052 0 0.0653333 0 
24.8 -24 0.595576 0 0.0686017 0 
25.6 -24 0.605796 0 0.0717615 0 
26.4 -24 0.6152 0 0.0749099 0 
27.2 -24 0.624292 0 0.0779608 0 
28 -24 0.632996 0 0.080932 0 
28.8 -24 0.641364 0 0.0838187 0 
29.6 -24 0.649516 0 0.0865954 0 
30.4 -24 0.657122 0 0.0893487 0 
31.2 -24 0.664554 0 0.0919925 0 
32 -24 0.671612 0 0.0945845 0 
32.8 -24 0.678358 0 0.0971163 0 
33.6 -24 0.684884 0 0.0995675 0 
34.4 -24 0.691176 0 0.101947 0 
35.2 -24 0.697162 0 0.104285 0 
36 -24 0.702904 0 0.106569 0 
36.8 -24 0.70854 0 0.108755 0 
37.6 -24 0.713976 0 0.110881 0 
38.4 -24 0.719206 0 0.112954 0 
39.2 -24 0.724216 0 0.114988 0 
40 -24 0.729 0 0.116993 0 
2.6 -22 0.006399 0 8.53335e-07 0 
2.8 -22 0.00954202 0 1.76714e-06 0 
3 -22 0.01320464 0 3.42587e-06 0 
3.2 -22 0.01750548 0 6.28186e-06 0 
3.4 -22 0.0225332 0 1.07896e-05 0 
3.6 -22 0.0283134 0 1.77747e-05 0 
3.8 -22 0.0348122 0 2.81605e-05 0 
4 -22 0.0417308 0 4.28083e-05 0 
4.2 -22 0.0492626 0 6.31316e-05 0 
4.4 -22 0.0573854 0 9.06826e-05 0 
4.6 -22 0.0656792 0 0.000126473 0 
4.8 -22 0.0742882 0 0.000172671 0 
5 -22 0.083186 0 0.000230879 0 
5.2 -22 0.092598 0 0.00030342 0 
5.4 -22 0.1019628 0 0.000390972 0 
5.6 -22 0.1116444 0 0.000496493 0 
5.8 -22 0.121256 0 0.000620599 0 
6 -22 0.1308964 0 0.000765566 0 
6.2 -22 0.1403552 0 0.000932565 0 
6.4 -22 0.1501722 0 0.00112292 0 
6.6 -22 0.1598936 0 0.00133839 0 
6.8 -22 0.1692314 0 0.00157933 0 
7 -22 0.1789066 0 0.00184699 0 
7.2 -22 0.1880852 0 0.00214216 0 
7.4 -22 0.1977542 0 0.00246546 0 
7.6 -22 0.206802 0 0.00281676 0 
7.8 -22 0.215564 0 0.00319726 0 
8 -22 0.224492 0 0.00360577 0 
8.2 -22 0.233662 0 0.00404155 0 
8.4 -22 0.242294 0 0.00450666 0 
8.6 -22 0.251058 0 0.00499877 0 
8.8 -22 0.259324 0 0.00552051 0 
9 -22 0.267672 0 0.00606766 0 
9.2 -22 0.275994 0 0.00664031 0 
9.4 -22 0.283912 0 0.0072403 0 
9.6 -22 0.291716 0 0.00786586 0 
9.8 -22 0.299494 0 0.00851447 0 
10 -22 0.306984 0 0.00918814 0 
10.2 -22 0.31444 0 0.00988345 0 
10.4 -22 0.321848 0 0.010599 0 
10.6 -22 0.3291 0 0.0113361 0 
10.8 -22 0.336062 0 0.0120953 0 
11 -22 0.34294 0 0.0128725 0 
11.2 -22 0.349866 0 0.0136651 0 
11.4 -22 0.35647 0 0.0144783 0 
11.6 -22 0.362998 0 0.0153071 0 
11.8 -22 0.369228 0 0.0161558 0 
12 -22 0.375724 0 0.0170097 0 
12.4 -22 0.388192 0 0.0187615 0 
12.8 -22 0.39978 0 0.0205739 0 
13.2 -22 0.411334 0 0.0224158 0 
13.6 -22 0.422458 0 0.0242934 0 
14 -22 0.433022 0 0.0262076 0 
14.4 -22 0.4433 0 0.0281435 0 
14.8 -22 0.453434 0 0.0300879 0 
15.2 -22 0.4633 0 0.0320417 0 
15.6 -22 0.47263 0 0.0340182 0 
16 -22 0.481712 0 0.0359975 0 
16.8 -22 0.499176 0 0.039949 0 
17.6 -22 0.515556 0 0.0438871 0 
18.4 -22 0.530684 0 0.047819 0 
19.2 -22 0.544846 0 0.0517164 0 
20 -22 0.55876 0 0.0554893 0 
20.8 -22 0.571528 0 0.0592399 0 
21.6 -22 0.583668 0 0.0629061 0 
22.4 -22 0.595204 0 0.0664859 0 
23.2 -22 0.60623 0 0.0699653 0 
24 -22 0.616604 0 0.0733753 0 
24.8 -22 0.626506 0 0.076689 0 
25.6 -22 0.635894 0 0.0799217 0 
26.4 -22 0.64485 0 0.083064 0 
27.2 -22 0.653344 0 0.0861315 0 
28 -22 0.661438 0 0.0891158 0 
28.8 -22 0.669186 0 0.0920142 0 
29.6 -22 0.676708 0 0.0947986 0 
30.4 -22 0.683942 0 0.0974903 0 
31.2 -22 0.690832 0 0.100115 0 
32 -22 0.697376 0 0.102685 0 
32.8 -22 0.703684 0 0.105171 0 
33.6 -22 0.709756 0 0.107579 0 
34.4 -22 0.715538 0 0.109939 0 
35.2 -22 0.721132 0 0.112218 0 
36 -22 0.72653 0 0.114426 0 
36.8 -22 0.731686 0 0.116591 0 
37.6 -22 0.73673 0 0.118661 0 
38.4 -22 0.741594 0 0.120672 0 
39.2 -22 0.746224 0 0.122656 0 
40 -22 0.750736 0 0.124566 0 
2.2 -20 0.00612966 0 8.01663e-07 0 
2.4 -20 0.0094938 0 1.8208e-06 0 
2.6 -20 0.01396908 0 3.81167e-06 0 
2.8 -20 0.01908998 0 7.11677e-06 0 
3 -20 0.0251422 0 1.24993e-05 0 
3.2 -20 0.0320916 0 2.10796e-05 0 
3.4 -20 0.0397002 0 3.3723e-05 0 
3.6 -20 0.0481148 0 5.16669e-05 0 
3.8 -20 0.0571072 0 7.66262e-05 0 
4 -20 0.0667382 0 0.000110537 0 
4.2 -20 0.0764756 0 0.000155203 0 
4.4 -20 0.087226 0 0.0002134 0 
4.6 -20 0.0978604 0 0.000285896 0 
4.8 -20 0.1083506 0 0.000375375 0 
5 -20 0.1191826 0 0.000484841 0 
5.2 -20 0.1300886 0 0.000616367 0 
5.4 -20 0.141123 0 0.000771271 0 
5.6 -20 0.1520434 0 0.000951935 0 
5.8 -20 0.162452 0 0.00115992 0 
6 -20 0.1736994 0 0.00139717 0 
6.2 -20 0.1838828 0 0.00166555 0 
6.4 -20 0.1943488 0 0.00196482 0 
6.6 -20 0.204942 0 0.00229592 0 
6.8 -20 0.215484 0 0.00266036 0 
7 -20 0.2257 0 0.00305764 0 
7.2 -20 0.235406 0 0.00348909 0 
7.4 -20 0.245202 0 0.00395384 0 
7.6 -20 0.25459 0 0.00445184 0 
7.8 -20 0.263708 0 0.00498408 0 
8 -20 0.273012 0 0.00554706 0 
8.2 -20 0.281928 0 0.00614228 0 
8.4 -20 0.29076 0 0.00676846 0 
8.6 -20 0.299314 0 0.00742607 0 
8.8 -20 0.308044 0 0.00810915 0 
9 -20 0.316166 0 0.00882502 0 
9.2 -20 0.324304 0 0.00956594 0 
9.4 -20 0.332012 0 0.0103366 0 
9.6 -20 0.340006 0 0.0111264 0 
9.8 -20 0.347622 0 0.0119429 0 
10 -20 0.355244 0 0.012779 0 
10.2 -20 0.362218 0 0.0136456 0 
10.4 -20 0.369384 0 0.0145263 0 
10.6 -20 0.376254 0 0.0154295 0 
10.8 -20 0.383302 0 0.0163433 0 
11 -20 0.389916 0 0.0172814 0 
11.2 -20 0.396566 0 0.0182304 0 
11.4 -20 0.402956 0 0.0191981 0 
11.6 -20 0.409456 0 0.0201717 0 
11.8 -20 0.415626 0 0.0211643 0 
12 -20 0.421622 0 0.0221703 0 
12.4 -20 0.433184 0 0.0242181 0 
12.8 -20 0.444756 0 0.0262821 0 
13.2 -20 0.455962 0 0.0283695 0 
13.6 -20 0.466258 0 0.0305042 0 
14 -20 0.476664 0 0.032628 0 
14.4 -20 0.48647 0 0.034776 0 
14.8 -20 0.495858 0 0.0369353 0 
15.2 -20 0.505248 0 0.0390718 0 
15.6 -20 0.51411 0 0.0412215 0 
16 -20 0.522712 0 0.0433628 0 
16.8 -20 0.539026 0 0.0476203 0 
17.6 -20 0.554266 0 0.0518277 0 
18.4 -20 0.568696 0 0.0559492 0 
19.2 -20 0.582248 0 0.05999 0 
20 -20 0.594902 0 0.063956 0 
20.8 -20 0.606822 0 0.0678286 0 
21.6 -20 0.618196 0 0.0715815 0 
22.4 -20 0.628888 0 0.0752445 0 
23.2 -20 0.639086 0 0.0787884 0 
24 -20 0.648814 0 0.0822158 0 
24.8 -20 0.657996 0 0.0855515 0 
25.6 -20 0.66669 0 0.0887953 0 
26.4 -20 0.674958 0 0.0919432 0 
27.2 -20 0.682912 0 0.0949705 0 
28 -20 0.690332 0 0.0979556 0 
28.8 -20 0.69764 0 0.100777 0 
29.6 -20 0.704462 0 0.103563 0 
30.4 -20 0.711154 0 0.106205 0 
31.2 -20 0.717504 0 0.108783 0 
32 -20 0.723558 0 0.111292 0 
32.8 -20 0.729378 0 0.113719 0 
33.6 -20 0.734924 0 0.116088 0 
34.4 -20 0.740314 0 0.118356 0 
35.2 -20 0.745404 0 0.120598 0 
36 -20 0.750412 0 0.122719 0 
36.8 -20 0.75514 0 0.124823 0 
37.6 -20 0.759744 0 0.12684 0 
38.4 -20 0.764208 0 0.128784 0 
39.2 -20 0.76856 0 0.130643 0 
40 -20 0.772642 0 0.132516 0 
1.8 -18 0.00584728 0 7.5594e-07 0 
2 -18 0.00971134 0 2.01001e-06 0 
2.2 -18 0.01506632 0 4.58671e-06 0 
2.4 -18 0.0212676 0 8.92221e-06 0 
2.6 -18 0.028679 0 1.63142e-05 0 
2.8 -18 0.037526 0 2.77895e-05 0 
3 -18 0.0470712 0 4.47251e-05 0 
3.2 -18 0.0578266 0 6.8901e-05 0 
3.4 -18 0.0686928 0 0.000101647 0 
3.6 -18 0.0802856 0 0.000145982 0 
3.8 -18 0.0924194 0 0.000204162 0 
4 -18 0.1047478 0 0.000278433 0 
4.2 -18 0.1170778 0 0.000371915 0 
4.4 -18 0.1296828 0 0.000487654 0 
4.6 -18 0.1422572 0 0.000627508 0 
4.8 -18 0.154899 0 0.00079543 0 
5 -18 0.16739 0 0.000993786 0 
5.2 -18 0.1793834 0 0.00122306 0 
5.4 -18 0.19183 0 0.00148876 0 
5.6 -18 0.2041 0 0.00178966 0 
5.8 -18 0.215856 0 0.00212716 0 
6 -18 0.226968 0 0.00250452 0 
6.2 -18 0.238078 0 0.00292059 0 
6.4 -18 0.249088 0 0.00337533 0 
6.6 -18 0.259802 0 0.0038715 0 
6.8 -18 0.270326 0 0.00440688 0 
7 -18 0.280542 0 0.00498079 0 
7.2 -18 0.290532 0 0.00559407 0 
7.4 -18 0.300068 0 0.00624674 0 
7.6 -18 0.309218 0 0.00693888 0 
7.8 -18 0.318486 0 0.00766355 0 
8 -18 0.327518 0 0.00842368 0 
8.2 -18 0.336684 0 0.00921267 0 
8.4 -18 0.345528 0 0.0100342 0 
8.6 -18 0.353592 0 0.010894 0 
8.8 -18 0.362058 0 0.0117749 0 
9 -18 0.37041 0 0.012681 0 
9.2 -18 0.378008 0 0.0136225 0 
9.4 -18 0.38565 0 0.0145843 0 
9.6 -18 0.393148 0 0.0155682 0 
9.8 -18 0.400258 0 0.0165794 0 
10 -18 0.407368 0 0.0176062 0 
10.2 -18 0.414368 0 0.0186501 0 
10.4 -18 0.421118 0 0.0197145 0 
10.6 -18 0.427924 0 0.020787 0 
10.8 -18 0.434436 0 0.0218789 0 
11 -18 0.440746 0 0.022986 0 
11.2 -18 0.447156 0 0.0240963 0 
11.4 -18 0.453116 0 0.0252295 0 
11.6 -18 0.45913 0 0.0263642 0 
11.8 -18 0.464944 0 0.0275117 0 
12 -18 0.470666 0 0.0286652 0 
12.4 -18 0.481818 0 0.030987 0 
12.8 -18 0.492556 0 0.0333244 0 
13.2 -18 0.502868 0 0.0356734 0 
13.6 -18 0.51262 0 0.0380396 0 
14 -18 0.52226 0 0.0403866 0 
14.4 -18 0.531606 0 0.042722 0 
14.8 -18 0.54056 0 0.0450522 0 
15.2 -18 0.549112 0 0.0473766 0 
15.6 -18 0.557258 0 0.0496967 0 
16 -18 0.565346 0 0.051973 0 
16.8 -18 0.580424 0 0.0564938 0 
17.6 -18 0.594642 0 0.0608996 0 
18.4 -18 0.60808 0 0.0651747 0 
19.2 -18 0.620376 0 0.0693879 0 
20 -18 0.632136 0 0.0734444 0 
20.8 -18 0.643182 0 0.0773838 0 
21.6 -18 0.653698 0 0.0811766 0 
22.4 -18 0.663452 0 0.0848912 0 
23.2 -18 0.672908 0 0.0884248 0 
24 -18 0.681718 0 0.09188 0 
24.8 -18 0.690226 0 0.0951743 0 
25.6 -18 0.698196 0 0.0983902 0 
26.4 -18 0.705802 0 0.101488 0 
27.2 -18 0.71295 0 0.104515 0 
28 -18 0.719924 0 0.10738 0 
28.8 -18 0.726472 0 0.110187 0 
29.6 -18 0.732738 0 0.112897 0 
30.4 -18 0.738736 0 0.115513 0 
31.2 -18 0.744542 0 0.118012 0 
32 -18 0.750112 0 0.120422 0 
32.8 -18 0.755378 0 0.122788 0 
33.6 -18 0.76043 0 0.125079 0 
34.4 -18 0.765374 0 0.127245 0 
35.2 -18 0.770022 0 0.129398 0 
36 -18 0.774506 0 0.131475 0 
36.8 -18 0.77888 0 0.133453 0 
37.6 -18 0.783066 0 0.135384 0 
38.4 -18 0.787078 0 0.13727 0 
39.2 -18 0.791022 0 0.139047 0 
40 -18 0.794772 0 0.140808 0 
1.4 -16 0.00597452 0 9.7987e-07 0 
1.6 -16 0.01068098 0 2.79035e-06 0 
1.8 -16 0.01731548 0 6.77508e-06 0 
2 -16 0.026003 0 1.41068e-05 0 
2.2 -16 0.0355932 0 2.5479e-05 0 
2.4 -16 0.0469766 0 4.34241e-05 0 
2.6 -16 0.0593458 0 6.87703e-05 0 
2.8 -16 0.0725894 0 0.000104287 0 
3 -16 0.0864992 0 0.000151724 0 
3.2 -16 0.1007658 0 0.000213421 0 
3.4 -16 0.1151706 0 0.000292418 0 
3.6 -16 0.1298668 0 0.000393383 0 
3.8 -16 0.1449156 0 0.000518747 0 
4 -16 0.159699 0 0.000672501 0 
4.2 -16 0.1746426 0 0.000857739 0 
4.4 -16 0.188641 0 0.00107816 0 
4.6 -16 0.202434 0 0.00133618 0 
4.8 -16 0.216548 0 0.00163533 0 
5 -16 0.230086 0 0.001978 0 
5.2 -16 0.242914 0 0.00236635 0 
5.4 -16 0.255288 0 0.00279939 0 
5.6 -16 0.26758 0 0.00328084 0 
5.8 -16 0.279644 0 0.00380986 0 
6 -16 0.291286 0 0.00438709 0 
6.2 -16 0.301906 0 0.00501297 0 
6.4 -16 0.31287 0 0.005685 0 
6.6 -16 0.323342 0 0.0064033 0 
6.8 -16 0.333956 0 0.00716328 0 
7 -16 0.343532 0 0.00797258 0 
7.2 -16 0.353746 0 0.00881373 0 
7.4 -16 0.363034 0 0.00970211 0 
7.6 -16 0.371894 0 0.0106317 0 
7.8 -16 0.38087 0 0.0115898 0 
8 -16 0.389484 0 0.0125857 0 
8.2 -16 0.39792 0 0.0136121 0 
8.4 -16 0.406 0 0.0146708 0 
8.6 -16 0.413836 0 0.0157584 0 
8.8 -16 0.421814 0 0.0168633 0 
9 -16 0.429138 0 0.0180041 0 
9.2 -16 0.436824 0 0.0191509 0 
9.4 -16 0.44383 0 0.0203324 0 
9.6 -16 0.451048 0 0.0215184 0 
9.8 -16 0.458032 0 0.0227226 0 
10 -16 0.464822 0 0.0239416 0 
10.2 -16 0.471144 0 0.0251864 0 
10.4 -16 0.477408 0 0.0264407 0 
10.6 -16 0.483572 0 0.0277023 0 
10.8 -16 0.48948 0 0.0289794 0 
11 -16 0.495326 0 0.0302605 0 
11.2 -16 0.5013 0 0.0315328 0 
11.4 -16 0.506842 0 0.0328279 0 
11.6 -16 0.512116 0 0.0341372 0 
11.8 -16 0.517696 0 0.0354214 0 
12 -16 0.5228 0 0.0367331 0 
12.4 -16 0.533102 0 0.0393274 0 
12.8 -16 0.542962 0 0.0419196 0 
13.2 -16 0.552502 0 0.0444962 0 
13.6 -16 0.561596 0 0.0470655 0 
14 -16 0.57031 0 0.0496188 0 
14.4 -16 0.578712 0 0.0521482 0 
14.8 -16 0.586596 0 0.0546794 0 
15.2 -16 0.594606 0 0.0571275 0 
15.6 -16 0.602014 0 0.0595891 0 
16 -16 0.6095 0 0.0619663 0 
16.8 -16 0.62337 0 0.0666693 0 
17.6 -16 0.636246 0 0.0712413 0 
18.4 -16 0.648274 0 0.0756708 0 
19.2 -16 0.6597 0 0.0799158 0 
20 -16 0.67041 0 0.0840146 0 
20.8 -16 0.68044 0 0.0879768 0 
21.6 -16 0.689946 0 0.0917789 0 
22.4 -16 0.698832 0 0.0954665 0 
23.2 -16 0.707332 0 0.098984 0 
24 -16 0.715374 0 0.102371 0 
24.8 -16 0.722968 0 0.105641 0 
25.6 -16 0.730194 0 0.108782 0 
26.4 -16 0.737072 0 0.111802 0 
27.2 -16 0.743586 0 0.114723 0 
28 -16 0.74984 0 0.117514 0 
28.8 -16 0.75575 0 0.120229 0 
29.6 -16 0.761378 0 0.122853 0 
30.4 -16 0.76681 0 0.125356 0 
31.2 -16 0.771976 0 0.127787 0 
32 -16 0.776972 0 0.130103 0 
32.8 -16 0.781748 0 0.132344 0 
33.6 -16 0.786322 0 0.134511 0 
34.4 -16 0.790708 0 0.136607 0 
35.2 -16 0.794908 0 0.138641 0 
36 -16 0.798934 0 0.140616 0 
36.8 -16 0.802852 0 0.142495 0 
37.6 -16 0.806574 0 0.144349 0 
38.4 -16 0.810182 0 0.146127 0 
39.2 -16 0.813668 0 0.147842 0 
40 -16 0.81709 0 0.149455 0 
0.9 -14 0.00511042 0 8.85252e-07 0 
1 -14 0.00726744 0 1.87346e-06 0 
1.2 -14 0.01431396 0 5.95619e-06 0 
1.4 -14 0.023568 0 1.43018e-05 0 
1.6 -14 0.0350192 0 2.89908e-05 0 
1.8 -14 0.048527 0 5.17881e-05 0 
2 -14 0.0641924 0 8.59067e-05 0 
2.2 -14 0.080541 0 0.000130354 0 
2.4 -14 0.0977386 0 0.000188762 0 
2.6 -14 0.1152382 0 0.000263246 0 
2.8 -14 0.1331578 0 0.000355883 0 
3 -14 0.1513166 0 0.000474082 0 
3.2 -14 0.1690118 0 0.000616354 0 
3.4 -14 0.186109 0 0.000789666 0 
3.6 -14 0.20309 0 0.000998881 0 
3.8 -14 0.219706 0 0.00124938 0 
4 -14 0.235726 0 0.0015457 0 
4.2 -14 0.251176 0 0.00188868 0 
4.4 -14 0.266018 0 0.00228445 0 
4.6 -14 0.280374 0 0.0027342 0 
4.8 -14 0.2937 0 0.00323983 0 
5 -14 0.307076 0 0.00380406 0 
5.2 -14 0.31976 0 0.00442675 0 
5.4 -14 0.332286 0 0.0051062 0 
5.6 -14 0.343982 0 0.0058459 0 
5.8 -14 0.355516 0 0.00663902 0 
6 -14 0.365746 0 0.00749349 0 
6.2 -14 0.376394 0 0.0083958 0 
6.4 -14 0.386472 0 0.0093515 0 
6.6 -14 0.396772 0 0.0103492 0 
6.8 -14 0.406254 0 0.0113962 0 
7 -14 0.415504 0 0.0124859 0 
7.2 -14 0.424842 0 0.0136086 0 
7.4 -14 0.43307 0 0.0147841 0 
7.6 -14 0.44107 0 0.0159957 0 
7.8 -14 0.449582 0 0.017221 0 
8 -14 0.457128 0 0.0184949 0 
8.2 -14 0.464922 0 0.0197821 0 
8.4 -14 0.472046 0 0.0211083 0 
8.6 -14 0.479476 0 0.0224374 0 
8.8 -14 0.486432 0 0.0237983 0 
9 -14 0.493212 0 0.0251751 0 
9.2 -14 0.499812 0 0.0265668 0 
9.4 -14 0.50618 0 0.0279755 0 
9.6 -14 0.512508 0 0.0293892 0 
9.8 -14 0.518602 0 0.0308157 0 
10 -14 0.524624 0 0.032245 0 
10.2 -14 0.530662 0 0.0336687 0 
10.4 -14 0.536468 0 0.0351026 0 
10.6 -14 0.542226 0 0.0365319 0 
10.8 -14 0.547372 0 0.0380001 0 
11 -14 0.552766 0 0.0394392 0 
11.2 -14 0.557726 0 0.0409045 0 
11.4 -14 0.562838 0 0.0423455 0 
11.6 -14 0.567874 0 0.0437793 0 
11.8 -14 0.572914 0 0.0451976 0 
12 -14 0.577424 0 0.0466548 0 
12.4 -14 0.58668 0 0.0494976 0 
12.8 -14 0.595574 0 0.0523094 0 
13.2 -14 0.604268 0 0.0550671 0 
13.6 -14 0.61238 0 0.0578221 0 
14 -14 0.620234 0 0.0605301 0 
14.4 -14 0.62775 0 0.0632033 0 
14.8 -14 0.63489 0 0.0658509 0 
15.2 -14 0.641884 0 0.0684334 0 
15.6 -14 0.648646 0 0.0709665 0 
16 -14 0.654978 0 0.0734933 0 
16.8 -14 0.667494 0 0.0782961 0 
17.6 -14 0.679188 0 0.0829036 0 
18.4 -14 0.689918 0 0.0873769 0 
19.2 -14 0.700154 0 0.0916167 0 
20 -14 0.709604 0 0.0957293 0 
20.8 -14 0.718578 0 0.0996406 0 
21.6 -14 0.726952 0 0.103418 0 
22.4 -14 0.735006 0 0.106979 0 
23.2 -14 0.742438 0 0.110463 0 
24 -14 0.749604 0 0.113747 0 
24.8 -14 0.756406 0 0.116888 0 
25.6 -14 0.762758 0 0.11995 0 
26.4 -14 0.768874 0 0.122847 0 
27.2 -14 0.774616 0 0.125669 0 
28 -14 0.780174 0 0.128329 0 
28.8 -14 0.785446 0 0.130899 0 
29.6 -14 0.790414 0 0.133409 0 
30.4 -14 0.795212 0 0.135791 0 
31.2 -14 0.799754 0 0.138114 0 
32 -14 0.804194 0 0.140287 0 
32.8 -14 0.808324 0 0.14247 0 
33.6 -14 0.812426 0 0.144467 0 
34.4 -14 0.816314 0 0.146427 0 
35.2 -14 0.819988 0 0.148367 0 
36 -14 0.823574 0 0.150196 0 
36.8 -14 0.826966 0 0.152011 0 
37.6 -14 0.830298 0 0.153704 0 
38.4 -14 0.833464 0 0.155381 0 
39.2 -14 0.83658 0 0.156941 0 
40 -14 0.839538 0 0.158494 0 
0.5 -12 0.01321352 0 7.6713e-06 0 
0.6 -12 0.01747844 0 1.26366e-05 0 
0.7 -12 0.0226346 0 1.95233e-05 0 
0.8 -12 0.029048 0 2.93754e-05 0 
0.9 -12 0.0356608 0 4.26625e-05 0 
1 -12 0.0429702 0 5.76142e-05 0 
1.2 -12 0.0599976 0 0.000100185 0 
1.4 -12 0.079827 0 0.000157324 0 
1.6 -12 0.100419 0 0.000230326 0 
1.8 -12 0.1225778 0 0.000321855 0 
2 -12 0.1437204 0 0.000426638 0 
2.2 -12 0.1658382 0 0.000551794 0 
2.4 -12 0.1878462 0 0.000702754 0 
2.6 -12 0.20821 0 0.000873794 0 
2.8 -12 0.228492 0 0.00108117 0 
3 -12 0.24826 0 0.00132953 0 
3.2 -12 0.26744 0 0.00161813 0 
3.4 -12 0.285512 0 0.00196352 0 
3.6 -12 0.30186 0 0.00235471 0 
3.8 -12 0.317932 0 0.00281534 0 
4 -12 0.332736 0 0.00334239 0 
4.2 -12 0.347974 0 0.00393785 0 
4.4 -12 0.36147 0 0.00460243 0 
4.6 -12 0.374026 0 0.00534297 0 
4.8 -12 0.386476 0 0.00615435 0 
5 -12 0.398098 0 0.00703858 0 
5.2 -12 0.409062 0 0.00799185 0 
5.4 -12 0.419852 0 0.00901352 0 
5.6 -12 0.430844 0 0.0100867 0 
5.8 -12 0.441074 0 0.0112245 0 
6 -12 0.449898 0 0.0124342 0 
6.2 -12 0.45953 0 0.0136808 0 
6.4 -12 0.468026 0 0.0149899 0 
6.6 -12 0.47652 0 0.0163379 0 
6.8 -12 0.48513 0 0.0177188 0 
7 -12 0.493148 0 0.019141 0 
7.2 -12 0.500714 0 0.0206045 0 
7.4 -12 0.508118 0 0.0220971 0 
7.6 -12 0.515402 0 0.0236102 0 
7.8 -12 0.522262 0 0.0251586 0 
8 -12 0.529286 0 0.0267085 0 
8.2 -12 0.535956 0 0.028283 0 
8.4 -12 0.542164 0 0.0298879 0 
8.6 -12 0.548568 0 0.0314833 0 
8.8 -12 0.55456 0 0.033102 0 
9 -12 0.560968 0 0.0346871 0 
9.2 -12 0.56651 0 0.036327 0 
9.4 -12 0.572246 0 0.0379446 0 
9.6 -12 0.577696 0 0.0395758 0 
9.8 -12 0.58284 0 0.0412225 0 
10 -12 0.588102 0 0.0428443 0 
10.2 -12 0.593172 0 0.0444687 0 
10.4 -12 0.59812 0 0.046088 0 
10.6 -12 0.603094 0 0.0476865 0 
10.8 -12 0.607878 0 0.0492854 0 
11 -12 0.612558 0 0.0508758 0 
11.2 -12 0.61675 0 0.0525076 0 
11.4 -12 0.62135 0 0.054062 0 
11.6 -12 0.625768 0 0.0556167 0 
11.8 -12 0.63008 0 0.0571611 0 
12 -12 0.634184 0 0.0587113 0 
12.4 -12 0.642342 0 0.0617411 0 
12.8 -12 0.650144 0 0.0647192 0 
13.2 -12 0.65773 0 0.0676217 0 
13.6 -12 0.664744 0 0.0705213 0 
14 -12 0.671378 0 0.0733878 0 
14.4 -12 0.67816 0 0.0761046 0 
14.8 -12 0.684584 0 0.0787833 0 
15.2 -12 0.690646 0 0.0814345 0 
15.6 -12 0.69644 0 0.0840393 0 
16 -12 0.702056 0 0.0865799 0 
16.8 -12 0.712798 0 0.0914584 0 
17.6 -12 0.722828 0 0.0961093 0 
18.4 -12 0.732404 0 0.100469 0 
19.2 -12 0.741292 0 0.104649 0 
20 -12 0.749506 0 0.108683 0 
20.8 -12 0.757376 0 0.112462 0 
21.6 -12 0.764734 0 0.116087 0 
22.4 -12 0.771596 0 0.119584 0 
23.2 -12 0.778194 0 0.12286 0 
24 -12 0.784362 0 0.126027 0 
24.8 -12 0.790216 0 0.129047 0 
25.6 -12 0.79578 0 0.131926 0 
26.4 -12 0.801088 0 0.134664 0 
27.2 -12 0.806104 0 0.137304 0 
28 -12 0.81091 0 0.139811 0 
28.8 -12 0.815434 0 0.142254 0 
29.6 -12 0.819774 0 0.14458 0 
30.4 -12 0.823884 0 0.146843 0 
31.2 -12 0.82786 0 0.148974 0 
32 -12 0.83161 0 0.151072 0 
32.8 -12 0.835258 0 0.15304 0 
33.6 -12 0.83876 0 0.154926 0 
34.4 -12 0.84214 0 0.156722 0 
35.2 -12 0.845328 0 0.158506 0 
36 -12 0.848416 0 0.160203 0 
36.8 -12 0.85136 0 0.161864 0 
37.6 -12 0.85423 0 0.163429 0 
38.4 -12 0.856956 0 0.164979 0 
39.2 -12 0.859612 0 0.166445 0 
40 -12 0.862146 0 0.167895 0 
0.5 -11 0.0461862 0 8.97483e-05 0 
0.6 -11 0.052722 0 0.000110478 0 
0.7 -11 0.0600378 0 0.00013254 0 
0.8 -11 0.0685128 0 0.000161373 0 
0.9 -11 0.0775798 0 0.000194082 0 
1 -11 0.0879112 0 0.000232107 0 
1.2 -11 0.1097152 0 0.000323254 0 
1.4 -11 0.1323558 0 0.000423246 0 
1.6 -11 0.1558026 0 0.000546986 0 
1.8 -11 0.1799102 0 0.000689901 0 
2 -11 0.203994 0 0.000854556 0 
2.2 -11 0.227878 0 0.00104312 0 
2.4 -11 0.249706 0 0.00125439 0 
2.6 -11 0.270896 0 0.00150235 0 
2.8 -11 0.291226 0 0.00178779 0 
3 -11 0.310056 0 0.00212655 0 
3.2 -11 0.328074 0 0.00251963 0 
3.4 -11 0.344606 0 0.00298058 0 
3.6 -11 0.360318 0 0.00350667 0 
3.8 -11 0.374844 0 0.00411155 0 
4 -11 0.38819 0 0.00479457 0 
4.2 -11 0.402246 0 0.00555925 0 
4.4 -11 0.41457 0 0.00640477 0 
4.6 -11 0.426032 0 0.00733373 0 
4.8 -11 0.436974 0 0.00834115 0 
5 -11 0.44791 0 0.00942213 0 
5.2 -11 0.457956 0 0.0105775 0 
5.4 -11 0.467406 0 0.0118034 0 
5.6 -11 0.477518 0 0.0130802 0 
5.8 -11 0.486584 0 0.0144248 0 
6 -11 0.494596 0 0.0158415 0 
6.2 -11 0.503256 0 0.0172812 0 
6.4 -11 0.51116 0 0.0187826 0 
6.6 -11 0.518812 0 0.0203237 0 
6.8 -11 0.526402 0 0.0218938 0 
7 -11 0.53318 0 0.0235225 0 
7.2 -11 0.540178 0 0.0251597 0 
7.4 -11 0.547186 0 0.0268094 0 
7.6 -11 0.55359 0 0.0285007 0 
7.8 -11 0.560346 0 0.0301774 0 
8 -11 0.566638 0 0.031883 0 
8.2 -11 0.57277 0 0.033599 0 
8.4 -11 0.578538 0 0.0353366 0 
8.6 -11 0.584202 0 0.0370765 0 
8.8 -11 0.589754 0 0.0388169 0 
9 -11 0.595328 0 0.0405416 0 
9.2 -11 0.600536 0 0.0422863 0 
9.4 -11 0.605828 0 0.0440067 0 
9.6 -11 0.61121 0 0.0456964 0 
9.8 -11 0.616116 0 0.0474173 0 
10 -11 0.62066 0 0.0491624 0 
10.2 -11 0.6257 0 0.0508217 0 
10.4 -11 0.630346 0 0.0525046 0 
10.6 -11 0.63481 0 0.0541878 0 
10.8 -11 0.638904 0 0.0558985 0 
11 -11 0.643132 0 0.0575654 0 
11.2 -11 0.647446 0 0.0591886 0 
11.4 -11 0.651448 0 0.0608337 0 
11.6 -11 0.65545 0 0.0624495 0 
11.8 -11 0.659342 0 0.0640555 0 
12 -11 0.66317 0 0.0656427 0 
12.4 -11 0.670608 0 0.0687646 0 
12.8 -11 0.678008 0 0.071763 0 
13.2 -11 0.684982 0 0.0747191 0 
13.6 -11 0.691574 0 0.0776315 0 
14 -11 0.697844 0 0.0804941 0 
14.4 -11 0.703936 0 0.0832717 0 
14.8 -11 0.709602 0 0.0860401 0 
15.2 -11 0.71556 0 0.0885902 0 
15.6 -11 0.720892 0 0.0912019 0 
16 -11 0.725968 0 0.0937741 0 
16.8 -11 0.735966 0 0.0985978 0 
17.6 -11 0.745232 0 0.103203 0 
18.4 -11 0.753828 0 0.107606 0 
19.2 -11 0.762202 0 0.111642 0 
20 -11 0.76982 0 0.115585 0 
20.8 -11 0.777016 0 0.119314 0 
21.6 -11 0.783906 0 0.122796 0 
22.4 -11 0.790214 0 0.126215 0 
23.2 -11 0.796268 0 0.129414 0 
24 -11 0.801968 0 0.132479 0 
24.8 -11 0.807332 0 0.135425 0 
25.6 -11 0.81245 0 0.138216 0 
26.4 -11 0.817322 0 0.140874 0 
27.2 -11 0.821968 0 0.1434 0 
28 -11 0.826376 0 0.145829 0 
28.8 -11 0.83055 0 0.148175 0 
29.6 -11 0.834552 0 0.150406 0 
30.4 -11 0.83832 0 0.152594 0 
31.2 -11 0.841976 0 0.154644 0 
32 -11 0.845468 0 0.156616 0 
32.8 -11 0.848802 0 0.158521 0 
33.6 -11 0.852006 0 0.160345 0 
34.4 -11 0.855102 0 0.162073 0 
35.2 -11 0.85806 0 0.16375 0 
36 -11 0.860908 0 0.165359 0 
36.8 -11 0.863596 0 0.166969 0 
37.6 -11 0.866214 0 0.168485 0 
38.4 -11 0.868754 0 0.169925 0 
39.2 -11 0.871184 0 0.171334 0 
40 -11 0.873534 0 0.172686 0 
0.5 -10 0.1074978 0 0.000459357 0 
0.6 -10 0.1152234 0 0.000487856 0 
0.7 -10 0.1244796 0 0.000537504 0 
0.8 -10 0.1336734 0 0.000581603 0 
0.9 -10 0.145333 0 0.000644954 0 
1 -10 0.1560124 0 0.00070376 0 
1.2 -10 0.1807196 0 0.000839398 0 
1.4 -10 0.206416 0 0.000999082 0 
1.6 -10 0.232224 0 0.00118911 0 
1.8 -10 0.256966 0 0.00138812 0 
2 -10 0.280046 0 0.00159994 0 
2.2 -10 0.302664 0 0.00184695 0 
2.4 -10 0.323258 0 0.00213202 0 
2.6 -10 0.343808 0 0.0024664 0 
2.8 -10 0.361862 0 0.00284438 0 
3 -10 0.378244 0 0.00328435 0 
3.2 -10 0.394496 0 0.00380759 0 
3.4 -10 0.409434 0 0.00441645 0 
3.6 -10 0.423444 0 0.0051051 0 
3.8 -10 0.435874 0 0.00589375 0 
4 -10 0.447862 0 0.00677198 0 
4.2 -10 0.459246 0 0.00773802 0 
4.4 -10 0.469916 0 0.00879597 0 
4.6 -10 0.48044 0 0.00993864 0 
4.8 -10 0.490144 0 0.0111698 0 
5 -10 0.499404 0 0.0124779 0 
5.2 -10 0.508146 0 0.0138635 0 
5.4 -10 0.516632 0 0.0153205 0 
5.6 -10 0.524958 0 0.0168304 0 
5.8 -10 0.53265 0 0.0184057 0 
6 -10 0.54018 0 0.0200324 0 
6.2 -10 0.547772 0 0.0216906 0 
6.4 -10 0.554804 0 0.0234002 0 
6.6 -10 0.561786 0 0.0251338 0 
6.8 -10 0.568308 0 0.0269109 0 
7 -10 0.574768 0 0.0287052 0 
7.2 -10 0.581118 0 0.030516 0 
7.4 -10 0.587662 0 0.032314 0 
7.6 -10 0.59345 0 0.0341649 0 
7.8 -10 0.59906 0 0.0360279 0 
8 -10 0.604704 0 0.0378828 0 
8.2 -10 0.610258 0 0.0397358 0 
8.4 -10 0.615692 0 0.041583 0 
8.6 -10 0.62077 0 0.043451 0 
8.8 -10 0.625842 0 0.0453044 0 
9 -10 0.630706 0 0.0471586 0 
9.2 -10 0.635612 0 0.0489857 0 
9.4 -10 0.640308 0 0.0508144 0 
9.6 -10 0.64498 0 0.0526193 0 
9.8 -10 0.649626 0 0.0543987 0 
10 -10 0.653798 0 0.0562208 0 
10.2 -10 0.657914 0 0.0580236 0 
10.4 -10 0.66256 0 0.0597057 0 
10.6 -10 0.666332 0 0.0615046 0 
10.8 -10 0.670496 0 0.0632004 0 
11 -10 0.674434 0 0.0649043 0 
11.2 -10 0.678354 0 0.0665752 0 
11.4 -10 0.681966 0 0.0682741 0 
11.6 -10 0.685526 0 0.0699501 0 
11.8 -10 0.689204 0 0.0715647 0 
12 -10 0.692836 0 0.0731513 0 
12.4 -10 0.69949 0 0.0763597 0 
12.8 -10 0.706044 0 0.0794491 0 
13.2 -10 0.71246 0 0.082424 0 
13.6 -10 0.71843 0 0.0853759 0 
14 -10 0.72426 0 0.0882233 0 
14.4 -10 0.729926 0 0.090975 0 
14.8 -10 0.735412 0 0.0936382 0 
15.2 -10 0.740432 0 0.0963233 0 
15.6 -10 0.745458 0 0.0988672 0 
16 -10 0.750238 0 0.101367 0 
16.8 -10 0.759208 0 0.106208 0 
17.6 -10 0.767824 0 0.110679 0 
18.4 -10 0.775624 0 0.115034 0 
19.2 -10 0.783234 0 0.119 0 
20 -10 0.79028 0 0.122803 0 
20.8 -10 0.796796 0 0.12647 0 
21.6 -10 0.80302 0 0.129893 0 
22.4 -10 0.809016 0 0.133053 0 
23.2 -10 0.814392 0 0.136255 0 
24 -10 0.819592 0 0.13922 0 
24.8 -10 0.824532 0 0.14203 0 
25.6 -10 0.829222 0 0.144704 0 
26.4 -10 0.83363 0 0.147291 0 
27.2 -10 0.8379 0 0.149689 0 
28 -10 0.841912 0 0.152027 0 
28.8 -10 0.845712 0 0.154285 0 
29.6 -10 0.849396 0 0.156384 0 
30.4 -10 0.852838 0 0.158474 0 
31.2 -10 0.85615 0 0.160455 0 
32 -10 0.859314 0 0.162362 0 
32.8 -10 0.862398 0 0.164128 0 
33.6 -10 0.865308 0 0.165876 0 
34.4 -10 0.86813 0 0.167521 0 
35.2 -10 0.870814 0 0.169133 0 
36 -10 0.873402 0 0.17067 0 
36.8 -10 0.875882 0 0.172164 0 
37.6 -10 0.878256 0 0.173619 0 
38.4 -10 0.880572 0 0.174982 0 
39.2 -10 0.882788 0 0.176317 0 
40 -10 0.88493 0 0.177597 0 
0.5 -9 0.1968188 0 0.00141278 0 
0.6 -9 0.206244 0 0.00145823 0 
0.7 -9 0.214948 0 0.0014794 0 
0.8 -9 0.22769 0 0.00155875 0 
0.9 -9 0.240024 0 0.00163898 0 
1 -9 0.251482 0 0.00169657 0 
1.2 -9 0.27516 0 0.00186427 0 
1.4 -9 0.300922 0 0.00206244 0 
1.6 -9 0.324316 0 0.00227188 0 
1.8 -9 0.346878 0 0.00250818 0 
2 -9 0.367908 0 0.00276472 0 
2.2 -9 0.388906 0 0.00308009 0 
2.4 -9 0.405632 0 0.00342969 0 
2.6 -9 0.422096 0 0.00383976 0 
2.8 -9 0.437308 0 0.00434256 0 
3 -9 0.451578 0 0.00492373 0 
3.2 -9 0.464564 0 0.00559998 0 
3.4 -9 0.47705 0 0.00639207 0 
3.6 -9 0.487886 0 0.00728883 0 
3.8 -9 0.498192 0 0.00828812 0 
4 -9 0.508968 0 0.00939495 0 
4.2 -9 0.51855 0 0.0106017 0 
4.4 -9 0.527614 0 0.0119088 0 
4.6 -9 0.535806 0 0.0133132 0 
4.8 -9 0.544084 0 0.0147977 0 
5 -9 0.55161 0 0.0163706 0 
5.2 -9 0.559612 0 0.0179942 0 
5.4 -9 0.566766 0 0.0197009 0 
5.6 -9 0.573888 0 0.0214559 0 
5.8 -9 0.58069 0 0.0232617 0 
6 -9 0.5873 0 0.0251103 0 
6.2 -9 0.593374 0 0.0270156 0 
6.4 -9 0.599672 0 0.0289257 0 
6.6 -9 0.605954 0 0.0308493 0 
6.8 -9 0.611408 0 0.0328409 0 
7 -9 0.616764 0 0.0348471 0 
7.2 -9 0.622688 0 0.036801 0 
7.4 -9 0.628016 0 0.0388043 0 
7.6 -9 0.633286 0 0.0408008 0 
7.8 -9 0.638352 0 0.042805 0 
8 -9 0.6433 0 0.0448051 0 
8.2 -9 0.648406 0 0.0467674 0 
8.4 -9 0.653366 0 0.048719 0 
8.6 -9 0.65784 0 0.0507108 0 
8.8 -9 0.662362 0 0.0526686 0 
9 -9 0.666796 0 0.0546113 0 
9.2 -9 0.671046 0 0.0565499 0 
9.4 -9 0.67512 0 0.0584868 0 
9.6 -9 0.679366 0 0.0603598 0 
9.8 -9 0.683526 0 0.0622093 0 
10 -9 0.687554 0 0.0640453 0 
10.2 -9 0.691152 0 0.0659321 0 
10.4 -9 0.695076 0 0.0677131 0 
10.6 -9 0.698596 0 0.0695433 0 
10.8 -9 0.70218 0 0.0713195 0 
11 -9 0.705826 0 0.07304 0 
11.2 -9 0.709164 0 0.0747948 0 
11.4 -9 0.712818 0 0.0764281 0 
11.6 -9 0.716048 0 0.078129 0 
11.8 -9 0.719304 0 0.0797828 0 
12 -9 0.722508 0 0.0814073 0 
12.4 -9 0.728752 0 0.0845802 0 
12.8 -9 0.734648 0 0.0876929 0 
13.2 -9 0.7402 0 0.0907558 0 
13.6 -9 0.745718 0 0.0936679 0 
14 -9 0.751216 0 0.0964191 0 
14.4 -9 0.7561 0 0.0992451 0 
14.8 -9 0.760976 0 0.101919 0 
15.2 -9 0.765752 0 0.10448 0 
15.6 -9 0.770204 0 0.107032 0 
16 -9 0.774608 0 0.109457 0 
16.8 -9 0.782796 0 0.114178 0 
17.6 -9 0.790494 0 0.118598 0 
18.4 -9 0.797588 0 0.122829 0 
19.2 -9 0.804444 0 0.126694 0 
20 -9 0.810802 0 0.130388 0 
20.8 -9 0.816734 0 0.13391 0 
21.6 -9 0.82239 0 0.137191 0 
22.4 -9 0.82773 0 0.140287 0 
23.2 -9 0.83264 0 0.143332 0 
24 -9 0.837358 0 0.146162 0 
24.8 -9 0.841808 0 0.148867 0 
25.6 -9 0.846034 0 0.151435 0 
26.4 -9 0.850018 0 0.153909 0 
27.2 -9 0.853884 0 0.156183 0 
28 -9 0.85753 0 0.158386 0 
28.8 -9 0.860976 0 0.16052 0 
29.6 -9 0.86428 0 0.162541 0 
30.4 -9 0.867386 0 0.164532 0 
31.2 -9 0.870394 0 0.16639 0 
32 -9 0.87325 0 0.1682 0 
32.8 -9 0.876024 0 0.16988 0 
33.6 -9 0.87862 0 0.171579 0 
34.4 -9 0.881202 0 0.173082 0 
35.2 -9 0.883624 0 0.174606 0 
36 -9 0.885944 0 0.176081 0 
36.8 -9 0.888194 0 0.177471 0 
37.6 -9 0.89034 0 0.17884 0 
38.4 -9 0.89243 0 0.180117 0 
39.2 -9 0.894428 0 0.181379 0 
40 -9 0.89635 0 0.182599 0 
0.5 -8 0.309906 0 0.003225 0 
0.6 -8 0.320038 0 0.00326385 0 
0.7 -8 0.330942 0 0.00328364 0 
0.8 -8 0.342712 0 0.00331598 0 
0.9 -8 0.352988 0 0.00336391 0 
1 -8 0.365312 0 0.00342921 0 
1.2 -8 0.386334 0 0.00354135 0 
1.4 -8 0.408304 0 0.00371982 0 
1.6 -8 0.429254 0 0.00392189 0 
1.8 -8 0.446786 0 0.00416682 0 
2 -8 0.4636 0 0.0044526 0 
2.2 -8 0.479072 0 0.00480046 0 
2.4 -8 0.492054 0 0.00522375 0 
2.6 -8 0.505066 0 0.00576215 0 
2.8 -8 0.517062 0 0.00639635 0 
3 -8 0.527312 0 0.00715557 0 
3.2 -8 0.536794 0 0.00804441 0 
3.4 -8 0.545912 0 0.00905859 0 
3.6 -8 0.55433 0 0.010195 0 
3.8 -8 0.562632 0 0.0114636 0 
4 -8 0.570818 0 0.0128461 0 
4.2 -8 0.578224 0 0.0143465 0 
4.4 -8 0.585466 0 0.0159278 0 
4.6 -8 0.592016 0 0.0176249 0 
4.8 -8 0.598672 0 0.0193899 0 
5 -8 0.605344 0 0.0212252 0 
5.2 -8 0.611098 0 0.0231545 0 
5.4 -8 0.617062 0 0.0251284 0 
5.6 -8 0.6225 0 0.0271671 0 
5.8 -8 0.628208 0 0.0292204 0 
6 -8 0.633764 0 0.0313116 0 
6.2 -8 0.63955 0 0.0333971 0 
6.4 -8 0.644574 0 0.0355464 0 
6.6 -8 0.649656 0 0.037698 0 
6.8 -8 0.654886 0 0.0398329 0 
7 -8 0.659592 0 0.0420134 0 
7.2 -8 0.66438 0 0.0441704 0 
7.4 -8 0.668836 0 0.0463529 0 
7.6 -8 0.673644 0 0.0484657 0 
7.8 -8 0.678216 0 0.0505816 0 
8 -8 0.682368 0 0.0527382 0 
8.2 -8 0.686738 0 0.0548294 0 
8.4 -8 0.691118 0 0.056881 0 
8.6 -8 0.695128 0 0.058963 0 
8.8 -8 0.699126 0 0.0610109 0 
9 -8 0.703184 0 0.0630033 0 
9.2 -8 0.707064 0 0.0649916 0 
9.4 -8 0.710916 0 0.0669421 0 
9.6 -8 0.714182 0 0.0689843 0 
9.8 -8 0.717886 0 0.0708822 0 
10 -8 0.721218 0 0.0728274 0 
10.2 -8 0.7248 0 0.0746631 0 
10.4 -8 0.728182 0 0.0765042 0 
10.6 -8 0.73141 0 0.0783418 0 
10.8 -8 0.734524 0 0.0801683 0 
11 -8 0.73764 0 0.081949 0 
11.2 -8 0.740796 0 0.0836687 0 
11.4 -8 0.744084 0 0.0852973 0 
11.6 -8 0.746784 0 0.0870702 0 
11.8 -8 0.749718 0 0.0887205 0 
12 -8 0.752644 0 0.0903249 0 
12.4 -8 0.75818 0 0.093507 0 
12.8 -8 0.763396 0 0.096628 0 
13.2 -8 0.768512 0 0.0996081 0 
13.6 -8 0.773368 0 0.102519 0 
14 -8 0.778124 0 0.105299 0 
14.4 -8 0.782808 0 0.107933 0 
14.8 -8 0.786916 0 0.110685 0 
15.2 -8 0.791166 0 0.113201 0 
15.6 -8 0.79528 0 0.115625 0 
16 -8 0.799064 0 0.118077 0 
16.8 -8 0.806474 0 0.122621 0 
17.6 -8 0.813362 0 0.126902 0 
18.4 -8 0.819714 0 0.130988 0 
19.2 -8 0.825758 0 0.134769 0 
20 -8 0.831548 0 0.13823 0 
20.8 -8 0.836824 0 0.141626 0 
21.6 -8 0.841764 0 0.144862 0 
22.4 -8 0.846664 0 0.147691 0 
23.2 -8 0.850976 0 0.150669 0 
24 -8 0.855214 0 0.153334 0 
24.8 -8 0.859192 0 0.155899 0 
25.6 -8 0.86293 0 0.158372 0 
26.4 -8 0.866514 0 0.160685 0 
27.2 -8 0.869952 0 0.162845 0 
28 -8 0.87319 0 0.164944 0 
28.8 -8 0.876324 0 0.166878 0 
29.6 -8 0.879206 0 0.168869 0 
30.4 -8 0.882022 0 0.170684 0 
31.2 -8 0.884666 0 0.172489 0 
32 -8 0.887228 0 0.17417 0 
32.8 -8 0.88968 0 0.175779 0 
33.6 -8 0.892018 0 0.177344 0 
34.4 -8 0.894324 0 0.178737 0 
35.2 -8 0.896452 0 0.180217 0 
36 -8 0.898542 0 0.181564 0 
36.8 -8 0.900552 0 0.182855 0 
37.6 -8 0.902442 0 0.184175 0 
38.4 -8 0.90432 0 0.185342 0 
39.2 -8 0.90608 0 0.186556 0 
40 -8 0.90781 0 0.187662 0 
0.5 -7 0.443448 0 0.00615791 0 
0.6 -7 0.453326 0 0.0060554 0 
0.7 -7 0.463868 0 0.00605043 0 
0.8 -7 0.47373 0 0.00599656 0 
0.9 -7 0.482876 0 0.00594989 0 
1 -7 0.492354 0 0.00596659 0 
1.2 -7 0.509674 0 0.0059749 0 
1.4 -7 0.525968 0 0.00605563 0 
1.6 -7 0.539102 0 0.00618647 0 
1.8 -7 0.550936 0 0.00640962 0 
2 -7 0.562302 0 0.00671252 0 
2.2 -7 0.571722 0 0.00711307 0 
2.4 -7 0.580364 0 0.00762373 0 
2.6 -7 0.588254 0 0.00830347 0 
2.8 -7 0.59609 0 0.00913644 0 
3 -7 0.602272 0 0.0101206 0 
3.2 -7 0.608442 0 0.0112767 0 
3.4 -7 0.614828 0 0.0125769 0 
3.6 -7 0.621144 0 0.0140215 0 
3.8 -7 0.626228 0 0.0156091 0 
4 -7 0.631882 0 0.0173186 0 
4.2 -7 0.637898 0 0.0191138 0 
4.4 -7 0.642432 0 0.0210674 0 
4.6 -7 0.647512 0 0.0230794 0 
4.8 -7 0.652572 0 0.0251719 0 
5 -7 0.657496 0 0.027323 0 
5.2 -7 0.662414 0 0.0295287 0 
5.4 -7 0.667282 0 0.0317703 0 
5.6 -7 0.671984 0 0.0340448 0 
5.8 -7 0.676438 0 0.0363682 0 
6 -7 0.680852 0 0.0387048 0 
6.2 -7 0.685284 0 0.0410508 0 
6.4 -7 0.689684 0 0.0433871 0 
6.6 -7 0.69367 0 0.0457675 0 
6.8 -7 0.697908 0 0.0481061 0 
7 -7 0.70234 0 0.050386 0 
7.2 -7 0.706528 0 0.0526798 0 
7.4 -7 0.71054 0 0.0549674 0 
7.6 -7 0.714292 0 0.0572687 0 
7.8 -7 0.718314 0 0.0594835 0 
8 -7 0.721844 0 0.061759 0 
8.2 -7 0.725474 0 0.0639735 0 
8.4 -7 0.728926 0 0.0661869 0 
8.6 -7 0.732566 0 0.0683118 0 
8.8 -7 0.736248 0 0.0703734 0 
9 -7 0.739684 0 0.0724479 0 
9.2 -7 0.742918 0 0.074527 0 
9.4 -7 0.746268 0 0.076525 0 
9.6 -7 0.749476 0 0.0785126 0 
9.8 -7 0.752728 0 0.0804306 0 
10 -7 0.755608 0 0.0824181 0 
10.2 -7 0.758552 0 0.0843333 0 
10.4 -7 0.761368 0 0.0862422 0 
10.6 -7 0.764296 0 0.0880597 0 
10.8 -7 0.767286 0 0.089799 0 
11 -7 0.769956 0 0.0916047 0 
11.2 -7 0.772556 0 0.093389 0 
11.4 -7 0.77518 0 0.095113 0 
11.6 -7 0.777972 0 0.0967107 0 
11.8 -7 0.780462 0 0.0983853 0 
12 -7 0.782956 0 0.100008 0 
12.4 -7 0.78779 0 0.103169 0 
12.8 -7 0.792492 0 0.10619 0 
13.2 -7 0.797002 0 0.109109 0 
13.6 -7 0.801214 0 0.111994 0 
14 -7 0.80541 0 0.114701 0 
14.4 -7 0.809274 0 0.117415 0 
14.8 -7 0.813146 0 0.119946 0 
15.2 -7 0.81688 0 0.122386 0 
15.6 -7 0.82048 0 0.12474 0 
16 -7 0.82389 0 0.127058 0 
16.8 -7 0.830406 0 0.131431 0 
17.6 -7 0.836334 0 0.135646 0 
18.4 -7 0.841958 0 0.139533 0 
19.2 -7 0.84731 0 0.143105 0 
20 -7 0.852312 0 0.146476 0 
20.8 -7 0.856938 0 0.14972 0 
21.6 -7 0.861374 0 0.152692 0 
22.4 -7 0.865592 0 0.15545 0 
23.2 -7 0.869434 0 0.158217 0 
24 -7 0.873116 0 0.160777 0 
24.8 -7 0.876636 0 0.163158 0 
25.6 -7 0.879922 0 0.165485 0 
26.4 -7 0.88307 0 0.167655 0 
27.2 -7 0.886092 0 0.16967 0 
28 -7 0.888932 0 0.171639 0 
28.8 -7 0.891648 0 0.1735 0 
29.6 -7 0.89422 0 0.175298 0 
30.4 -7 0.896672 0 0.177025 0 
31.2 -7 0.898994 0 0.17871 0 
32 -7 0.901254 0 0.180255 0 
32.8 -7 0.903388 0 0.181787 0 
33.6 -7 0.905442 0 0.18324 0 
34.4 -7 0.907452 0 0.184553 0 
35.2 -7 0.909348 0 0.185876 0 
36 -7 0.911156 0 0.187175 0 
36.8 -7 0.912918 0 0.18837 0 
37.6 -7 0.91459 0 0.189572 0 
38.4 -7 0.916226 0 0.190667 0 
39.2 -7 0.917776 0 0.191785 0 
40 -7 0.919278 0 0.19284 0 
0.5 -6 0.584084 0 0.0100437 0 
0.6 -6 0.590464 0 0.00973432 0 
0.7 -6 0.598192 0 0.00958761 0 
0.8 -6 0.603946 0 0.00942921 0 
0.9 -6 0.612976 0 0.00925892 0 
1 -6 0.61992 0 0.00914923 0 
1.2 -6 0.63014 0 0.00905162 0 
1.4 -6 0.640002 0 0.0089771 0 
1.6 -6 0.64667 0 0.00903963 0 
1.8 -6 0.652666 0 0.00920614 0 
2 -6 0.65752 0 0.00954436 0 
2.2 -6 0.66172 0 0.0100416 0 
2.4 -6 0.665394 0 0.010719 0 
2.6 -6 0.669068 0 0.0116103 0 
2.8 -6 0.672586 0 0.0127064 0 
3 -6 0.67515 0 0.014011 0 
3.2 -6 0.678918 0 0.0154819 0 
3.4 -6 0.682424 0 0.017139 0 
3.6 -6 0.685712 0 0.0189832 0 
3.8 -6 0.689822 0 0.0208935 0 
4 -6 0.692416 0 0.0230196 0 
4.2 -6 0.695696 0 0.0252256 0 
4.4 -6 0.69945 0 0.0274917 0 
4.6 -6 0.702546 0 0.0298838 0 
4.8 -6 0.70643 0 0.0322858 0 
5 -6 0.70977 0 0.0347886 0 
5.2 -6 0.713524 0 0.0372741 0 
5.4 -6 0.716644 0 0.0398721 0 
5.6 -6 0.720976 0 0.042333 0 
5.8 -6 0.724444 0 0.0449024 0 
6 -6 0.72783 0 0.0474897 0 
6.2 -6 0.73164 0 0.0499933 0 
6.4 -6 0.734886 0 0.0525759 0 
6.6 -6 0.73835 0 0.0551049 0 
6.8 -6 0.74159 0 0.0576468 0 
7 -6 0.745098 0 0.0600982 0 
7.2 -6 0.748318 0 0.0625785 0 
7.4 -6 0.751806 0 0.064951 0 
7.6 -6 0.755092 0 0.0673244 0 
7.8 -6 0.758342 0 0.0696632 0 
8 -6 0.76163 0 0.0719327 0 
8.2 -6 0.76459 0 0.0742507 0 
8.4 -6 0.767714 0 0.0764652 0 
8.6 -6 0.770682 0 0.0786729 0 
8.8 -6 0.77355 0 0.0808586 0 
9 -6 0.776496 0 0.0829595 0 
9.2 -6 0.779514 0 0.0849731 0 
9.4 -6 0.782198 0 0.0870527 0 
9.6 -6 0.784894 0 0.0890712 0 
9.8 -6 0.78753 0 0.0910542 0 
10 -6 0.790272 0 0.0929324 0 
10.2 -6 0.792882 0 0.0948067 0 
10.4 -6 0.795144 0 0.0967816 0 
10.6 -6 0.797552 0 0.0986336 0 
10.8 -6 0.799958 0 0.100429 0 
11 -6 0.802334 0 0.102181 0 
11.2 -6 0.8048 0 0.103827 0 
11.4 -6 0.806994 0 0.105557 0 
11.6 -6 0.809246 0 0.1072 0 
11.8 -6 0.811354 0 0.108866 0 
12 -6 0.81356 0 0.110422 0 
12.4 -6 0.817762 0 0.113484 0 
12.8 -6 0.821702 0 0.116493 0 
13.2 -6 0.825526 0 0.119366 0 
13.6 -6 0.829278 0 0.12208 0 
14 -6 0.832812 0 0.124747 0 
14.4 -6 0.836296 0 0.127254 0 
14.8 -6 0.839586 0 0.129716 0 
15.2 -6 0.842726 0 0.132115 0 
15.6 -6 0.845818 0 0.134374 0 
16 -6 0.848734 0 0.13661 0 
16.8 -6 0.854348 0 0.140776 0 
17.6 -6 0.85948 0 0.144765 0 
18.4 -6 0.864338 0 0.148438 0 
19.2 -6 0.868814 0 0.151957 0 
20 -6 0.873216 0 0.155019 0 
20.8 -6 0.877234 0 0.158028 0 
21.6 -6 0.880954 0 0.160942 0 
22.4 -6 0.884632 0 0.163448 0 
23.2 -6 0.888006 0 0.165943 0 
24 -6 0.891104 0 0.168438 0 
24.8 -6 0.894164 0 0.170604 0 
25.6 -6 0.896982 0 0.172784 0 
26.4 -6 0.899672 0 0.174826 0 
27.2 -6 0.90227 0 0.176694 0 
28 -6 0.904718 0 0.178509 0 
28.8 -6 0.907038 0 0.180258 0 
29.6 -6 0.90925 0 0.181922 0 
30.4 -6 0.911378 0 0.183474 0 
31.2 -6 0.913342 0 0.185103 0 
32 -6 0.915294 0 0.186508 0 
32.8 -6 0.91712 0 0.187943 0 
33.6 -6 0.918884 0 0.189284 0 
34.4 -6 0.920618 0 0.190469 0 
35.2 -6 0.92225 0 0.191678 0 
36 -6 0.923804 0 0.19287 0 
36.8 -6 0.925314 0 0.19398 0 
37.6 -6 0.92675 0 0.195083 0 
38.4 -6 0.928156 0 0.196087 0 
39.2 -6 0.929482 0 0.197126 0 
40 -6 0.930774 0 0.198088 0 
0.5 -5 0.713775 0.0004694 0.0151319 5.201e-05 
0.6 -5 0.718894 0.0003825 0.0145881 5.529e-05 
0.7 -5 0.72648 0.0003406 0.0140973 5.791e-05 
0.8 -5 0.732575 0.0001818 0.0137575 4.87e-05 
0.9 -5 0.735574 0.000118 0.013482 4.28e-05 
1 -5 0.738296 0.0004964 0.0131686 3.317e-05 
1.2 -5 0.742952 0.0002766 0.0127623 2.522e-05 
1.4 -5 0.744757 0.0002165 0.012571 1.6e-05 
1.6 -5 0.745133 0.0004042 0.0125149 2.89e-05 
1.8 -5 0.744989 0.000105 0.0127159 1.707e-05 
2 -5 0.744498 4.348e-05 0.0131236 1.169e-05 
2.2 -5 0.744448 4.903e-05 0.0137337 2.68e-05 
2.4 -5 0.744104 0.0001398 0.0146901 1.559e-05 
2.6 -5 0.744152 5.91e-05 0.0158698 1.365e-05 
2.8 -5 0.744253 0.0003301 0.0172559 5.147e-05 
3 -5 0.74435 0.0003115 0.0189887 4.198e-05 
3.2 -5 0.74464 8.512e-05 0.0209316 4.536e-05 
3.4 -5 0.745777 8.102e-05 0.0230424 1.864e-05 
3.6 -5 0.746976 0.0002481 0.0252824 2.826e-05 
3.8 -5 0.748564 0.0001149 0.0276832 2.108e-05 
4 -5 0.750344 9.817e-05 0.0302199 1.033e-05 
4.2 -5 0.751744 0 0.0328935 0 
4.4 -5 0.754252 0 0.0355281 0 
4.6 -5 0.756196 0 0.0382953 0 
4.8 -5 0.758312 0 0.0411134 0 
5 -5 0.76132 0 0.0438208 0 
5.2 -5 0.763624 0 0.0466762 0 
5.4 -5 0.766072 0 0.0495168 0 
5.6 -5 0.768886 0 0.0523003 0 
5.8 -5 0.771592 0 0.0550916 0 
6 -5 0.774438 0 0.057832 0 
6.2 -5 0.777144 0 0.0605759 0 
6.4 -5 0.779948 0 0.0632693 0 
6.6 -5 0.782846 0 0.0658965 0 
6.8 -5 0.785416 0 0.0685755 0 
7 -5 0.78806 0 0.0711915 0 
7.2 -5 0.790564 0 0.073805 0 
7.4 -5 0.793298 0 0.0762868 0 
7.6 -5 0.796082 0 0.0786952 0 
7.8 -5 0.798578 0 0.0811467 0 
8 -5 0.801264 0 0.0834674 0 
8.2 -5 0.803926 0 0.0857323 0 
8.4 -5 0.80644 0 0.0879912 0 
8.6 -5 0.80867 0 0.09032 0 
8.8 -5 0.81119 0 0.0924507 0 
9 -5 0.81361 0 0.094563 0 
9.2 -5 0.815766 0 0.0967395 0 
9.4 -5 0.818276 0 0.0986704 0 
9.6 -5 0.820456 0 0.100708 0 
9.8 -5 0.822794 0 0.102591 0 
10 -5 0.824912 0 0.104533 0 
10.2 -5 0.826984 0 0.10644 0 
10.4 -5 0.829126 0 0.108237 0 
10.6 -5 0.831106 0 0.110074 0 
10.8 -5 0.833044 0 0.111875 0 
11 -5 0.835018 0 0.11359 0 
11.2 -5 0.836952 0 0.11527 0 
11.4 -5 0.838866 0 0.1169 0 
11.6 -5 0.840692 0 0.118534 0 
11.8 -5 0.842532 0 0.120096 0 
12 -5 0.844308 0 0.121647 0 
12.4 -5 0.847804 0 0.124613 0 
12.8 -5 0.851144 0 0.127474 0 
13.2 -5 0.854288 0 0.130279 0 
13.6 -5 0.857494 0 0.13281 0 
14 -5 0.860438 0 0.135367 0 
14.4 -5 0.863292 0 0.137805 0 
14.8 -5 0.866012 0 0.14018 0 
15.2 -5 0.868796 0 0.142292 0 
15.6 -5 0.871238 0 0.144583 0 
16 -5 0.873736 0 0.146633 0 
16.8 -5 0.87842 0 0.150568 0 
17.6 -5 0.882718 0 0.154321 0 
18.4 -5 0.886838 0 0.157681 0 
19.2 -5 0.890606 0 0.16094 0 
20 -5 0.894222 0 0.163868 0 
20.8 -5 0.897568 0 0.166687 0 
21.6 -5 0.900696 0 0.169367 0 
22.4 -5 0.903742 0 0.171718 0 
23.2 -5 0.906588 0 0.173972 0 
24 -5 0.909174 0 0.176296 0 
24.8 -5 0.911714 0 0.178312 0 
25.6 -5 0.914064 0 0.180332 0 
26.4 -5 0.916326 0 0.182185 0 
27.2 -5 0.918482 0 0.183921 0 
28 -5 0.920516 0 0.185609 0 
28.8 -5 0.922472 0 0.187168 0 
29.6 -5 0.924324 0 0.188681 0 
30.4 -5 0.926092 0 0.190121 0 
31.2 -5 0.927742 0 0.191598 0 
32 -5 0.929372 0 0.192868 0 
32.8 -5 0.930894 0 0.19419 0 
33.6 -5 0.93236 0 0.195436 0 
34.4 -5 0.933804 0 0.196515 0 
35.2 -5 0.935176 0 0.19758 0 
36 -5 0.936472 0 0.198673 0 
36.8 -5 0.937734 0 0.199671 0 
37.6 -5 0.93893 0 0.200687 0 
38.4 -5 0.940102 0 0.201597 0 
39.2 -5 0.941214 0 0.202528 0 
40 -5 0.942276 0 0.203455 0 
0.5 -4 0.832808 0.001351 0.0200086 7.438e-05 
0.6 -4 0.834711 0.0006663 0.0194057 9.831e-05 
0.7 -4 0.836885 0.0001856 0.0187401 4.572e-05 
0.8 -4 0.838977 0.0004558 0.0181153 2.977e-05 
0.9 -4 0.83812 0.0003377 0.0175775 3.622e-05 
1 -4 0.839278 0.0003305 0.0171674 4.174e-05 
1.2 -4 0.836075 0.0001612 0.0166169 5.51e-05 
1.4 -4 0.83239 0.0002634 0.0162917 5.534e-05 
1.6 -4 0.827753 0.0002355 0.0162734 3.887e-05 
1.8 -4 0.823198 0.0002736 0.0165805 2.827e-05 
2 -4 0.819145 0.0001584 0.0172015 1.476e-05 
2.2 -4 0.815551 0.0001431 0.0182524 1.984e-05 
2.4 -4 0.811821 0.0001537 0.0196857 1.229e-05 
2.6 -4 0.809684 0.0002763 0.0212708 7.45e-05 
2.8 -4 0.807809 0.000179 0.0232511 5.906e-05 
3 -4 0.805989 0.0001123 0.0255371 3.006e-05 
3.2 -4 0.805107 5.474e-05 0.0279955 1.657e-05 
3.4 -4 0.804807 0.0001272 0.0306071 2.651e-05 
3.6 -4 0.804136 9.082e-05 0.0334475 1.58e-05 
3.8 -4 0.804645 0.0001651 0.0363161 3.424e-05 
4 -4 0.805053 0.0003149 0.0393276 7.447e-05 
4.2 -4 0.805368 0 0.04246 0 
4.4 -4 0.80681 0 0.0454961 0 
4.6 -4 0.807678 0 0.0486926 0 
4.8 -4 0.809154 0 0.0518081 0 
5 -4 0.811266 0 0.0547881 0 
5.2 -4 0.812898 0 0.057893 0 
5.4 -4 0.814414 0 0.0610491 0 
5.6 -4 0.816534 0 0.0639984 0 
5.8 -4 0.818464 0 0.0669951 0 
6 -4 0.820478 0 0.0699365 0 
6.2 -4 0.822414 0 0.072866 0 
6.4 -4 0.824484 0 0.0757049 0 
6.6 -4 0.826704 0 0.0784221 0 
6.8 -4 0.82855 0 0.0812604 0 
7 -4 0.830594 0 0.0839518 0 
7.2 -4 0.832834 0 0.0864927 0 
7.4 -4 0.834708 0 0.0891491 0 
7.6 -4 0.836918 0 0.0915662 0 
7.8 -4 0.839054 0 0.0939449 0 
8 -4 0.840944 0 0.0964006 0 
8.2 -4 0.84308 0 0.0986374 0 
8.4 -4 0.845072 0 0.100886 0 
8.6 -4 0.8471 0 0.10304 0 
8.8 -4 0.848832 0 0.10532 0 
9 -4 0.850738 0 0.107411 0 
9.2 -4 0.852594 0 0.109466 0 
9.4 -4 0.854428 0 0.111463 0 
9.6 -4 0.856186 0 0.113446 0 
9.8 -4 0.857976 0 0.115333 0 
10 -4 0.859844 0 0.117081 0 
10.2 -4 0.861348 0 0.119061 0 
10.4 -4 0.863118 0 0.12075 0 
10.6 -4 0.864722 0 0.122509 0 
10.8 -4 0.866364 0 0.12417 0 
11 -4 0.867846 0 0.125907 0 
11.2 -4 0.86937 0 0.127542 0 
11.4 -4 0.87091 0 0.129095 0 
11.6 -4 0.872454 0 0.130577 0 
11.8 -4 0.873784 0 0.132214 0 
12 -4 0.875266 0 0.133633 0 
12.4 -4 0.878094 0 0.136419 0 
12.8 -4 0.88075 0 0.139156 0 
13.2 -4 0.883292 0 0.141789 0 
13.6 -4 0.885798 0 0.144239 0 
14 -4 0.888204 0 0.146591 0 
14.4 -4 0.890498 0 0.148874 0 
14.8 -4 0.892716 0 0.151051 0 
15.2 -4 0.89488 0 0.1531 0 
15.6 -4 0.896864 0 0.155217 0 
16 -4 0.898814 0 0.157203 0 
16.8 -4 0.902602 0 0.16081 0 
17.6 -4 0.906084 0 0.164237 0 
18.4 -4 0.909348 0 0.167403 0 
19.2 -4 0.912374 0 0.170407 0 
20 -4 0.91526 0 0.173119 0 
20.8 -4 0.917984 0 0.17562 0 
21.6 -4 0.920504 0 0.178051 0 
22.4 -4 0.922924 0 0.180229 0 
23.2 -4 0.925208 0 0.18227 0 
24 -4 0.927266 0 0.184437 0 
24.8 -4 0.929312 0 0.186238 0 
25.6 -4 0.931202 0 0.188062 0 
26.4 -4 0.933006 0 0.189759 0 
27.2 -4 0.93473 0 0.191341 0 
28 -4 0.936364 0 0.192856 0 
28.8 -4 0.937942 0 0.19423 0 
29.6 -4 0.939422 0 0.195609 0 
30.4 -4 0.940838 0 0.196902 0 
31.2 -4 0.942166 0 0.198225 0 
32 -4 0.943462 0 0.199397 0 
32.8 -4 0.944692 0 0.200553 0 
33.6 -4 0.945866 0 0.201679 0 
34.4 -4 0.947018 0 0.202649 0 
35.2 -4 0.948112 0 0.203626 0 
36 -4 0.949154 0 0.204595 0 
36.8 -4 0.950164 0 0.205489 0 
37.6 -4 0.951122 0 0.206403 0 
38.4 -4 0.95206 0 0.207214 0 
39.2 -4 0.952946 0 0.208063 0 
40 -4 0.953812 0 0.208831 0 
0.5 -3 0.924473 0.0007225 0.0247333 0.0001567 
0.6 -3 0.923015 0.001252 0.0235232 0.0002895 
0.7 -3 0.920886 0.0008424 0.0224262 4.852e-05 
0.8 -3 0.918558 0.0005448 0.0219685 9.294e-05 
0.9 -3 0.917011 0.0005387 0.0212651 3.709e-05 
1 -3 0.913456 0.0001507 0.0207748 0.0001076 
1.2 -3 0.90606 0.0002066 0.0202505 7.149e-05 
1.4 -3 0.899031 0.0002283 0.0199879 4.013e-05 
1.6 -3 0.892137 0.0002039 0.0203151 4.165e-05 
1.8 -3 0.885636 0.0003452 0.0209951 3.172e-05 
2 -3 0.880214 0.0001243 0.0222192 3.517e-05 
2.2 -3 0.875777 0.0001449 0.0235711 8.544e-05 
2.4 -3 0.870998 0.0003012 0.0257206 9.424e-05 
2.6 -3 0.867107 0.000187 0.028216 8.881e-05 
2.8 -3 0.863993 0.0001495 0.0310201 7.471e-05 
3 -3 0.861567 0.0001116 0.0339618 3.843e-05 
3.2 -3 0.859951 0.0002275 0.0370564 5.232e-05 
3.4 -3 0.858423 0.0004169 0.0404057 0.0001232 
3.6 -3 0.857528 0.000287 0.043788 7.126e-05 
3.8 -3 0.857037 0.0002787 0.0472332 5.884e-05 
4 -3 0.857206 0.0002678 0.050604 5.431e-05 
4.2 -3 0.856884 0 0.0542289 0 
4.4 -3 0.857218 0 0.057756 0 
4.6 -3 0.857904 0 0.061195 0 
4.8 -3 0.858782 0 0.0645892 0 
5 -3 0.859516 0 0.0680758 0 
5.2 -3 0.860726 0 0.0713444 0 
5.4 -3 0.861958 0 0.0745865 0 
5.6 -3 0.86303 0 0.0778961 0 
5.8 -3 0.864494 0 0.0809644 0 
6 -3 0.86583 0 0.0840626 0 
6.2 -3 0.867518 0 0.0868983 0 
6.4 -3 0.868828 0 0.0899069 0 
6.6 -3 0.870426 0 0.0926751 0 
6.8 -3 0.871828 0 0.095514 0 
7 -3 0.873312 0 0.0982266 0 
7.2 -3 0.874762 0 0.100903 0 
7.4 -3 0.876368 0 0.10338 0 
7.6 -3 0.877774 0 0.10595 0 
7.8 -3 0.87936 0 0.108292 0 
8 -3 0.880816 0 0.110665 0 
8.2 -3 0.882186 0 0.113049 0 
8.4 -3 0.883756 0 0.115161 0 
8.6 -3 0.885214 0 0.117301 0 
8.8 -3 0.886668 0 0.119365 0 
9 -3 0.888034 0 0.121445 0 
9.2 -3 0.889472 0 0.123363 0 
9.4 -3 0.890796 0 0.125337 0 
9.6 -3 0.892074 0 0.127281 0 
9.8 -3 0.893366 0 0.12914 0 
10 -3 0.894746 0 0.130817 0 
10.2 -3 0.895972 0 0.1326 0 
10.4 -3 0.89721 0 0.134304 0 
10.6 -3 0.898446 0 0.135935 0 
10.8 -3 0.899632 0 0.137557 0 
11 -3 0.900796 0 0.139141 0 
11.2 -3 0.901994 0 0.140606 0 
11.4 -3 0.903074 0 0.14217 0 
11.6 -3 0.9042 0 0.143602 0 
11.8 -3 0.905314 0 0.144981 0 
12 -3 0.906294 0 0.146503 0 
12.4 -3 0.908438 0 0.14907 0 
12.8 -3 0.910454 0 0.151582 0 
13.2 -3 0.912392 0 0.153984 0 
13.6 -3 0.914256 0 0.156276 0 
14 -3 0.916062 0 0.158446 0 
14.4 -3 0.91777 0 0.16058 0 
14.8 -3 0.91946 0 0.162533 0 
15.2 -3 0.921092 0 0.164396 0 
15.6 -3 0.922594 0 0.166326 0 
16 -3 0.924054 0 0.168159 0 
16.8 -3 0.92689 0 0.17146 0 
17.6 -3 0.929498 0 0.174598 0 
18.4 -3 0.931968 0 0.177422 0 
19.2 -3 0.934232 0 0.180172 0 
20 -3 0.9364 0 0.182612 0 
20.8 -3 0.938422 0 0.18493 0 
21.6 -3 0.940332 0 0.187064 0 
22.4 -3 0.942148 0 0.189012 0 
23.2 -3 0.943862 0 0.190829 0 
24 -3 0.945434 0 0.192705 0 
24.8 -3 0.946942 0 0.194401 0 
25.6 -3 0.948372 0 0.195994 0 
26.4 -3 0.949724 0 0.197517 0 
27.2 -3 0.951018 0 0.198927 0 
28 -3 0.952254 0 0.200236 0 
28.8 -3 0.953426 0 0.201491 0 
29.6 -3 0.954538 0 0.202709 0 
30.4 -3 0.955614 0 0.203803 0 
31.2 -3 0.956606 0 0.205002 0 
32 -3 0.95758 0 0.206037 0 
32.8 -3 0.958506 0 0.207047 0 
33.6 -3 0.959388 0 0.208038 0 
34.4 -3 0.96025 0 0.208903 0 
35.2 -3 0.96107 0 0.209761 0 
36 -3 0.961852 0 0.210613 0 
36.8 -3 0.962608 0 0.211408 0 
37.6 -3 0.96333 0 0.212195 0 
38.4 -3 0.964028 0 0.212938 0 
39.2 -3 0.964706 0 0.213618 0 
40 -3 0.96535 0 0.214329 0 
0.5 -2 0.980054 0.0005265 0.0275997 0.0002101 
0.6 -2 0.975717 0.0006283 0.0264936 0.0001319 
0.7 -2 0.972455 0.0003378 0.0257466 0.000316 
0.8 -2 0.968443 5.848e-05 0.0248482 0.0002729 
0.9 -2 0.96413 0.0001487 0.0240209 0.0003248 
1 -2 0.960623 0.0001348 0.0237008 0.000157 
1.2 -2 0.953044 9.79e-05 0.0234103 0.0001294 
1.4 -2 0.946693 3.297e-05 0.0235022 0.0001126 
1.6 -2 0.939978 0.0001129 0.0245398 4.514e-05 
1.8 -2 0.933592 0.0004026 0.0263903 0.0003719 
2 -2 0.928403 0.0001941 0.0285253 0.0002468 
2.2 -2 0.923549 0.0002796 0.0312769 0.0002163 
2.4 -2 0.919569 0.0002919 0.0344062 0.0001672 
2.6 -2 0.916186 0.0002918 0.0377756 0.0001552 
2.8 -2 0.913707 0.0002191 0.0412695 8.738e-05 
3 -2 0.911353 0.0002165 0.0450523 8.409e-05 
3.2 -2 0.909517 0.0002473 0.0489815 9.309e-05 
3.4 -2 0.908415 0.0001393 0.0528025 3.983e-05 
3.6 -2 0.9073 0.0001828 0.0568341 3.981e-05 
3.8 -2 0.906706 0.0001122 0.0607863 2.677e-05 
4 -2 0.906311 9.064e-05 0.0647382 1.157e-05 
4.2 -2 0.905886 0 0.0687748 0 
4.4 -2 0.905982 0 0.0725975 0 
4.6 -2 0.906128 0 0.0764488 0 
4.8 -2 0.906642 0 0.080044 0 
5 -2 0.907098 0 0.0836822 0 
5.2 -2 0.907688 0 0.0872137 0 
5.4 -2 0.908378 0 0.0906247 0 
5.6 -2 0.909246 0 0.093841 0 
5.8 -2 0.910026 0 0.0971032 0 
6 -2 0.910926 0 0.100188 0 
6.2 -2 0.911844 0 0.103196 0 
6.4 -2 0.91288 0 0.106003 0 
6.6 -2 0.913778 0 0.108907 0 
6.8 -2 0.914626 0 0.111803 0 
7 -2 0.915618 0 0.11445 0 
7.2 -2 0.91662 0 0.117007 0 
7.4 -2 0.91761 0 0.119499 0 
7.6 -2 0.91859 0 0.121927 0 
7.8 -2 0.919568 0 0.124276 0 
8 -2 0.920592 0 0.126471 0 
8.2 -2 0.921558 0 0.128672 0 
8.4 -2 0.922466 0 0.130885 0 
8.6 -2 0.923428 0 0.132927 0 
8.8 -2 0.924398 0 0.134874 0 
9 -2 0.925356 0 0.136751 0 
9.2 -2 0.926216 0 0.138731 0 
9.4 -2 0.927146 0 0.140497 0 
9.6 -2 0.928044 0 0.142244 0 
9.8 -2 0.928906 0 0.143977 0 
10 -2 0.92977 0 0.14563 0 
10.2 -2 0.930624 0 0.147226 0 
10.4 -2 0.931416 0 0.148875 0 
10.6 -2 0.932238 0 0.150389 0 
10.8 -2 0.933062 0 0.151818 0 
11 -2 0.933842 0 0.153271 0 
11.2 -2 0.934602 0 0.154703 0 
11.4 -2 0.935338 0 0.156116 0 
11.6 -2 0.93611 0 0.157378 0 
11.8 -2 0.936822 0 0.158712 0 
12 -2 0.93749 0 0.16009 0 
12.4 -2 0.938934 0 0.162377 0 
12.8 -2 0.940268 0 0.164692 0 
13.2 -2 0.94154 0 0.166928 0 
13.6 -2 0.942776 0 0.169023 0 
14 -2 0.94401 0 0.17089 0 
14.4 -2 0.945112 0 0.172933 0 
14.8 -2 0.946264 0 0.174604 0 
15.2 -2 0.947364 0 0.176224 0 
15.6 -2 0.948338 0 0.178062 0 
16 -2 0.949318 0 0.179691 0 
16.8 -2 0.951218 0 0.182604 0 
17.6 -2 0.952974 0 0.18534 0 
18.4 -2 0.9546 0 0.187931 0 
19.2 -2 0.956134 0 0.190279 0 
20 -2 0.95758 0 0.192425 0 
20.8 -2 0.95894 0 0.194416 0 
21.6 -2 0.960204 0 0.196336 0 
22.4 -2 0.961412 0 0.198039 0 
23.2 -2 0.962558 0 0.199612 0 
24 -2 0.963602 0 0.201282 0 
24.8 -2 0.964614 0 0.202724 0 
25.6 -2 0.96557 0 0.204104 0 
26.4 -2 0.966474 0 0.205427 0 
27.2 -2 0.96733 0 0.206681 0 
28 -2 0.968162 0 0.207765 0 
28.8 -2 0.968946 0 0.208839 0 
29.6 -2 0.969682 0 0.209925 0 
30.4 -2 0.970402 0 0.21085 0 
31.2 -2 0.97106 0 0.211922 0 
32 -2 0.97171 0 0.212811 0 
32.8 -2 0.972328 0 0.213678 0 
33.6 -2 0.97292 0 0.214508 0 
34.4 -2 0.973492 0 0.215269 0 
35.2 -2 0.974036 0 0.216028 0 
36 -2 0.974566 0 0.216704 0 
36.8 -2 0.975066 0 0.217405 0 
37.6 -2 0.97555 0 0.21808 0 
38.4 -2 0.976014 0 0.218725 0 
39.2 -2 0.976464 0 0.219324 0 
40 -2 0.976896 0 0.219893 0 
0.5 -1.5 0.991711 0.0005013 0.0286048 0.0002683 
0.6 -1.5 0.987813 0.0002381 0.0271456 7.354e-05 
0.7 -1.5 0.984994 0.000227 0.0267944 0.0002471 
0.8 -1.5 0.981153 5.855e-05 0.0260977 1.982e-05 
0.9 -1.5 0.978036 0.0002755 0.0256211 0.0001269 
1 -1.5 0.975226 0.0002042 0.0252394 0.0001074 
1.2 -1.5 0.96835 0.0002686 0.0257064 0.0001457 
1.4 -1.5 0.963018 0.0001226 0.0261728 0.0001778 
1.6 -1.5 0.957781 0.0003358 0.0279384 0.00017 
1.8 -1.5 0.952367 0.0001224 0.0302173 6.649e-05 
2 -1.5 0.948147 6.133e-05 0.0330896 0.0001465 
2.2 -1.5 0.944477 0.0002985 0.0362064 0.0001174 
2.4 -1.5 0.94141 0.0001333 0.0397915 6.317e-05 
2.6 -1.5 0.938307 9.392e-05 0.0437303 4.285e-05 
2.8 -1.5 0.936479 0.0001696 0.047555 0.0001182 
3 -1.5 0.934275 9.907e-05 0.0519539 6.305e-05 
3.2 -1.5 0.933022 0.0001108 0.0560821 0.0001075 
3.4 -1.5 0.931674 9.511e-05 0.0604821 9.268e-05 
3.6 -1.5 0.930914 7.257e-05 0.0646927 6.72e-05 
3.8 -1.5 0.93048 2.924e-05 0.0687934 1.09e-05 
4 -1.5 0.930107 5.497e-05 0.0729361 4.988e-05 
4.2 -1.5 0.929806 0 0.0771699 0 
4.4 -1.5 0.929918 0 0.0810283 0 
4.6 -1.5 0.929858 0 0.0851361 0 
4.8 -1.5 0.930162 0 0.0888622 0 
5 -1.5 0.930618 0 0.0924 0 
5.2 -1.5 0.930782 0 0.0963077 0 
5.4 -1.5 0.931414 0 0.0995709 0 
5.6 -1.5 0.931978 0 0.10289 0 
5.8 -1.5 0.932542 0 0.106175 0 
6 -1.5 0.93321 0 0.109245 0 
6.2 -1.5 0.933914 0 0.112191 0 
6.4 -1.5 0.934728 0 0.11488 0 
6.6 -1.5 0.93537 0 0.117799 0 
6.8 -1.5 0.936014 0 0.12064 0 
7 -1.5 0.936654 0 0.123427 0 
7.2 -1.5 0.93749 0 0.125749 0 
7.4 -1.5 0.938188 0 0.128271 0 
7.6 -1.5 0.938948 0 0.130582 0 
7.8 -1.5 0.939658 0 0.132919 0 
8 -1.5 0.940448 0 0.134988 0 
8.2 -1.5 0.941144 0 0.13718 0 
8.4 -1.5 0.94186 0 0.139247 0 
8.6 -1.5 0.942584 0 0.141208 0 
8.8 -1.5 0.94332 0 0.143048 0 
9 -1.5 0.944024 0 0.144889 0 
9.2 -1.5 0.944656 0 0.14683 0 
9.4 -1.5 0.94539 0 0.148416 0 
9.6 -1.5 0.946046 0 0.150136 0 
9.8 -1.5 0.94664 0 0.151942 0 
10 -1.5 0.947284 0 0.153532 0 
10.2 -1.5 0.947972 0 0.154913 0 
10.4 -1.5 0.948564 0 0.156499 0 
10.6 -1.5 0.94917 0 0.157973 0 
10.8 -1.5 0.949788 0 0.159325 0 
11 -1.5 0.95039 0 0.160651 0 
11.2 -1.5 0.950944 0 0.162068 0 
11.4 -1.5 0.951508 0 0.163372 0 
11.6 -1.5 0.952054 0 0.164669 0 
11.8 -1.5 0.952586 0 0.165943 0 
12 -1.5 0.953094 0 0.16724 0 
12.4 -1.5 0.954194 0 0.169325 0 
12.8 -1.5 0.9552 0 0.171486 0 
13.2 -1.5 0.95616 0 0.173575 0 
13.6 -1.5 0.957078 0 0.175586 0 
14 -1.5 0.958 0 0.177343 0 
14.4 -1.5 0.95884 0 0.179214 0 
14.8 -1.5 0.959698 0 0.180793 0 
15.2 -1.5 0.960516 0 0.182339 0 
15.6 -1.5 0.961268 0 0.183976 0 
16 -1.5 0.961994 0 0.185545 0 
16.8 -1.5 0.963408 0 0.188315 0 
17.6 -1.5 0.964734 0 0.190811 0 
18.4 -1.5 0.96595 0 0.193246 0 
19.2 -1.5 0.967092 0 0.195485 0 
20 -1.5 0.968164 0 0.197556 0 
20.8 -1.5 0.969204 0 0.199264 0 
21.6 -1.5 0.970152 0 0.201042 0 
22.4 -1.5 0.971056 0 0.202643 0 
23.2 -1.5 0.97191 0 0.204117 0 
24 -1.5 0.972696 0 0.205653 0 
24.8 -1.5 0.973458 0 0.20696 0 
25.6 -1.5 0.97417 0 0.208272 0 
26.4 -1.5 0.974852 0 0.209463 0 
27.2 -1.5 0.9755 0 0.210576 0 
28 -1.5 0.97612 0 0.211588 0 
28.8 -1.5 0.976704 0 0.212615 0 
29.6 -1.5 0.977262 0 0.213571 0 
30.4 -1.5 0.977796 0 0.214453 0 
31.2 -1.5 0.978294 0 0.215416 0 
32 -1.5 0.978782 0 0.216221 0 
32.8 -1.5 0.979246 0 0.217027 0 
33.6 -1.5 0.97969 0 0.21778 0 
34.4 -1.5 0.980118 0 0.218486 0 
35.2 -1.5 0.980528 0 0.219162 0 
36 -1.5 0.98092 0 0.219813 0 
36.8 -1.5 0.981302 0 0.220406 0 
37.6 -1.5 0.981662 0 0.221041 0 
38.4 -1.5 0.982008 0 0.221652 0 
39.2 -1.5 0.982348 0 0.222165 0 
40 -1.5 0.982672 0 0.222694 0 
0.5 -1 0.997196 0.000232 0.0284337 0.0003707 
0.6 -1 0.994968 0.0002153 0.0279922 0.0003165 
0.7 -1 0.992425 0.0001306 0.0266428 0.0001945 
0.8 -1 0.99042 0.0001493 0.0263443 0.0002682 
0.9 -1 0.988081 0.0001504 0.0261073 0.0002424 
1 -1 0.985985 6.343e-05 0.026297 0.0001498 
1.2 -1 0.980945 0.0001225 0.0271524 0.0004501 
1.4 -1 0.976927 9.943e-05 0.0288814 0.0002656 
1.6 -1 0.973201 0.0001128 0.0311506 0.0003592 
1.8 -1 0.969576 0.0001926 0.0343161 0.0003272 
2 -1 0.966597 0.0001418 0.0379162 0.0002371 
2.2 -1 0.9639 0.0001201 0.0417914 0.0001493 
2.4 -1 0.961529 0.0001163 0.046089 0.0001006 
2.6 -1 0.959651 8.451e-05 0.0504807 5.978e-05 
2.8 -1 0.958158 4.34e-05 0.0549069 7.771e-05 
3 -1 0.956768 0.0001325 0.0596035 9.794e-05 
3.2 -1 0.955716 5.938e-05 0.0642142 2.997e-05 
3.4 -1 0.955015 5.967e-05 0.0686636 3.426e-05 
3.6 -1 0.954329 0.0001072 0.0733156 6.485e-05 
3.8 -1 0.953983 5.74e-05 0.0776241 6.327e-05 
4 -1 0.953617 5.245e-05 0.0820997 4.836e-05 
4.2 -1 0.953466 0 0.0862795 0 
4.4 -1 0.953384 0 0.0904631 0 
4.6 -1 0.953344 0 0.0946437 0 
4.8 -1 0.953548 0 0.0984041 0 
5 -1 0.95383 0 0.101968 0 
5.2 -1 0.954018 0 0.105739 0 
5.4 -1 0.954402 0 0.109053 0 
5.6 -1 0.9547 0 0.112513 0 
5.8 -1 0.955148 0 0.115579 0 
6 -1 0.955526 0 0.11876 0 
6.2 -1 0.956012 0 0.121605 0 
6.4 -1 0.956486 0 0.1244 0 
6.6 -1 0.957002 0 0.127006 0 
6.8 -1 0.95738 0 0.129932 0 
7 -1 0.957824 0 0.132599 0 
7.2 -1 0.95837 0 0.134869 0 
7.4 -1 0.958826 0 0.137341 0 
7.6 -1 0.959322 0 0.139599 0 
7.8 -1 0.95979 0 0.141868 0 
8 -1 0.960294 0 0.143924 0 
8.2 -1 0.960768 0 0.146004 0 
8.4 -1 0.96127 0 0.147888 0 
8.6 -1 0.961738 0 0.149812 0 
8.8 -1 0.962184 0 0.151738 0 
9 -1 0.96267 0 0.15342 0 
9.2 -1 0.963106 0 0.155224 0 
9.4 -1 0.963596 0 0.156718 0 
9.6 -1 0.964006 0 0.158468 0 
9.8 -1 0.964432 0 0.160066 0 
10 -1 0.964844 0 0.161652 0 
10.2 -1 0.965304 0 0.162937 0 
10.4 -1 0.965702 0 0.164431 0 
10.6 -1 0.966106 0 0.165825 0 
10.8 -1 0.966506 0 0.167156 0 
11 -1 0.966908 0 0.168395 0 
11.2 -1 0.967286 0 0.169692 0 
11.4 -1 0.967658 0 0.170941 0 
11.6 -1 0.96804 0 0.172072 0 
11.8 -1 0.9684 0 0.173248 0 
12 -1 0.968732 0 0.174504 0 
12.4 -1 0.969462 0 0.176457 0 
12.8 -1 0.970122 0 0.178547 0 
13.2 -1 0.97077 0 0.180451 0 
13.6 -1 0.971378 0 0.182348 0 
14 -1 0.971994 0 0.18397 0 
14.4 -1 0.972554 0 0.185729 0 
14.8 -1 0.973108 0 0.187304 0 
15.2 -1 0.973652 0 0.188732 0 
15.6 -1 0.974174 0 0.190118 0 
16 -1 0.974652 0 0.191629 0 
16.8 -1 0.975602 0 0.194127 0 
17.6 -1 0.976484 0 0.196454 0 
18.4 -1 0.977294 0 0.198721 0 
19.2 -1 0.978062 0 0.200725 0 
20 -1 0.978778 0 0.202614 0 
20.8 -1 0.979464 0 0.204246 0 
21.6 -1 0.980098 0 0.205875 0 
22.4 -1 0.980702 0 0.207312 0 
23.2 -1 0.981274 0 0.208631 0 
24 -1 0.981798 0 0.210047 0 
24.8 -1 0.982304 0 0.211251 0 
25.6 -1 0.982778 0 0.212469 0 
26.4 -1 0.983234 0 0.213538 0 
27.2 -1 0.983662 0 0.214602 0 
28 -1 0.984078 0 0.215495 0 
28.8 -1 0.98447 0 0.216379 0 
29.6 -1 0.984838 0 0.217312 0 
30.4 -1 0.985194 0 0.218096 0 
31.2 -1 0.985528 0 0.218968 0 
32 -1 0.985852 0 0.219709 0 
32.8 -1 0.986162 0 0.220413 0 
33.6 -1 0.98646 0 0.221076 0 
34.4 -1 0.986744 0 0.22173 0 
35.2 -1 0.987018 0 0.222345 0 
36 -1 0.98728 0 0.222932 0 
36.8 -1 0.987532 0 0.223507 0 
37.6 -1 0.987774 0 0.224053 0 
38.4 -1 0.988004 0 0.224626 0 
39.2 -1 0.988232 0 0.225068 0 
40 -1 0.988446 0 0.225574 0 
0.5 -0.5 0.999041 4.345e-05 0.0283907 0.000582 
0.6 -0.5 0.998093 9.977e-05 0.0278508 0.0002144 
0.7 -0.5 0.996816 0.0001665 0.0278632 0.0005152 
0.8 -0.5 0.99604 0.0001151 0.0274418 0.000337 
0.9 -0.5 0.994791 6.074e-05 0.0273804 0.0002068 
1 -0.5 0.993374 0.0004626 0.0277565 0.0004376 
1.2 -0.5 0.990966 0.0002429 0.0298979 0.0003441 
1.4 -0.5 0.988848 0.0001591 0.0325266 0.0002068 
1.6 -0.5 0.98705 1.034e-05 0.0354983 0.0003665 
1.8 -0.5 0.985157 5.831e-05 0.0395907 0.0003167 
2 -0.5 0.983634 5.107e-05 0.0439549 0.0001809 
2.2 -0.5 0.982273 7.572e-05 0.0484709 0.0001064 
2.4 -0.5 0.981029 6.708e-05 0.0534705 4.174e-05 
2.6 -0.5 0.98001 6.869e-05 0.05854 6.614e-05 
2.8 -0.5 0.979209 9.284e-05 0.0634788 6.838e-05 
3 -0.5 0.978578 6.899e-05 0.0683719 8.356e-05 
3.2 -0.5 0.977993 0.0001048 0.0734189 0.0001202 
3.4 -0.5 0.97765 6.672e-05 0.078056 0.0001278 
3.6 -0.5 0.977297 6.529e-05 0.0829008 3.984e-05 
3.8 -0.5 0.977061 8.355e-05 0.0875751 8.255e-05 
4 -0.5 0.97687 7.091e-05 0.0922091 2.486e-05 
4.2 -0.5 0.976798 0 0.096362 0 
4.4 -0.5 0.976736 0 0.100708 0 
4.6 -0.5 0.976744 0 0.104817 0 
4.8 -0.5 0.976786 0 0.108812 0 
5 -0.5 0.97695 0 0.112257 0 
5.2 -0.5 0.977034 0 0.116066 0 
5.4 -0.5 0.977202 0 0.119441 0 
5.6 -0.5 0.977362 0 0.122814 0 
5.8 -0.5 0.977542 0 0.126042 0 
6 -0.5 0.977752 0 0.129058 0 
6.2 -0.5 0.978 0 0.13178 0 
6.4 -0.5 0.978248 0 0.134433 0 
6.6 -0.5 0.978496 0 0.137002 0 
6.8 -0.5 0.978676 0 0.139917 0 
7 -0.5 0.97892 0 0.142361 0 
7.2 -0.5 0.979176 0 0.144635 0 
7.4 -0.5 0.979408 0 0.146989 0 
7.6 -0.5 0.979654 0 0.149171 0 
7.8 -0.5 0.97989 0 0.151332 0 
8 -0.5 0.980148 0 0.153235 0 
8.2 -0.5 0.980388 0 0.1552 0 
8.4 -0.5 0.98063 0 0.157044 0 
8.6 -0.5 0.980874 0 0.158787 0 
8.8 -0.5 0.981104 0 0.160566 0 
9 -0.5 0.98133 0 0.162297 0 
9.2 -0.5 0.981552 0 0.163969 0 
9.4 -0.5 0.981792 0 0.165401 0 
9.6 -0.5 0.982002 0 0.167022 0 
9.8 -0.5 0.982216 0 0.168525 0 
10 -0.5 0.982418 0 0.170051 0 
10.2 -0.5 0.982646 0 0.17126 0 
10.4 -0.5 0.98285 0 0.172613 0 
10.6 -0.5 0.983048 0 0.173944 0 
10.8 -0.5 0.983258 0 0.175096 0 
11 -0.5 0.983454 0 0.176299 0 
11.2 -0.5 0.983642 0 0.177527 0 
11.4 -0.5 0.983834 0 0.178624 0 
11.6 -0.5 0.984014 0 0.179784 0 
11.8 -0.5 0.984186 0 0.180968 0 
12 -0.5 0.984368 0 0.181973 0 
12.4 -0.5 0.984728 0 0.183823 0 
12.8 -0.5 0.985064 0 0.185697 0 
13.2 -0.5 0.98538 0 0.187539 0 
13.6 -0.5 0.985686 0 0.189284 0 
14 -0.5 0.985994 0 0.190761 0 
14.4 -0.5 0.986274 0 0.192401 0 
14.8 -0.5 0.986558 0 0.193735 0 
15.2 -0.5 0.986832 0 0.195027 0 
15.6 -0.5 0.987086 0 0.19638 0 
16 -0.5 0.987326 0 0.197766 0 
16.8 -0.5 0.9878 0 0.200055 0 
17.6 -0.5 0.988242 0 0.202161 0 
18.4 -0.5 0.988646 0 0.20426 0 
19.2 -0.5 0.98903 0 0.206102 0 
20 -0.5 0.989384 0 0.207906 0 
20.8 -0.5 0.989734 0 0.209222 0 
21.6 -0.5 0.99005 0 0.210713 0 
22.4 -0.5 0.99035 0 0.21206 0 
23.2 -0.5 0.990636 0 0.21321 0 
24 -0.5 0.990896 0 0.214551 0 
24.8 -0.5 0.991154 0 0.21556 0 
25.6 -0.5 0.991388 0 0.216724 0 
26.4 -0.5 0.991616 0 0.217671 0 
27.2 -0.5 0.991832 0 0.218565 0 
28 -0.5 0.992038 0 0.21941 0 
28.8 -0.5 0.992234 0 0.220224 0 
29.6 -0.5 0.99242 0 0.221016 0 
30.4 -0.5 0.992598 0 0.221725 0 
31.2 -0.5 0.992764 0 0.222526 0 
32 -0.5 0.992926 0 0.22319 0 
32.8 -0.5 0.993082 0 0.223815 0 
33.6 -0.5 0.99323 0 0.224447 0 
34.4 -0.5 0.993372 0 0.225018 0 
35.2 -0.5 0.993508 0 0.225542 0 
36 -0.5 0.99364 0 0.226068 0 
36.8 -0.5 0.993766 0 0.226561 0 
37.6 -0.5 0.993886 0 0.227057 0 
38.4 -0.5 0.994002 0 0.227565 0 
39.2 -0.5 0.994116 0 0.227962 0 
40 -0.5 0.994224 0 0.228395 0 
0.5 0 1 0 0.028567 0.0002076 
0.6 0 1 0 0.0290626 0.000266 
0.7 0 1 0 0.0287123 0.0002971 
0.8 0 1 0 0.0292621 0.000402 
0.9 0 1 0 0.0294071 0.0001004 
1 0 1 0 0.0306984 7.426e-05 
1.2 0 1 0 0.0339322 0.000131 
1.4 0 1 0 0.0376988 0.0001793 
1.6 0 1 0 0.0412407 8.569e-05 
1.8 0 1 0 0.0461762 5.851e-05 
2 0 1 0 0.0514079 6.671e-05 
2.2 0 1 0 0.056655 5.023e-05 
2.4 0 1 0 0.0622317 3.707e-05 
2.6 0 1 0 0.0678048 7.074e-05 
2.8 0 1 0 0.0729619 6.316e-05 
3 0 1 0 0.078471 5.382e-05 
3.2 0 1 0 0.08377 5.192e-05 
3.4 0 1 0 0.0887631 9.626e-05 
3.6 0 1 0 0.0938193 9.413e-05 
3.8 0 1 0 0.0984794 0.0001599 
4 0 1 0 0.103128 0.0001013 
4.2 0 1 0 0.107384 0 
4.4 0 1 0 0.111884 0 
4.6 0 1 0 0.115951 0 
4.8 0 1 0 0.119964 0 
5 0 1 0 0.123456 0 
5.2 0 1 0 0.127213 0 
5.4 0 1 0 0.130433 0 
5.6 0 1 0 0.133731 0 
5.8 0 1 0 0.136876 0 
6 0 1 0 0.139864 0 
6.2 0 1 0 0.142471 0 
6.4 0 1 0 0.14502 0 
6.6 0 1 0 0.147444 0 
6.8 0 1 0 0.150306 0 
7 0 1 0 0.152686 0 
7.2 0 1 0 0.154816 0 
7.4 0 1 0 0.157054 0 
7.6 0 1 0 0.15915 0 
7.8 0 1 0 0.161205 0 
8 0 1 0 0.162989 0 
8.2 0 1 0 0.164892 0 
8.4 0 1 0 0.16655 0 
8.6 0 1 0 0.16807 0 
8.8 0 1 0 0.169845 0 
9 0 1 0 0.171451 0 
9.2 0 1 0 0.173113 0 
9.4 0 1 0 0.1744 0 
9.6 0 1 0 0.175984 0 
9.8 0 1 0 0.177405 0 
10 0 1 0 0.178695 0 
10.2 0 1 0 0.179743 0 
10.4 0 1 0 0.181054 0 
10.6 0 1 0 0.182307 0 
10.8 0 1 0 0.183366 0 
11 0 1 0 0.184473 0 
11.2 0 1 0 0.185595 0 
11.4 0 1 0 0.186606 0 
11.6 0 1 0 0.187671 0 
11.8 0 1 0 0.188655 0 
12 0 1 0 0.189689 0 
12.4 0 1 0 0.191353 0 
12.8 0 1 0 0.193128 0 
13.2 0 1 0 0.194795 0 
13.6 0 1 0 0.19639 0 
14 0 1 0 0.197768 0 
14.4 0 1 0 0.199237 0 
14.8 0 1 0 0.200442 0 
15.2 0 1 0 0.201571 0 
15.6 0 1 0 0.202784 0 
16 0 1 0 0.204123 0 
16.8 0 1 0 0.206108 0 
17.6 0 1 0 0.208036 0 
18.4 0 1 0 0.209926 0 
19.2 0 1 0 0.211556 0 
20 0 1 0 0.213166 0 
20.8 0 1 0 0.214326 0 
21.6 0 1 0 0.215656 0 
22.4 0 1 0 0.216857 0 
23.2 0 1 0 0.217852 0 
24 0 1 0 0.219067 0 
24.8 0 1 0 0.219982 0 
25.6 0 1 0 0.220996 0 
26.4 0 1 0 0.221848 0 
27.2 0 1 0 0.222646 0 
28 0 1 0 0.22338 0 
28.8 0 1 0 0.224081 0 
29.6 0 1 0 0.22482 0 
30.4 0 1 0 0.225404 0 
31.2 0 1 0 0.226126 0 
32 0 1 0 0.226716 0 
32.8 0 1 0 0.227272 0 
33.6 0 1 0 0.227829 0 
34.4 0 1 0 0.228326 0 
35.2 0 1 0 0.228795 0 
36 0 1 0 0.229242 0 
36.8 0 1 0 0.229677 0 
37.6 0 1 0 0.230127 0 
38.4 0 1 0 0.230557 0 
39.2 0 1 0 0.230924 0 
40 0 1 0 0.231312 0 
