3 -24 0.00675986 0 -0.0129918 0 
3.2 -24 0.00953846 0 -0.01713216 0 
3.4 -24 0.01278362 0 -0.02160388 0 
3.6 -24 0.01667582 0 -0.02653576 0 
3.8 -24 0.020931 0 -0.03151668 0 
4 -24 0.0258966 0 -0.0368368 0 
4.2 -24 0.0313552 0 -0.0423364 0 
4.4 -24 0.0370654 0 -0.0476456 0 
4.6 -24 0.0435336 0 -0.0532024 0 
4.8 -24 0.0503492 0 -0.0584564 0 
5 -24 0.0573916 0 -0.0636028 0 
5.2 -24 0.0649978 0 -0.0686092 0 
5.4 -24 0.0727346 0 -0.0733036 0 
5.6 -24 0.0807692 0 -0.0776104 0 
5.8 -24 0.0890366 0 -0.0814912 0 
6 -24 0.0975268 0 -0.085104 0 
6.2 -24 0.1058846 0 -0.0880052 0 
6.4 -24 0.1143812 0 -0.0905124 0 
6.6 -24 0.1231466 0 -0.0927256 0 
6.8 -24 0.1316496 0 -0.0942544 0 
7 -24 0.1403332 0 -0.0953932 0 
7.2 -24 0.1490374 0 -0.0960456 0 
7.4 -24 0.1573602 0 -0.0959444 0 
7.6 -24 0.1660674 0 -0.0955692 0 
7.8 -24 0.175047 0 -0.0950056 0 
8 -24 0.1832934 0 -0.0935412 0 
8.2 -24 0.191551 0 -0.0916032 0 
8.4 -24 0.199971 0 -0.089298 0 
8.6 -24 0.208586 0 -0.086718 0 
8.8 -24 0.216786 0 -0.0835024 0 
9 -24 0.224868 0 -0.0798144 0 
9.2 -24 0.232846 0 -0.07573 0 
9.4 -24 0.240816 0 -0.0712584 0 
9.6 -24 0.248558 0 -0.0662924 0 
9.8 -24 0.256016 0 -0.0608712 0 
10 -24 0.263402 0 -0.0551128 0 
10.2 -24 0.270706 0 -0.0489488 0 
10.4 -24 0.278332 0 -0.042652 0 
10.6 -24 0.285618 0 -0.03593768 0 
10.8 -24 0.292788 0 -0.02889272 0 
11 -24 0.29974 0 -0.0214188 0 
11.2 -24 0.306476 0 -0.01364632 0 
11.4 -24 0.313194 0 -0.00561468 0 
11.6 -24 0.320034 0 0.002581228 0 
11.8 -24 0.326558 0 0.01117976 0 
12 -24 0.332882 0 0.0200304 0 
12.4 -24 0.345466 0 0.03826568 0 
12.8 -24 0.357698 0 0.0573308 0 
13.2 -24 0.369416 0 0.0772068 0 
13.6 -24 0.38109 0 0.0975296 0 
14 -24 0.39225 0 0.118558 0 
14.4 -24 0.40281 0 0.14022 0 
14.8 -24 0.413246 0 0.16215 0 
15.2 -24 0.423232 0 0.1845244 0 
15.6 -24 0.43324 0 0.2069048 0 
16 -24 0.442644 0 0.2297952 0 
16.8 -24 0.460786 0 0.2759204 0 
17.6 -24 0.478192 0 0.3220944 0 
18.4 -24 0.49411 0 0.3688856 0 
19.2 -24 0.509038 0 0.415624 0 
20 -24 0.523478 0 0.461616 0 
20.8 -24 0.537196 0 0.507028 0 
21.6 -24 0.55008 0 0.551908 0 
22.4 -24 0.562482 0 0.59574 0 
23.2 -24 0.574016 0 0.639168 0 
24 -24 0.585052 0 0.681564 0 
24.8 -24 0.595576 0 0.723004 0 
25.6 -24 0.605796 0 0.763064 0 
26.4 -24 0.6152 0 0.80294 0 
27.2 -24 0.624292 0 0.841592 0 
28 -24 0.632996 0 0.879204 0 
28.8 -24 0.641364 0 0.915728 0 
29.6 -24 0.649516 0 0.950876 0 
30.4 -24 0.657122 0 0.985704 0 
31.2 -24 0.664554 0 1.019132 0 
32 -24 0.671612 0 1.051896 0 
32.8 -24 0.678358 0 1.083884 0 
33.6 -24 0.684884 0 1.114844 0 
34.4 -24 0.691176 0 1.1449 0 
35.2 -24 0.697162 0 1.174412 0 
36 -24 0.702904 0 1.203236 0 
36.8 -24 0.70854 0 1.23082 0 
37.6 -24 0.713976 0 1.257648 0 
38.4 -24 0.719206 0 1.283808 0 
39.2 -24 0.724216 0 1.309456 0 
40 -24 0.729 0 1.334712 0 
2.6 -22 0.006399 0 -0.01405204 0 
2.8 -22 0.00954202 0 -0.01928244 0 
3 -22 0.01320464 0 -0.0248486 0 
3.2 -22 0.01750548 0 -0.03094556 0 
3.4 -22 0.0225332 0 -0.0373822 0 
3.6 -22 0.0283134 0 -0.0443032 0 
3.8 -22 0.0348122 0 -0.0515692 0 
4 -22 0.0417308 0 -0.0584544 0 
4.2 -22 0.0492626 0 -0.0652908 0 
4.4 -22 0.0573854 0 -0.07209 0 
4.6 -22 0.0656792 0 -0.078296 0 
4.8 -22 0.0742882 0 -0.084106 0 
5 -22 0.083186 0 -0.089366 0 
5.2 -22 0.092598 0 -0.0946048 0 
5.4 -22 0.1019628 0 -0.0989152 0 
5.6 -22 0.1116444 0 -0.1030496 0 
5.8 -22 0.121256 0 -0.106288 0 
6 -22 0.1308964 0 -0.1088848 0 
6.2 -22 0.1403552 0 -0.1107216 0 
6.4 -22 0.1501722 0 -0.1120964 0 
6.6 -22 0.1598936 0 -0.11304 0 
6.8 -22 0.1692314 0 -0.1129356 0 
7 -22 0.1789066 0 -0.112592 0 
7.2 -22 0.1880852 0 -0.1113292 0 
7.4 -22 0.1977542 0 -0.1099484 0 
7.6 -22 0.206802 0 -0.1075804 0 
7.8 -22 0.215564 0 -0.1045464 0 
8 -22 0.224492 0 -0.1011612 0 
8.2 -22 0.233662 0 -0.0975688 0 
8.4 -22 0.242294 0 -0.0930408 0 
8.6 -22 0.251058 0 -0.0881632 0 
8.8 -22 0.259324 0 -0.0826696 0 
9 -22 0.267672 0 -0.0768248 0 
9.2 -22 0.275994 0 -0.070572 0 
9.4 -22 0.283912 0 -0.0637 0 
9.6 -22 0.291716 0 -0.0565088 0 
9.8 -22 0.299494 0 -0.0489612 0 
10 -22 0.306984 0 -0.0409364 0 
10.2 -22 0.31444 0 -0.0326474 0 
10.4 -22 0.321848 0 -0.02402384 0 
10.6 -22 0.3291 0 -0.01512156 0 
10.8 -22 0.336062 0 -0.00580756 0 
11 -22 0.34294 0 0.003882044 0 
11.2 -22 0.349866 0 0.01363204 0 
11.4 -22 0.35647 0 0.02381492 0 
11.6 -22 0.362998 0 0.0342256 0 
11.8 -22 0.369228 0 0.044918 0 
12 -22 0.375724 0 0.0556052 0 
12.4 -22 0.388192 0 0.0776092 0 
12.8 -22 0.39978 0 0.1006896 0 
13.2 -22 0.411334 0 0.124038 0 
13.6 -22 0.422458 0 0.1478944 0 
14 -22 0.433022 0 0.1723724 0 
14.4 -22 0.4433 0 0.197098 0 
14.8 -22 0.453434 0 0.2219132 0 
15.2 -22 0.4633 0 0.2468364 0 
15.6 -22 0.47263 0 0.2721232 0 
16 -22 0.481712 0 0.2974524 0 
16.8 -22 0.499176 0 0.3479932 0 
17.6 -22 0.515556 0 0.3983788 0 
18.4 -22 0.530684 0 0.448716 0 
19.2 -22 0.544846 0 0.498544 0 
20 -22 0.55876 0 0.54672 0 
20.8 -22 0.571528 0 0.594644 0 
21.6 -22 0.583668 0 0.641444 0 
22.4 -22 0.595204 0 0.687148 0 
23.2 -22 0.60623 0 0.731532 0 
24 -22 0.616604 0 0.774988 0 
24.8 -22 0.626506 0 0.817212 0 
25.6 -22 0.635894 0 0.858356 0 
26.4 -22 0.64485 0 0.898352 0 
27.2 -22 0.653344 0 0.937348 0 
28 -22 0.661438 0 0.975284 0 
28.8 -22 0.669186 0 1.012112 0 
29.6 -22 0.676708 0 1.047488 0 
30.4 -22 0.683942 0 1.08168 0 
31.2 -22 0.690832 0 1.115004 0 
32 -22 0.697376 0 1.1476 0 
32.8 -22 0.703684 0 1.17912 0 
33.6 -22 0.709756 0 1.209656 0 
34.4 -22 0.715538 0 1.239556 0 
35.2 -22 0.721132 0 1.26844 0 
36 -22 0.72653 0 1.296408 0 
36.8 -22 0.731686 0 1.323816 0 
37.6 -22 0.73673 0 1.35002 0 
38.4 -22 0.741594 0 1.375488 0 
39.2 -22 0.746224 0 1.400588 0 
40 -22 0.750736 0 1.42476 0 
2.2 -20 0.00612966 0 -0.0155556 0 
2.4 -20 0.0094938 0 -0.0219338 0 
2.6 -20 0.01396908 0 -0.02980292 0 
2.8 -20 0.01908998 0 -0.03791924 0 
3 -20 0.0251422 0 -0.0464012 0 
3.2 -20 0.0320916 0 -0.0556996 0 
3.4 -20 0.0397002 0 -0.0647856 0 
3.6 -20 0.0481148 0 -0.0737456 0 
3.8 -20 0.0571072 0 -0.082444 0 
4 -20 0.0667382 0 -0.0908292 0 
4.2 -20 0.0764756 0 -0.0985316 0 
4.4 -20 0.087226 0 -0.106054 0 
4.6 -20 0.0978604 0 -0.1126144 0 
4.8 -20 0.1083506 0 -0.1178584 0 
5 -20 0.1191826 0 -0.122728 0 
5.2 -20 0.1300886 0 -0.1268976 0 
5.4 -20 0.141123 0 -0.1300816 0 
5.6 -20 0.1520434 0 -0.1325228 0 
5.8 -20 0.162452 0 -0.1337212 0 
6 -20 0.1736994 0 -0.1349532 0 
6.2 -20 0.1838828 0 -0.134718 0 
6.4 -20 0.1943488 0 -0.1339308 0 
6.6 -20 0.204942 0 -0.1326028 0 
6.8 -20 0.215484 0 -0.130762 0 
7 -20 0.2257 0 -0.1279284 0 
7.2 -20 0.235406 0 -0.1242256 0 
7.4 -20 0.245202 0 -0.1199888 0 
7.6 -20 0.25459 0 -0.1149124 0 
7.8 -20 0.263708 0 -0.1093672 0 
8 -20 0.273012 0 -0.1033604 0 
8.2 -20 0.281928 0 -0.0966304 0 
8.4 -20 0.29076 0 -0.089478 0 
8.6 -20 0.299314 0 -0.0817264 0 
8.8 -20 0.308044 0 -0.0737656 0 
9 -20 0.316166 0 -0.0650284 0 
9.2 -20 0.324304 0 -0.0559468 0 
9.4 -20 0.332012 0 -0.0463048 0 
9.6 -20 0.340006 0 -0.03666948 0 
9.8 -20 0.347622 0 -0.02644596 0 
10 -20 0.355244 0 -0.01600632 0 
10.2 -20 0.362218 0 -0.0049004 0 
10.4 -20 0.369384 0 0.006308 0 
10.6 -20 0.376254 0 0.01785412 0 
10.8 -20 0.383302 0 0.02946996 0 
11 -20 0.389916 0 0.041532 0 
11.2 -20 0.396566 0 0.0536952 0 
11.4 -20 0.402956 0 0.0661788 0 
11.6 -20 0.409456 0 0.0786484 0 
11.8 -20 0.415626 0 0.0914664 0 
12 -20 0.421622 0 0.1044904 0 
12.4 -20 0.433184 0 0.1309708 0 
12.8 -20 0.444756 0 0.1576056 0 
13.2 -20 0.455962 0 0.1845624 0 
13.6 -20 0.466258 0 0.212226 0 
14 -20 0.476664 0 0.2396724 0 
14.4 -20 0.48647 0 0.2674756 0 
14.8 -20 0.495858 0 0.2954392 0 
15.2 -20 0.505248 0 0.3230344 0 
15.6 -20 0.51411 0 0.3508304 0 
16 -20 0.522712 0 0.3784488 0 
16.8 -20 0.539026 0 0.43346 0 
17.6 -20 0.554266 0 0.48776 0 
18.4 -20 0.568696 0 0.54086 0 
19.2 -20 0.582248 0 0.592888 0 
20 -20 0.594902 0 0.643892 0 
20.8 -20 0.606822 0 0.693668 0 
21.6 -20 0.618196 0 0.741832 0 
22.4 -20 0.628888 0 0.788828 0 
23.2 -20 0.639086 0 0.83426 0 
24 -20 0.648814 0 0.878176 0 
24.8 -20 0.657996 0 0.920888 0 
25.6 -20 0.66669 0 0.962396 0 
26.4 -20 0.674958 0 1.00262 0 
27.2 -20 0.682912 0 1.0413 0 
28 -20 0.690332 0 1.079384 0 
28.8 -20 0.69764 0 1.115408 0 
29.6 -20 0.704462 0 1.150952 0 
30.4 -20 0.711154 0 1.18466 0 
31.2 -20 0.717504 0 1.217516 0 
32 -20 0.723558 0 1.249488 0 
32.8 -20 0.729378 0 1.280392 0 
33.6 -20 0.734924 0 1.310532 0 
34.4 -20 0.740314 0 1.339404 0 
35.2 -20 0.745404 0 1.3679 0 
36 -20 0.750412 0 1.3949 0 
36.8 -20 0.75514 0 1.421628 0 
37.6 -20 0.759744 0 1.447252 0 
38.4 -20 0.764208 0 1.471964 0 
39.2 -20 0.76856 0 1.495616 0 
40 -20 0.772642 0 1.519372 0 
1.8 -18 0.00584728 0 -0.01688124 0 
2 -18 0.00971134 0 -0.0258636 0 
2.2 -18 0.01506632 0 -0.03704708 0 
2.4 -18 0.0212676 0 -0.048078 0 
2.6 -18 0.028679 0 -0.0601308 0 
2.8 -18 0.037526 0 -0.0729096 0 
3 -18 0.0470712 0 -0.0853156 0 
3.2 -18 0.0578266 0 -0.097812 0 
3.4 -18 0.0686928 0 -0.1085248 0 
3.6 -18 0.0802856 0 -0.1191176 0 
3.8 -18 0.0924194 0 -0.128748 0 
4 -18 0.1047478 0 -0.1370032 0 
4.2 -18 0.1170778 0 -0.1439912 0 
4.4 -18 0.1296828 0 -0.1502816 0 
4.6 -18 0.1422572 0 -0.15514 0 
4.8 -18 0.154899 0 -0.159344 0 
5 -18 0.16739 0 -0.162158 0 
5.2 -18 0.1793834 0 -0.1634408 0 
5.4 -18 0.19183 0 -0.1644512 0 
5.6 -18 0.2041 0 -0.1644516 0 
5.8 -18 0.215856 0 -0.163114 0 
6 -18 0.226968 0 -0.1606504 0 
6.2 -18 0.238078 0 -0.1575104 0 
6.4 -18 0.249088 0 -0.1533964 0 
6.6 -18 0.259802 0 -0.1486996 0 
6.8 -18 0.270326 0 -0.1431176 0 
7 -18 0.280542 0 -0.1368068 0 
7.2 -18 0.290532 0 -0.1297532 0 
7.4 -18 0.300068 0 -0.1218996 0 
7.6 -18 0.309218 0 -0.1134676 0 
7.8 -18 0.318486 0 -0.1043936 0 
8 -18 0.327518 0 -0.0948908 0 
8.2 -18 0.336684 0 -0.085086 0 
8.4 -18 0.345528 0 -0.0746384 0 
8.6 -18 0.353592 0 -0.0634624 0 
8.8 -18 0.362058 0 -0.05223 0 
9 -18 0.37041 0 -0.0406384 0 
9.2 -18 0.378008 0 -0.02828408 0 
9.4 -18 0.38565 0 -0.01564036 0 
9.6 -18 0.393148 0 -0.002795356 0 
9.8 -18 0.400258 0 0.01053296 0 
10 -18 0.407368 0 0.02405556 0 
10.2 -18 0.414368 0 0.0378142 0 
10.4 -18 0.421118 0 0.0517932 0 
10.6 -18 0.427924 0 0.0659236 0 
10.8 -18 0.434436 0 0.0803464 0 
11 -18 0.440746 0 0.094952 0 
11.2 -18 0.447156 0 0.1094784 0 
11.4 -18 0.453116 0 0.1244552 0 
11.6 -18 0.45913 0 0.139446 0 
11.8 -18 0.464944 0 0.1545368 0 
12 -18 0.470666 0 0.1696928 0 
12.4 -18 0.481818 0 0.2002224 0 
12.8 -18 0.492556 0 0.2309156 0 
13.2 -18 0.502868 0 0.261728 0 
13.6 -18 0.51262 0 0.2928284 0 
14 -18 0.52226 0 0.3235172 0 
14.4 -18 0.531606 0 0.3540884 0 
14.8 -18 0.54056 0 0.384528 0 
15.2 -18 0.549112 0 0.414888 0 
15.6 -18 0.557258 0 0.445176 0 
16 -18 0.565346 0 0.47484 0 
16.8 -18 0.580424 0 0.533708 0 
17.6 -18 0.594642 0 0.590964 0 
18.4 -18 0.60808 0 0.646492 0 
19.2 -18 0.620376 0 0.70108 0 
20 -18 0.632136 0 0.753588 0 
20.8 -18 0.643182 0 0.804512 0 
21.6 -18 0.653698 0 0.853508 0 
22.4 -18 0.663452 0 0.901408 0 
23.2 -18 0.672908 0 0.946964 0 
24 -18 0.681718 0 0.991444 0 
24.8 -18 0.690226 0 1.033868 0 
25.6 -18 0.698196 0 1.07522 0 
26.4 -18 0.705802 0 1.115048 0 
27.2 -18 0.71295 0 1.153872 0 
28 -18 0.719924 0 1.190644 0 
28.8 -18 0.726472 0 1.226636 0 
29.6 -18 0.732738 0 1.26136 0 
30.4 -18 0.738736 0 1.294876 0 
31.2 -18 0.744542 0 1.326888 0 
32 -18 0.750112 0 1.357756 0 
32.8 -18 0.755378 0 1.388012 0 
33.6 -18 0.76043 0 1.417292 0 
34.4 -18 0.765374 0 1.445012 0 
35.2 -18 0.770022 0 1.4725 0 
36 -18 0.774506 0 1.49902 0 
36.8 -18 0.77888 0 1.524284 0 
37.6 -18 0.783066 0 1.548936 0 
38.4 -18 0.787078 0 1.572992 0 
39.2 -18 0.791022 0 1.5957 0 
40 -18 0.794772 0 1.618172 0 
1.4 -16 0.00597452 0 -0.02069744 0 
1.6 -16 0.01068098 0 -0.03362752 0 
1.8 -16 0.01731548 0 -0.0496512 0 
2 -16 0.026003 0 -0.0676572 0 
2.2 -16 0.0355932 0 -0.0849924 0 
2.4 -16 0.0469766 0 -0.1032452 0 
2.6 -16 0.0593458 0 -0.119962 0 
2.8 -16 0.0725894 0 -0.1358412 0 
3 -16 0.0864992 0 -0.1502652 0 
3.2 -16 0.1007658 0 -0.162534 0 
3.4 -16 0.1151706 0 -0.1733352 0 
3.6 -16 0.1298668 0 -0.1826948 0 
3.8 -16 0.1449156 0 -0.1905508 0 
4 -16 0.159699 0 -0.1965128 0 
4.2 -16 0.1746426 0 -0.2009172 0 
4.4 -16 0.188641 0 -0.2038172 0 
4.6 -16 0.202434 0 -0.2046128 0 
4.8 -16 0.216548 0 -0.2048404 0 
5 -16 0.230086 0 -0.2037144 0 
5.2 -16 0.242914 0 -0.201374 0 
5.4 -16 0.255288 0 -0.1973032 0 
5.6 -16 0.26758 0 -0.1926264 0 
5.8 -16 0.279644 0 -0.1870448 0 
6 -16 0.291286 0 -0.180392 0 
6.2 -16 0.301906 0 -0.1724076 0 
6.4 -16 0.31287 0 -0.1640444 0 
6.6 -16 0.323342 0 -0.1547072 0 
6.8 -16 0.333956 0 -0.1449024 0 
7 -16 0.343532 0 -0.1340896 0 
7.2 -16 0.353746 0 -0.122934 0 
7.4 -16 0.363034 0 -0.11099 0 
7.6 -16 0.371894 0 -0.0983984 0 
7.8 -16 0.38087 0 -0.0853552 0 
8 -16 0.389484 0 -0.0718668 0 
8.2 -16 0.39792 0 -0.0579316 0 
8.4 -16 0.406 0 -0.0434884 0 
8.6 -16 0.413836 0 -0.02863804 0 
8.8 -16 0.421814 0 -0.0136598 0 
9 -16 0.429138 0 0.001948576 0 
9.2 -16 0.436824 0 0.01739636 0 
9.4 -16 0.44383 0 0.03347728 0 
9.6 -16 0.451048 0 0.0495208 0 
9.8 -16 0.458032 0 0.0658312 0 
10 -16 0.464822 0 0.0822628 0 
10.2 -16 0.471144 0 0.0992432 0 
10.4 -16 0.477408 0 0.116118 0 
10.6 -16 0.483572 0 0.1331384 0 
10.8 -16 0.48948 0 0.1503872 0 
11 -16 0.495326 0 0.1675988 0 
11.2 -16 0.5013 0 0.1846212 0 
11.4 -16 0.506842 0 0.2020188 0 
11.6 -16 0.512116 0 0.219614 0 
11.8 -16 0.517696 0 0.2367888 0 
12 -16 0.5228 0 0.2543248 0 
12.4 -16 0.533102 0 0.2889044 0 
12.8 -16 0.542962 0 0.3234708 0 
13.2 -16 0.552502 0 0.3576728 0 
13.6 -16 0.561596 0 0.39173 0 
14 -16 0.57031 0 0.425528 0 
14.4 -16 0.578712 0 0.458972 0 
14.8 -16 0.586596 0 0.492336 0 
15.2 -16 0.594606 0 0.524592 0 
15.6 -16 0.602014 0 0.557016 0 
16 -16 0.6095 0 0.588256 0 
16.8 -16 0.62337 0 0.649988 0 
17.6 -16 0.636246 0 0.709876 0 
18.4 -16 0.648274 0 0.767724 0 
19.2 -16 0.6597 0 0.823136 0 
20 -16 0.67041 0 0.876548 0 
20.8 -16 0.68044 0 0.9281 0 
21.6 -16 0.689946 0 0.977544 0 
22.4 -16 0.698832 0 1.025372 0 
23.2 -16 0.707332 0 1.070988 0 
24 -16 0.715374 0 1.11486 0 
24.8 -16 0.722968 0 1.157192 0 
25.6 -16 0.730194 0 1.197824 0 
26.4 -16 0.737072 0 1.236844 0 
27.2 -16 0.743586 0 1.27458 0 
28 -16 0.74984 0 1.31058 0 
28.8 -16 0.75575 0 1.345584 0 
29.6 -16 0.761378 0 1.379392 0 
30.4 -16 0.76681 0 1.41164 0 
31.2 -16 0.771976 0 1.442928 0 
32 -16 0.776972 0 1.47274 0 
32.8 -16 0.781748 0 1.501584 0 
33.6 -16 0.786322 0 1.529456 0 
34.4 -16 0.790708 0 1.556392 0 
35.2 -16 0.794908 0 1.582504 0 
36 -16 0.798934 0 1.607856 0 
36.8 -16 0.802852 0 1.631984 0 
37.6 -16 0.806574 0 1.65576 0 
38.4 -16 0.810182 0 1.67856 0 
39.2 -16 0.813668 0 1.700568 0 
40 -16 0.81709 0 1.721288 0 
0.9 -14 0.00511042 0 -0.02223488 0 
1 -14 0.00726744 0 -0.03013264 0 
1.2 -14 0.01431396 0 -0.053694 0 
1.4 -14 0.023568 0 -0.0792904 0 
1.6 -14 0.0350192 0 -0.105952 0 
1.8 -14 0.048527 0 -0.133118 0 
2 -14 0.0641924 0 -0.1596804 0 
2.2 -14 0.080541 0 -0.1825292 0 
2.4 -14 0.0977386 0 -0.2025844 0 
2.6 -14 0.1152382 0 -0.2192532 0 
2.8 -14 0.1331578 0 -0.2332232 0 
3 -14 0.1513166 0 -0.2448324 0 
3.2 -14 0.1690118 0 -0.2533316 0 
3.4 -14 0.186109 0 -0.2588316 0 
3.6 -14 0.20309 0 -0.2623492 0 
3.8 -14 0.219706 0 -0.2640196 0 
4 -14 0.235726 0 -0.2642552 0 
4.2 -14 0.251176 0 -0.2622188 0 
4.4 -14 0.266018 0 -0.2588324 0 
4.6 -14 0.280374 0 -0.2537732 0 
4.8 -14 0.2937 0 -0.2470204 0 
5 -14 0.307076 0 -0.2394428 0 
5.2 -14 0.31976 0 -0.230748 0 
5.4 -14 0.332286 0 -0.2212448 0 
5.6 -14 0.343982 0 -0.2106844 0 
5.8 -14 0.355516 0 -0.1989628 0 
6 -14 0.365746 0 -0.1860324 0 
6.2 -14 0.376394 0 -0.1728772 0 
6.4 -14 0.386472 0 -0.1587936 0 
6.6 -14 0.396772 0 -0.144412 0 
6.8 -14 0.406254 0 -0.1292028 0 
7 -14 0.415504 0 -0.1133024 0 
7.2 -14 0.424842 0 -0.0972624 0 
7.4 -14 0.43307 0 -0.0799152 0 
7.6 -14 0.44107 0 -0.0623736 0 
7.8 -14 0.449582 0 -0.04497 0 
8 -14 0.457128 0 -0.02670964 0 
8.2 -14 0.464922 0 -0.0084896 0 
8.4 -14 0.472046 0 0.01039252 0 
8.6 -14 0.479476 0 0.02915532 0 
8.8 -14 0.486432 0 0.0482116 0 
9 -14 0.493212 0 0.067526 0 
9.2 -14 0.499812 0 0.086942 0 
9.4 -14 0.50618 0 0.106522 0 
9.6 -14 0.512508 0 0.1261548 0 
9.8 -14 0.518602 0 0.145894 0 
10 -14 0.524624 0 0.1656464 0 
10.2 -14 0.530662 0 0.1852556 0 
10.4 -14 0.536468 0 0.2049004 0 
10.6 -14 0.542226 0 0.2244288 0 
10.8 -14 0.547372 0 0.2445352 0 
11 -14 0.552766 0 0.2641292 0 
11.2 -14 0.557726 0 0.2841328 0 
11.4 -14 0.562838 0 0.3036596 0 
11.6 -14 0.567874 0 0.3231264 0 
11.8 -14 0.572914 0 0.3423588 0 
12 -14 0.577424 0 0.362098 0 
12.4 -14 0.58668 0 0.400384 0 
12.8 -14 0.595574 0 0.438216 0 
13.2 -14 0.604268 0 0.475276 0 
13.6 -14 0.61238 0 0.512136 0 
14 -14 0.620234 0 0.548328 0 
14.4 -14 0.62775 0 0.583984 0 
14.8 -14 0.63489 0 0.619204 0 
15.2 -14 0.641884 0 0.653548 0 
15.6 -14 0.648646 0 0.687152 0 
16 -14 0.654978 0 0.720644 0 
16.8 -14 0.667494 0 0.784168 0 
17.6 -14 0.679188 0 0.844988 0 
18.4 -14 0.689918 0 0.903892 0 
19.2 -14 0.700154 0 0.95966 0 
20 -14 0.709604 0 1.013612 0 
20.8 -14 0.718578 0 1.064852 0 
21.6 -14 0.726952 0 1.114284 0 
22.4 -14 0.735006 0 1.160864 0 
23.2 -14 0.742438 0 1.206288 0 
24 -14 0.749604 0 1.249148 0 
24.8 -14 0.756406 0 1.290096 0 
25.6 -14 0.762758 0 1.329936 0 
26.4 -14 0.768874 0 1.36764 0 
27.2 -14 0.774616 0 1.404304 0 
28 -14 0.780174 0 1.438856 0 
28.8 -14 0.785446 0 1.47224 0 
29.6 -14 0.790414 0 1.504768 0 
30.4 -14 0.795212 0 1.53564 0 
31.2 -14 0.799754 0 1.565732 0 
32 -14 0.804194 0 1.593904 0 
32.8 -14 0.808324 0 1.6221 0 
33.6 -14 0.812426 0 1.648 0 
34.4 -14 0.816314 0 1.67336 0 
35.2 -14 0.819988 0 1.698412 0 
36 -14 0.823574 0 1.722056 0 
36.8 -14 0.826966 0 1.745452 0 
37.6 -14 0.830298 0 1.767348 0 
38.4 -14 0.833464 0 1.788976 0 
39.2 -14 0.83658 0 1.80914 0 
40 -14 0.839538 0 1.829176 0 
0.5 -12 0.01321352 0 -0.0670788 0 
0.6 -12 0.01747844 0 -0.0841072 0 
0.7 -12 0.0226346 0 -0.1051348 0 
0.8 -12 0.029048 0 -0.127196 0 
0.9 -12 0.0356608 0 -0.1481884 0 
1 -12 0.0429702 0 -0.1681328 0 
1.2 -12 0.0599976 0 -0.2100248 0 
1.4 -12 0.079827 0 -0.2481452 0 
1.6 -12 0.100419 0 -0.2799964 0 
1.8 -12 0.1225778 0 -0.3073216 0 
2 -12 0.1437204 0 -0.3256644 0 
2.2 -12 0.1658382 0 -0.3411984 0 
2.4 -12 0.1878462 0 -0.351414 0 
2.6 -12 0.20821 0 -0.356314 0 
2.8 -12 0.228492 0 -0.3590704 0 
3 -12 0.24826 0 -0.3590712 0 
3.2 -12 0.26744 0 -0.3562756 0 
3.4 -12 0.285512 0 -0.3521332 0 
3.6 -12 0.30186 0 -0.3442096 0 
3.8 -12 0.317932 0 -0.3360464 0 
4 -12 0.332736 0 -0.3256248 0 
4.2 -12 0.347974 0 -0.3152132 0 
4.4 -12 0.36147 0 -0.3024296 0 
4.6 -12 0.374026 0 -0.2881356 0 
4.8 -12 0.386476 0 -0.2734456 0 
5 -12 0.398098 0 -0.2579488 0 
5.2 -12 0.409062 0 -0.2409756 0 
5.4 -12 0.419852 0 -0.2238736 0 
5.6 -12 0.430844 0 -0.2060452 0 
5.8 -12 0.441074 0 -0.1874204 0 
6 -12 0.449898 0 -0.1675228 0 
6.2 -12 0.45953 0 -0.1480468 0 
6.4 -12 0.468026 0 -0.1272732 0 
6.6 -12 0.47652 0 -0.1063448 0 
6.8 -12 0.48513 0 -0.0856 0 
7 -12 0.493148 0 -0.0637892 0 
7.2 -12 0.500714 0 -0.0416492 0 
7.4 -12 0.508118 0 -0.01949808 0 
7.6 -12 0.515402 0 0.003120876 0 
7.8 -12 0.522262 0 0.02581384 0 
8 -12 0.529286 0 0.0484496 0 
8.2 -12 0.535956 0 0.0712368 0 
8.4 -12 0.542164 0 0.0945184 0 
8.6 -12 0.548568 0 0.1173644 0 
8.8 -12 0.55456 0 0.1405164 0 
9 -12 0.560968 0 0.1629408 0 
9.2 -12 0.56651 0 0.1862712 0 
9.4 -12 0.572246 0 0.2090648 0 
9.6 -12 0.577696 0 0.231996 0 
9.8 -12 0.58284 0 0.255104 0 
10 -12 0.588102 0 0.2777068 0 
10.2 -12 0.593172 0 0.3003676 0 
10.4 -12 0.59812 0 0.3228508 0 
10.6 -12 0.603094 0 0.3450532 0 
10.8 -12 0.607878 0 0.3671352 0 
11 -12 0.612558 0 0.3890264 0 
11.2 -12 0.61675 0 0.411472 0 
11.4 -12 0.62135 0 0.432828 0 
11.6 -12 0.625768 0 0.454192 0 
11.8 -12 0.63008 0 0.47536 0 
12 -12 0.634184 0 0.496496 0 
12.4 -12 0.642342 0 0.537756 0 
12.8 -12 0.650144 0 0.578248 0 
13.2 -12 0.65773 0 0.617624 0 
13.6 -12 0.664744 0 0.656768 0 
14 -12 0.671378 0 0.695356 0 
14.4 -12 0.67816 0 0.732 0 
14.8 -12 0.684584 0 0.76798 0 
15.2 -12 0.690646 0 0.803528 0 
15.6 -12 0.69644 0 0.838348 0 
16 -12 0.702056 0 0.872276 0 
16.8 -12 0.712798 0 0.937364 0 
17.6 -12 0.722828 0 0.999224 0 
18.4 -12 0.732404 0 1.057136 0 
19.2 -12 0.741292 0 1.112568 0 
20 -12 0.749506 0 1.165928 0 
20.8 -12 0.757376 0 1.21588 0 
21.6 -12 0.764734 0 1.26372 0 
22.4 -12 0.771596 0 1.309768 0 
23.2 -12 0.778194 0 1.352904 0 
24 -12 0.784362 0 1.394536 0 
24.8 -12 0.790216 0 1.434192 0 
25.6 -12 0.79578 0 1.471984 0 
26.4 -12 0.801088 0 1.507904 0 
27.2 -12 0.806104 0 1.5425 0 
28 -12 0.81091 0 1.575336 0 
28.8 -12 0.815434 0 1.607276 0 
29.6 -12 0.819774 0 1.637672 0 
30.4 -12 0.823884 0 1.667204 0 
31.2 -12 0.82786 0 1.69506 0 
32 -12 0.83161 0 1.7224 0 
32.8 -12 0.835258 0 1.748068 0 
33.6 -12 0.83876 0 1.772684 0 
34.4 -12 0.84214 0 1.79614 0 
35.2 -12 0.845328 0 1.819364 0 
36 -12 0.848416 0 1.841464 0 
36.8 -12 0.85136 0 1.863056 0 
37.6 -12 0.85423 0 1.88344 0 
38.4 -12 0.856956 0 1.903592 0 
39.2 -12 0.859612 0 1.92266 0 
40 -12 0.862146 0 1.941488 0 
0.5 -11 0.0461862 0 -0.2207308 0 
0.6 -11 0.052722 0 -0.2418604 0 
0.7 -11 0.0600378 0 -0.261228 0 
0.8 -11 0.0685128 0 -0.2824276 0 
0.9 -11 0.0775798 0 -0.30166 0 
1 -11 0.0879112 0 -0.3228956 0 
1.2 -11 0.1097152 0 -0.3582892 0 
1.4 -11 0.1323558 0 -0.3839376 0 
1.6 -11 0.1558026 0 -0.405036 0 
1.8 -11 0.1799102 0 -0.419604 0 
2 -11 0.203994 0 -0.429364 0 
2.2 -11 0.227878 0 -0.434152 0 
2.4 -11 0.249706 0 -0.433556 0 
2.6 -11 0.270896 0 -0.43008 0 
2.8 -11 0.291226 0 -0.423072 0 
3 -11 0.310056 0 -0.415012 0 
3.2 -11 0.328074 0 -0.404696 0 
3.4 -11 0.344606 0 -0.392398 0 
3.6 -11 0.360318 0 -0.3787288 0 
3.8 -11 0.374844 0 -0.363784 0 
4 -11 0.38819 0 -0.34743 0 
4.2 -11 0.402246 0 -0.3314056 0 
4.4 -11 0.41457 0 -0.3134824 0 
4.6 -11 0.426032 0 -0.2947452 0 
4.8 -11 0.436974 0 -0.2751348 0 
5 -11 0.44791 0 -0.2553532 0 
5.2 -11 0.457956 0 -0.2343372 0 
5.4 -11 0.467406 0 -0.2124152 0 
5.6 -11 0.477518 0 -0.1911716 0 
5.8 -11 0.486584 0 -0.1687248 0 
6 -11 0.494596 0 -0.1453988 0 
6.2 -11 0.503256 0 -0.1219012 0 
6.4 -11 0.51116 0 -0.0978944 0 
6.6 -11 0.518812 0 -0.07385 0 
6.8 -11 0.526402 0 -0.0495208 0 
7 -11 0.53318 0 -0.02458876 0 
7.2 -11 0.540178 0 0.0002801484 0 
7.4 -11 0.547186 0 0.02502412 0 
7.6 -11 0.55359 0 0.0502176 0 
7.8 -11 0.560346 0 0.0749744 0 
8 -11 0.566638 0 0.0999672 0 
8.2 -11 0.57277 0 0.1249596 0 
8.4 -11 0.578538 0 0.1500812 0 
8.6 -11 0.584202 0 0.17521 0 
8.8 -11 0.589754 0 0.2001464 0 
9 -11 0.595328 0 0.2248504 0 
9.2 -11 0.600536 0 0.2497844 0 
9.4 -11 0.605828 0 0.2742076 0 
9.6 -11 0.61121 0 0.2981124 0 
9.8 -11 0.616116 0 0.3223424 0 
10 -11 0.62066 0 0.3467884 0 
10.2 -11 0.6257 0 0.3700308 0 
10.4 -11 0.630346 0 0.3935836 0 
10.6 -11 0.63481 0 0.416968 0 
10.8 -11 0.638904 0 0.44072 0 
11 -11 0.643132 0 0.46374 0 
11.2 -11 0.647446 0 0.4862 0 
11.4 -11 0.651448 0 0.508936 0 
11.6 -11 0.65545 0 0.531208 0 
11.8 -11 0.659342 0 0.553288 0 
12 -11 0.66317 0 0.575068 0 
12.4 -11 0.670608 0 0.61774 0 
12.8 -11 0.678008 0 0.658772 0 
13.2 -11 0.684982 0 0.699024 0 
13.6 -11 0.691574 0 0.738596 0 
14 -11 0.697844 0 0.7773 0 
14.4 -11 0.703936 0 0.814888 0 
14.8 -11 0.709602 0 0.852188 0 
15.2 -11 0.71556 0 0.886636 0 
15.6 -11 0.720892 0 0.921752 0 
16 -11 0.725968 0 0.95622 0 
16.8 -11 0.735966 0 1.020868 0 
17.6 -11 0.745232 0 1.082404 0 
18.4 -11 0.753828 0 1.141068 0 
19.2 -11 0.762202 0 1.194908 0 
20 -11 0.76982 0 1.247336 0 
20.8 -11 0.777016 0 1.296832 0 
21.6 -11 0.783906 0 1.343072 0 
22.4 -11 0.790214 0 1.38828 0 
23.2 -11 0.796268 0 1.430592 0 
24 -11 0.801968 0 1.47106 0 
24.8 -11 0.807332 0 1.509932 0 
25.6 -11 0.81245 0 1.546716 0 
26.4 -11 0.817322 0 1.58174 0 
27.2 -11 0.821968 0 1.615012 0 
28 -11 0.826376 0 1.646968 0 
28.8 -11 0.83055 0 1.67778 0 
29.6 -11 0.834552 0 1.707072 0 
30.4 -11 0.83832 0 1.735752 0 
31.2 -11 0.841976 0 1.76266 0 
32 -11 0.845468 0 1.788512 0 
32.8 -11 0.848802 0 1.813468 0 
33.6 -11 0.852006 0 1.837356 0 
34.4 -11 0.855102 0 1.860016 0 
35.2 -11 0.85806 0 1.881976 0 
36 -11 0.860908 0 1.90304 0 
36.8 -11 0.863596 0 1.92404 0 
37.6 -11 0.866214 0 1.943856 0 
38.4 -11 0.868754 0 1.962692 0 
39.2 -11 0.871184 0 1.981096 0 
40 -11 0.873534 0 1.99876 0 
0.5 -10 0.1074978 0 -0.46262 0 
0.6 -10 0.1152234 0 -0.474072 0 
0.7 -10 0.1244796 0 -0.486216 0 
0.8 -10 0.1336734 0 -0.496656 0 
0.9 -10 0.145333 0 -0.509308 0 
1 -10 0.1560124 0 -0.517412 0 
1.2 -10 0.1807196 0 -0.533296 0 
1.4 -10 0.206416 0 -0.542012 0 
1.6 -10 0.232224 0 -0.546424 0 
1.8 -10 0.256966 0 -0.543696 0 
2 -10 0.280046 0 -0.5341 0 
2.2 -10 0.302664 0 -0.523964 0 
2.4 -10 0.323258 0 -0.510588 0 
2.6 -10 0.343808 0 -0.497036 0 
2.8 -10 0.361862 0 -0.479668 0 
3 -10 0.378244 0 -0.46106 0 
3.2 -10 0.394496 0 -0.44228 0 
3.4 -10 0.409434 0 -0.423428 0 
3.6 -10 0.423444 0 -0.402972 0 
3.8 -10 0.435874 0 -0.3823204 0 
4 -10 0.447862 0 -0.3602912 0 
4.2 -10 0.459246 0 -0.3376984 0 
4.4 -10 0.469916 0 -0.314544 0 
4.6 -10 0.48044 0 -0.2909532 0 
4.8 -10 0.490144 0 -0.266612 0 
5 -10 0.499404 0 -0.2418756 0 
5.2 -10 0.508146 0 -0.2163252 0 
5.4 -10 0.516632 0 -0.1909132 0 
5.6 -10 0.524958 0 -0.1647424 0 
5.8 -10 0.53265 0 -0.1381288 0 
6 -10 0.54018 0 -0.1113156 0 
6.2 -10 0.547772 0 -0.0845724 0 
6.4 -10 0.554804 0 -0.0572892 0 
6.6 -10 0.561786 0 -0.02994316 0 
6.8 -10 0.568308 0 -0.00255876 0 
7 -10 0.574768 0 0.025181 0 
7.2 -10 0.581118 0 0.0525372 0 
7.4 -10 0.587662 0 0.0796652 0 
7.6 -10 0.59345 0 0.1074232 0 
7.8 -10 0.59906 0 0.1350464 0 
8 -10 0.604704 0 0.1623564 0 
8.2 -10 0.610258 0 0.1893276 0 
8.4 -10 0.615692 0 0.2163236 0 
8.6 -10 0.62077 0 0.243372 0 
8.8 -10 0.625842 0 0.2698608 0 
9 -10 0.630706 0 0.2965488 0 
9.2 -10 0.635612 0 0.3226972 0 
9.4 -10 0.640308 0 0.3487388 0 
9.6 -10 0.64498 0 0.3743516 0 
9.8 -10 0.649626 0 0.399518 0 
10 -10 0.653798 0 0.425192 0 
10.2 -10 0.657914 0 0.45054 0 
10.4 -10 0.66256 0 0.474196 0 
10.6 -10 0.666332 0 0.499284 0 
10.8 -10 0.670496 0 0.522956 0 
11 -10 0.674434 0 0.546656 0 
11.2 -10 0.678354 0 0.5699 0 
11.4 -10 0.681966 0 0.5934 0 
11.6 -10 0.685526 0 0.616544 0 
11.8 -10 0.689204 0 0.63888 0 
12 -10 0.692836 0 0.660852 0 
12.4 -10 0.69949 0 0.704936 0 
12.8 -10 0.706044 0 0.747256 0 
13.2 -10 0.71246 0 0.788028 0 
13.6 -10 0.71843 0 0.828264 0 
14 -10 0.72426 0 0.867052 0 
14.4 -10 0.729926 0 0.904484 0 
14.8 -10 0.735412 0 0.940684 0 
15.2 -10 0.740432 0 0.976936 0 
15.6 -10 0.745458 0 1.011352 0 
16 -10 0.750238 0 1.045076 0 
16.8 -10 0.759208 0 1.110184 0 
17.6 -10 0.767824 0 1.170352 0 
18.4 -10 0.775624 0 1.228632 0 
19.2 -10 0.783234 0 1.2818 0 
20 -10 0.79028 0 1.33266 0 
20.8 -10 0.796796 0 1.38152 0 
21.6 -10 0.80302 0 1.427168 0 
22.4 -10 0.809016 0 1.469356 0 
23.2 -10 0.814392 0 1.511796 0 
24 -10 0.819592 0 1.551132 0 
24.8 -10 0.824532 0 1.58844 0 
25.6 -10 0.829222 0 1.62388 0 
26.4 -10 0.83363 0 1.658112 0 
27.2 -10 0.8379 0 1.689888 0 
28 -10 0.841912 0 1.720796 0 
28.8 -10 0.845712 0 1.750592 0 
29.6 -10 0.849396 0 1.778352 0 
30.4 -10 0.852838 0 1.805872 0 
31.2 -10 0.85615 0 1.831972 0 
32 -10 0.859314 0 1.857088 0 
32.8 -10 0.862398 0 1.880392 0 
33.6 -10 0.865308 0 1.903404 0 
34.4 -10 0.86813 0 1.925076 0 
35.2 -10 0.870814 0 1.946272 0 
36 -10 0.873402 0 1.9665 0 
36.8 -10 0.875882 0 1.986112 0 
37.6 -10 0.878256 0 2.005212 0 
38.4 -10 0.880572 0 2.023144 0 
39.2 -10 0.882788 0 2.040672 0 
40 -10 0.88493 0 2.057476 0 
0.5 -9 0.1968188 0 -0.733208 0 
0.6 -9 0.206244 0 -0.734716 0 
0.7 -9 0.214948 0 -0.728624 0 
0.8 -9 0.22769 0 -0.731768 0 
0.9 -9 0.240024 0 -0.731128 0 
1 -9 0.251482 0 -0.724576 0 
1.2 -9 0.27516 0 -0.710396 0 
1.4 -9 0.300922 0 -0.694764 0 
1.6 -9 0.324316 0 -0.672744 0 
1.8 -9 0.346878 0 -0.649032 0 
2 -9 0.367908 0 -0.622808 0 
2.2 -9 0.388906 0 -0.599036 0 
2.4 -9 0.405632 0 -0.571696 0 
2.6 -9 0.422096 0 -0.544564 0 
2.8 -9 0.437308 0 -0.518716 0 
3 -9 0.451578 0 -0.49212 0 
3.2 -9 0.464564 0 -0.465516 0 
3.4 -9 0.47705 0 -0.439656 0 
3.6 -9 0.487886 0 -0.412712 0 
3.8 -9 0.498192 0 -0.3853048 0 
4 -9 0.508968 0 -0.3583692 0 
4.2 -9 0.51855 0 -0.330632 0 
4.4 -9 0.527614 0 -0.3025704 0 
4.6 -9 0.535806 0 -0.2736148 0 
4.8 -9 0.544084 0 -0.2447956 0 
5 -9 0.55161 0 -0.2150616 0 
5.2 -9 0.559612 0 -0.185598 0 
5.4 -9 0.566766 0 -0.155846 0 
5.6 -9 0.573888 0 -0.1259324 0 
5.8 -9 0.58069 0 -0.0957148 0 
6 -9 0.5873 0 -0.0652912 0 
6.2 -9 0.593374 0 -0.03463796 0 
6.4 -9 0.599672 0 -0.00415156 0 
6.6 -9 0.605954 0 0.02594556 0 
6.8 -9 0.611408 0 0.0568188 0 
7 -9 0.616764 0 0.0875956 0 
7.2 -9 0.622688 0 0.1174344 0 
7.4 -9 0.628016 0 0.1474652 0 
7.6 -9 0.633286 0 0.1773448 0 
7.8 -9 0.638352 0 0.2070732 0 
8 -9 0.6433 0 0.2365648 0 
8.2 -9 0.648406 0 0.2652636 0 
8.4 -9 0.653366 0 0.2937748 0 
8.6 -9 0.65784 0 0.3226328 0 
8.8 -9 0.662362 0 0.3509772 0 
9 -9 0.666796 0 0.3789196 0 
9.2 -9 0.671046 0 0.406684 0 
9.4 -9 0.67512 0 0.43428 0 
9.6 -9 0.679366 0 0.461 0 
9.8 -9 0.683526 0 0.487348 0 
10 -9 0.687554 0 0.51338 0 
10.2 -9 0.691152 0 0.539864 0 
10.4 -9 0.695076 0 0.565036 0 
10.6 -9 0.698596 0 0.590612 0 
10.8 -9 0.70218 0 0.615488 0 
11 -9 0.705826 0 0.639624 0 
11.2 -9 0.709164 0 0.664052 0 
11.4 -9 0.712818 0 0.686864 0 
11.6 -9 0.716048 0 0.710484 0 
11.8 -9 0.719304 0 0.733408 0 
12 -9 0.722508 0 0.756008 0 
12.4 -9 0.728752 0 0.799932 0 
12.8 -9 0.734648 0 0.842792 0 
13.2 -9 0.7402 0 0.884824 0 
13.6 -9 0.745718 0 0.924768 0 
14 -9 0.751216 0 0.962584 0 
14.4 -9 0.7561 0 1.001116 0 
14.8 -9 0.760976 0 1.037584 0 
15.2 -9 0.765752 0 1.072552 0 
15.6 -9 0.770204 0 1.10718 0 
16 -9 0.774608 0 1.14014 0 
16.8 -9 0.782796 0 1.20402 0 
17.6 -9 0.790494 0 1.26374 0 
18.4 -9 0.797588 0 1.320716 0 
19.2 -9 0.804444 0 1.372788 0 
20 -9 0.810802 0 1.422476 0 
20.8 -9 0.816734 0 1.469732 0 
21.6 -9 0.82239 0 1.513764 0 
22.4 -9 0.82773 0 1.555288 0 
23.2 -9 0.83264 0 1.595916 0 
24 -9 0.837358 0 1.633708 0 
24.8 -9 0.841808 0 1.669796 0 
25.6 -9 0.846034 0 1.70404 0 
26.4 -9 0.850018 0 1.73694 0 
27.2 -9 0.853884 0 1.767288 0 
28 -9 0.85753 0 1.796608 0 
28.8 -9 0.860976 0 1.824964 0 
29.6 -9 0.86428 0 1.851808 0 
30.4 -9 0.867386 0 1.87818 0 
31.2 -9 0.870394 0 1.902832 0 
32 -9 0.87325 0 1.926788 0 
32.8 -9 0.876024 0 1.949104 0 
33.6 -9 0.87862 0 1.97154 0 
34.4 -9 0.881202 0 1.991524 0 
35.2 -9 0.883624 0 2.011688 0 
36 -9 0.885944 0 2.03118 0 
36.8 -9 0.888194 0 2.049572 0 
37.6 -9 0.89034 0 2.067656 0 
38.4 -9 0.89243 0 2.084564 0 
39.2 -9 0.894428 0 2.101216 0 
40 -9 0.89635 0 2.117328 0 
0.5 -8 0.309906 0 -0.966336 0 
0.6 -8 0.320038 0 -0.95756 0 
0.7 -8 0.330942 0 -0.942224 0 
0.8 -8 0.342712 0 -0.926712 0 
0.9 -8 0.352988 0 -0.909704 0 
1 -8 0.365312 0 -0.890948 0 
1.2 -8 0.386334 0 -0.847112 0 
1.4 -8 0.408304 0 -0.806508 0 
1.6 -8 0.429254 0 -0.764008 0 
1.8 -8 0.446786 0 -0.721304 0 
2 -8 0.4636 0 -0.680648 0 
2.2 -8 0.479072 0 -0.642664 0 
2.4 -8 0.492054 0 -0.605904 0 
2.6 -8 0.505066 0 -0.570996 0 
2.8 -8 0.517062 0 -0.537088 0 
3 -8 0.527312 0 -0.503792 0 
3.2 -8 0.536794 0 -0.471208 0 
3.4 -8 0.545912 0 -0.438468 0 
3.6 -8 0.55433 0 -0.405364 0 
3.8 -8 0.562632 0 -0.3729096 0 
4 -8 0.570818 0 -0.340782 0 
4.2 -8 0.578224 0 -0.3083764 0 
4.4 -8 0.585466 0 -0.2746968 0 
4.6 -8 0.592016 0 -0.2410752 0 
4.8 -8 0.598672 0 -0.2075188 0 
5 -8 0.605344 0 -0.1739648 0 
5.2 -8 0.611098 0 -0.1397008 0 
5.4 -8 0.617062 0 -0.1060856 0 
5.6 -8 0.6225 0 -0.0714644 0 
5.8 -8 0.628208 0 -0.03738492 0 
6 -8 0.633764 0 -0.003461756 0 
6.2 -8 0.63955 0 0.02982352 0 
6.4 -8 0.644574 0 0.0639008 0 
6.6 -8 0.649656 0 0.0974048 0 
6.8 -8 0.654886 0 0.1302876 0 
7 -8 0.659592 0 0.1635656 0 
7.2 -8 0.66438 0 0.1962188 0 
7.4 -8 0.668836 0 0.228944 0 
7.6 -8 0.673644 0 0.260748 0 
7.8 -8 0.678216 0 0.292338 0 
8 -8 0.682368 0 0.3239388 0 
8.2 -8 0.686738 0 0.3545436 0 
8.4 -8 0.691118 0 0.3847388 0 
8.6 -8 0.695128 0 0.414836 0 
8.8 -8 0.699126 0 0.444324 0 
9 -8 0.703184 0 0.47326 0 
9.2 -8 0.707064 0 0.501956 0 
9.4 -8 0.710916 0 0.529908 0 
9.6 -8 0.714182 0 0.558908 0 
9.8 -8 0.717886 0 0.586036 0 
10 -8 0.721218 0 0.613616 0 
10.2 -8 0.7248 0 0.639716 0 
10.4 -8 0.728182 0 0.665712 0 
10.6 -8 0.73141 0 0.691572 0 
10.8 -8 0.734524 0 0.717248 0 
11 -8 0.73764 0 0.742188 0 
11.2 -8 0.740796 0 0.76634 0 
11.4 -8 0.744084 0 0.789348 0 
11.6 -8 0.746784 0 0.81398 0 
11.8 -8 0.749718 0 0.83702 0 
12 -8 0.752644 0 0.859432 0 
12.4 -8 0.75818 0 0.903732 0 
12.8 -8 0.763396 0 0.94696 0 
13.2 -8 0.768512 0 0.988192 0 
13.6 -8 0.773368 0 1.02834 0 
14 -8 0.778124 0 1.066628 0 
14.4 -8 0.782808 0 1.102972 0 
14.8 -8 0.786916 0 1.140572 0 
15.2 -8 0.791166 0 1.175072 0 
15.6 -8 0.79528 0 1.208348 0 
16 -8 0.799064 0 1.241756 0 
16.8 -8 0.806474 0 1.30368 0 
17.6 -8 0.813362 0 1.3619 0 
18.4 -8 0.819714 0 1.417308 0 
19.2 -8 0.825758 0 1.46852 0 
20 -8 0.831548 0 1.515504 0 
20.8 -8 0.836824 0 1.561348 0 
21.6 -8 0.841764 0 1.604916 0 
22.4 -8 0.846664 0 1.643332 0 
23.2 -8 0.850976 0 1.683224 0 
24 -8 0.855214 0 1.7191 0 
24.8 -8 0.859192 0 1.753564 0 
25.6 -8 0.86293 0 1.786712 0 
26.4 -8 0.866514 0 1.817728 0 
27.2 -8 0.869952 0 1.84674 0 
28 -8 0.87319 0 1.874868 0 
28.8 -8 0.876324 0 1.900848 0 
29.6 -8 0.879206 0 1.927364 0 
30.4 -8 0.882022 0 1.951652 0 
31.2 -8 0.884666 0 1.975684 0 
32 -8 0.887228 0 1.99812 0 
32.8 -8 0.88968 0 2.019596 0 
33.6 -8 0.892018 0 2.040444 0 
34.4 -8 0.894324 0 2.059132 0 
35.2 -8 0.896452 0 2.078792 0 
36 -8 0.898542 0 2.096744 0 
36.8 -8 0.900552 0 2.113964 0 
37.6 -8 0.902442 0 2.131472 0 
38.4 -8 0.90432 0 2.147072 0 
39.2 -8 0.90608 0 2.163172 0 
40 -8 0.90781 0 2.177916 0 
0.5 -7 0.443448 0 -1.11836 0 
0.6 -7 0.453326 0 -1.094428 0 
0.7 -7 0.463868 0 -1.068492 0 
0.8 -7 0.47373 0 -1.039448 0 
0.9 -7 0.482876 0 -1.007288 0 
1 -7 0.492354 0 -0.976408 0 
1.2 -7 0.509674 0 -0.9138 0 
1.4 -7 0.525968 0 -0.854968 0 
1.6 -7 0.539102 0 -0.798744 0 
1.8 -7 0.550936 0 -0.746164 0 
2 -7 0.562302 0 -0.699924 0 
2.2 -7 0.571722 0 -0.653368 0 
2.4 -7 0.580364 0 -0.609868 0 
2.6 -7 0.588254 0 -0.569348 0 
2.8 -7 0.59609 0 -0.531016 0 
3 -7 0.602272 0 -0.491692 0 
3.2 -7 0.608442 0 -0.454116 0 
3.4 -7 0.614828 0 -0.416776 0 
3.6 -7 0.621144 0 -0.3797764 0 
3.8 -7 0.626228 0 -0.3416124 0 
4 -7 0.631882 0 -0.3039708 0 
4.2 -7 0.637898 0 -0.2665076 0 
4.4 -7 0.642432 0 -0.2283444 0 
4.6 -7 0.647512 0 -0.1901672 0 
4.8 -7 0.652572 0 -0.1522268 0 
5 -7 0.657496 0 -0.1138964 0 
5.2 -7 0.662414 0 -0.0761932 0 
5.4 -7 0.667282 0 -0.03843172 0 
5.6 -7 0.671984 0 -0.000404784 0 
5.8 -7 0.676438 0 0.037193 0 
6 -7 0.680852 0 0.0745972 0 
6.2 -7 0.685284 0 0.1115132 0 
6.4 -7 0.689684 0 0.14827 0 
6.6 -7 0.69367 0 0.18523 0 
6.8 -7 0.697908 0 0.2209032 0 
7 -7 0.70234 0 0.2556228 0 
7.2 -7 0.706528 0 0.2901108 0 
7.4 -7 0.71054 0 0.32446 0 
7.6 -7 0.714292 0 0.3588912 0 
7.8 -7 0.718314 0 0.3918332 0 
8 -7 0.721844 0 0.425188 0 
8.2 -7 0.725474 0 0.457756 0 
8.4 -7 0.728926 0 0.490016 0 
8.6 -7 0.732566 0 0.520836 0 
8.8 -7 0.736248 0 0.550956 0 
9 -7 0.739684 0 0.581068 0 
9.2 -7 0.742918 0 0.611048 0 
9.4 -7 0.746268 0 0.6398 0 
9.6 -7 0.749476 0 0.668236 0 
9.8 -7 0.752728 0 0.695868 0 
10 -7 0.755608 0 0.724036 0 
10.2 -7 0.758552 0 0.75132 0 
10.4 -7 0.761368 0 0.778404 0 
10.6 -7 0.764296 0 0.80418 0 
10.8 -7 0.767286 0 0.828888 0 
11 -7 0.769956 0 0.854288 0 
11.2 -7 0.772556 0 0.879348 0 
11.4 -7 0.77518 0 0.903604 0 
11.6 -7 0.777972 0 0.926236 0 
11.8 -7 0.780462 0 0.949724 0 
12 -7 0.782956 0 0.972488 0 
12.4 -7 0.78779 0 1.01676 0 
12.8 -7 0.792492 0 1.058976 0 
13.2 -7 0.797002 0 1.099664 0 
13.6 -7 0.801214 0 1.139624 0 
14 -7 0.80541 0 1.177212 0 
14.4 -7 0.809274 0 1.214672 0 
14.8 -7 0.813146 0 1.249676 0 
15.2 -7 0.81688 0 1.283436 0 
15.6 -7 0.82048 0 1.315972 0 
16 -7 0.82389 0 1.347876 0 
16.8 -7 0.830406 0 1.407932 0 
17.6 -7 0.836334 0 1.465508 0 
18.4 -7 0.841958 0 1.51868 0 
19.2 -7 0.84731 0 1.567528 0 
20 -7 0.852312 0 1.6135 0 
20.8 -7 0.856938 0 1.65764 0 
21.6 -7 0.861374 0 1.698116 0 
22.4 -7 0.865592 0 1.735732 0 
23.2 -7 0.869434 0 1.773156 0 
24 -7 0.873116 0 1.807832 0 
24.8 -7 0.876636 0 1.840124 0 
25.6 -7 0.879922 0 1.871572 0 
26.4 -7 0.88307 0 1.900908 0 
27.2 -7 0.886092 0 1.92822 0 
28 -7 0.888932 0 1.954808 0 
28.8 -7 0.891648 0 1.97994 0 
29.6 -7 0.89422 0 2.00418 0 
30.4 -7 0.896672 0 2.027424 0 
31.2 -7 0.898994 0 2.05004 0 
32 -7 0.901254 0 2.070872 0 
32.8 -7 0.903388 0 2.09144 0 
33.6 -7 0.905442 0 2.110956 0 
34.4 -7 0.907452 0 2.128696 0 
35.2 -7 0.909348 0 2.146484 0 
36 -7 0.911156 0 2.163888 0 
36.8 -7 0.912918 0 2.17996 0 
37.6 -7 0.91459 0 2.19606 0 
38.4 -7 0.916226 0 2.210808 0 
39.2 -7 0.917776 0 2.225768 0 
40 -7 0.919278 0 2.239896 0 
0.5 -6 0.584084 0 -1.14368 0 
0.6 -6 0.590464 0 -1.107116 0 
0.7 -6 0.598192 0 -1.074732 0 
0.8 -6 0.603946 0 -1.041064 0 
0.9 -6 0.612976 0 -1.001544 0 
1 -6 0.61992 0 -0.964264 0 
1.2 -6 0.63014 0 -0.899728 0 
1.4 -6 0.640002 0 -0.832616 0 
1.6 -6 0.64667 0 -0.777716 0 
1.8 -6 0.652666 0 -0.722284 0 
2 -6 0.65752 0 -0.673576 0 
2.2 -6 0.66172 0 -0.627292 0 
2.4 -6 0.665394 0 -0.582516 0 
2.6 -6 0.669068 0 -0.539264 0 
2.8 -6 0.672586 0 -0.498088 0 
3 -6 0.67515 0 -0.456012 0 
3.2 -6 0.678918 0 -0.414244 0 
3.4 -6 0.682424 0 -0.372906 0 
3.6 -6 0.685712 0 -0.3319548 0 
3.8 -6 0.689822 0 -0.28964 0 
4 -6 0.692416 0 -0.2472168 0 
4.2 -6 0.695696 0 -0.2046792 0 
4.4 -6 0.69945 0 -0.16212 0 
4.6 -6 0.702546 0 -0.1188132 0 
4.8 -6 0.70643 0 -0.0771732 0 
5 -6 0.70977 0 -0.03493016 0 
5.2 -6 0.713524 0 0.00718332 0 
5.4 -6 0.716644 0 0.0495124 0 
5.6 -6 0.720976 0 0.0896224 0 
5.8 -6 0.724444 0 0.130548 0 
6 -6 0.72783 0 0.1712356 0 
6.2 -6 0.73164 0 0.2105904 0 
6.4 -6 0.734886 0 0.250476 0 
6.6 -6 0.73835 0 0.2890536 0 
6.8 -6 0.74159 0 0.3275808 0 
7 -6 0.745098 0 0.3648576 0 
7.2 -6 0.748318 0 0.401988 0 
7.4 -6 0.751806 0 0.437656 0 
7.6 -6 0.755092 0 0.47314 0 
7.8 -6 0.758342 0 0.507764 0 
8 -6 0.76163 0 0.54154 0 
8.2 -6 0.76459 0 0.575408 0 
8.4 -6 0.767714 0 0.60786 0 
8.6 -6 0.770682 0 0.640048 0 
8.8 -6 0.77355 0 0.671792 0 
9 -6 0.776496 0 0.702348 0 
9.2 -6 0.779514 0 0.731716 0 
9.4 -6 0.782198 0 0.76164 0 
9.6 -6 0.784894 0 0.790668 0 
9.8 -6 0.78753 0 0.819172 0 
10 -6 0.790272 0 0.846216 0 
10.2 -6 0.792882 0 0.87312 0 
10.4 -6 0.795144 0 0.901088 0 
10.6 -6 0.797552 0 0.92748 0 
10.8 -6 0.799958 0 0.953096 0 
11 -6 0.802334 0 0.977964 0 
11.2 -6 0.8048 0 1.001428 0 
11.4 -6 0.806994 0 1.025884 0 
11.6 -6 0.809246 0 1.04916 0 
11.8 -6 0.811354 0 1.072644 0 
12 -6 0.81356 0 1.094684 0 
12.4 -6 0.817762 0 1.137948 0 
12.8 -6 0.821702 0 1.180172 0 
13.2 -6 0.825526 0 1.220508 0 
13.6 -6 0.829278 0 1.258604 0 
14 -6 0.832812 0 1.295828 0 
14.4 -6 0.836296 0 1.330916 0 
14.8 -6 0.839586 0 1.365228 0 
15.2 -6 0.842726 0 1.398584 0 
15.6 -6 0.845818 0 1.430052 0 
16 -6 0.848734 0 1.461068 0 
16.8 -6 0.854348 0 1.518796 0 
17.6 -6 0.85948 0 1.5738 0 
18.4 -6 0.864338 0 1.624496 0 
19.2 -6 0.868814 0 1.672816 0 
20 -6 0.873216 0 1.7152 0 
20.8 -6 0.877234 0 1.756584 0 
21.6 -6 0.880954 0 1.796424 0 
22.4 -6 0.884632 0 1.831076 0 
23.2 -6 0.888006 0 1.865304 0 
24 -6 0.891104 0 1.899248 0 
24.8 -6 0.894164 0 1.929008 0 
25.6 -6 0.896982 0 1.958716 0 
26.4 -6 0.899672 0 1.986556 0 
27.2 -6 0.90227 0 2.012144 0 
28 -6 0.904718 0 2.036908 0 
28.8 -6 0.907038 0 2.060724 0 
29.6 -6 0.90925 0 2.083364 0 
30.4 -6 0.911378 0 2.10454 0 
31.2 -6 0.913342 0 2.126508 0 
32 -6 0.915294 0 2.145676 0 
32.8 -6 0.91712 0 2.165088 0 
33.6 -6 0.918884 0 2.183272 0 
34.4 -6 0.920618 0 2.199496 0 
35.2 -6 0.92225 0 2.21592 0 
36 -6 0.923804 0 2.232052 0 
36.8 -6 0.925314 0 2.247124 0 
37.6 -6 0.92675 0 2.262036 0 
38.4 -6 0.928156 0 2.2757 0 
39.2 -6 0.929482 0 2.289716 0 
40 -6 0.930774 0 2.302744 0 
0.5 -5 0.713775 0.0004694 -1.03338 0.001003 
0.6 -5 0.718894 0.0003825 -1.00399 0.001261 
0.7 -5 0.72648 0.0003406 -0.96116 0.0007061 
0.8 -5 0.732575 0.0001818 -0.923904 7.802e-05 
0.9 -5 0.735574 0.000118 -0.891444 0.001116 
1 -5 0.738296 0.0004964 -0.859246 0.0009954 
1.2 -5 0.742952 0.0002766 -0.800317 0.00122 
1.4 -5 0.744757 0.0002165 -0.747704 0.001331 
1.6 -5 0.745133 0.0004042 -0.700046 0.0007463 
1.8 -5 0.744989 0.000105 -0.652417 0.00067 
2 -5 0.744498 4.348e-05 -0.61037 0.0003546 
2.2 -5 0.744448 4.903e-05 -0.566718 0.0002944 
2.4 -5 0.744104 0.0001398 -0.524417 0.0002011 
2.6 -5 0.744152 5.91e-05 -0.48211 0.0001014 
2.8 -5 0.744253 0.0003301 -0.44068 0.001019 
3 -5 0.74435 0.0003115 -0.396794 0.0008373 
3.2 -5 0.74464 8.512e-05 -0.351739 0.0005044 
3.4 -5 0.745777 8.102e-05 -0.306644 0.0007223 
3.6 -5 0.746976 0.0002481 -0.25996 0.0003508 
3.8 -5 0.748564 0.0001149 -0.213622 0.0004496 
4 -5 0.750344 9.817e-05 -0.166873 0.0001896 
4.2 -5 0.751744 0 -0.1189864 0 
4.4 -5 0.754252 0 -0.0727408 0 
4.6 -5 0.756196 0 -0.02542856 0 
4.8 -5 0.758312 0 0.02119016 0 
5 -5 0.76132 0 0.0665448 0 
5.2 -5 0.763624 0 0.1126056 0 
5.4 -5 0.766072 0 0.1582112 0 
5.6 -5 0.768886 0 0.202136 0 
5.8 -5 0.771592 0 0.2457164 0 
6 -5 0.774438 0 0.2882228 0 
6.2 -5 0.777144 0 0.3310304 0 
6.4 -5 0.779948 0 0.3722208 0 
6.6 -5 0.782846 0 0.412308 0 
6.8 -5 0.785416 0 0.452604 0 
7 -5 0.78806 0 0.49188 0 
7.2 -5 0.790564 0 0.531016 0 
7.4 -5 0.793298 0 0.568104 0 
7.6 -5 0.796082 0 0.603976 0 
7.8 -5 0.798578 0 0.640516 0 
8 -5 0.801264 0 0.674748 0 
8.2 -5 0.803926 0 0.708336 0 
8.4 -5 0.80644 0 0.741708 0 
8.6 -5 0.80867 0 0.775444 0 
8.8 -5 0.81119 0 0.806728 0 
9 -5 0.81361 0 0.837436 0 
9.2 -5 0.815766 0 0.868992 0 
9.4 -5 0.818276 0 0.897332 0 
9.6 -5 0.820456 0 0.9267 0 
9.8 -5 0.822794 0 0.95414 0 
10 -5 0.824912 0 0.982084 0 
10.2 -5 0.826984 0 1.009432 0 
10.4 -5 0.829126 0 1.03546 0 
10.6 -5 0.831106 0 1.061708 0 
10.8 -5 0.833044 0 1.08746 0 
11 -5 0.835018 0 1.112068 0 
11.2 -5 0.836952 0 1.136052 0 
11.4 -5 0.838866 0 1.159388 0 
11.6 -5 0.840692 0 1.18262 0 
11.8 -5 0.842532 0 1.204904 0 
12 -5 0.844308 0 1.227 0 
12.4 -5 0.847804 0 1.26926 0 
12.8 -5 0.851144 0 1.309932 0 
13.2 -5 0.854288 0 1.349584 0 
13.6 -5 0.857494 0 1.385556 0 
14 -5 0.860438 0 1.421564 0 
14.4 -5 0.863292 0 1.45596 0 
14.8 -5 0.866012 0 1.489312 0 
15.2 -5 0.868796 0 1.519316 0 
15.6 -5 0.871238 0 1.551244 0 
16 -5 0.873736 0 1.580132 0 
16.8 -5 0.87842 0 1.63522 0 
17.6 -5 0.882718 0 1.68752 0 
18.4 -5 0.886838 0 1.734536 0 
19.2 -5 0.890606 0 1.779844 0 
20 -5 0.894222 0 1.820664 0 
20.8 -5 0.897568 0 1.859856 0 
21.6 -5 0.900696 0 1.896952 0 
22.4 -5 0.903742 0 1.929796 0 
23.2 -5 0.906588 0 1.961168 0 
24 -5 0.909174 0 1.993088 0 
24.8 -5 0.911714 0 2.021108 0 
25.6 -5 0.914064 0 2.048932 0 
26.4 -5 0.916326 0 2.074524 0 
27.2 -5 0.918482 0 2.098544 0 
28 -5 0.920516 0 2.12182 0 
28.8 -5 0.922472 0 2.143372 0 
29.6 -5 0.924324 0 2.16422 0 
30.4 -5 0.926092 0 2.184072 0 
31.2 -5 0.927742 0 2.204236 0 
32 -5 0.929372 0 2.221796 0 
32.8 -5 0.930894 0 2.239864 0 
33.6 -5 0.93236 0 2.25692 0 
34.4 -5 0.933804 0 2.271876 0 
35.2 -5 0.935176 0 2.286588 0 
36 -5 0.936472 0 2.30154 0 
36.8 -5 0.937734 0 2.315276 0 
37.6 -5 0.93893 0 2.329156 0 
38.4 -5 0.940102 0 2.341704 0 
39.2 -5 0.941214 0 2.354428 0 
40 -5 0.942276 0 2.367052 0 
0.5 -4 0.832808 0.001351 -0.831208 0.0031 
0.6 -4 0.834711 0.0006663 -0.80314 0.003194 
0.7 -4 0.836885 0.0001856 -0.772 0.002157 
0.8 -4 0.838977 0.0004558 -0.743422 0.001867 
0.9 -4 0.83812 0.0003377 -0.722313 0.001783 
1 -4 0.839278 0.0003305 -0.700873 0.001586 
1.2 -4 0.836075 0.0001612 -0.663202 0.001572 
1.4 -4 0.83239 0.0002634 -0.629331 0.0006024 
1.6 -4 0.827753 0.0002355 -0.593748 0.0004479 
1.8 -4 0.823198 0.0002736 -0.560149 0.0004472 
2 -4 0.819145 0.0001584 -0.52237 0.0006353 
2.2 -4 0.815551 0.0001431 -0.486037 0.0003843 
2.4 -4 0.811821 0.0001537 -0.444847 0.000206 
2.6 -4 0.809684 0.0002763 -0.403178 0.0008002 
2.8 -4 0.807809 0.000179 -0.357728 0.0008946 
3 -4 0.805989 0.0001123 -0.310845 0.0007217 
3.2 -4 0.805107 5.474e-05 -0.262132 0.0006639 
3.4 -4 0.804807 0.0001272 -0.212816 0.0003761 
3.6 -4 0.804136 9.082e-05 -0.161608 0.000174 
3.8 -4 0.804645 0.0001651 -0.111101 0.0003748 
4 -4 0.805053 0.0003149 -0.060245 0.0006921 
4.2 -4 0.805368 0 -0.00683476 0 
4.4 -4 0.80681 0 0.0428708 0 
4.6 -4 0.807678 0 0.0943776 0 
4.8 -4 0.809154 0 0.1448416 0 
5 -4 0.811266 0 0.1927496 0 
5.2 -4 0.812898 0 0.241822 0 
5.4 -4 0.814414 0 0.2907124 0 
5.6 -4 0.816534 0 0.337096 0 
5.8 -4 0.818464 0 0.3834432 0 
6 -4 0.820478 0 0.428364 0 
6.2 -4 0.822414 0 0.473092 0 
6.4 -4 0.824484 0 0.516172 0 
6.6 -4 0.826704 0 0.557824 0 
6.8 -4 0.82855 0 0.600128 0 
7 -4 0.830594 0 0.640592 0 
7.2 -4 0.832834 0 0.678668 0 
7.4 -4 0.834708 0 0.718056 0 
7.6 -4 0.836918 0 0.754176 0 
7.8 -4 0.839054 0 0.789836 0 
8 -4 0.840944 0 0.826 0 
8.2 -4 0.84308 0 0.859348 0 
8.4 -4 0.845072 0 0.892724 0 
8.6 -4 0.8471 0 0.924568 0 
8.8 -4 0.848832 0 0.957652 0 
9 -4 0.850738 0 0.988452 0 
9.2 -4 0.852594 0 1.018412 0 
9.4 -4 0.854428 0 1.047772 0 
9.6 -4 0.856186 0 1.076608 0 
9.8 -4 0.857976 0 1.104232 0 
10 -4 0.859844 0 1.129976 0 
10.2 -4 0.861348 0 1.15834 0 
10.4 -4 0.863118 0 1.18302 0 
10.6 -4 0.864722 0 1.208472 0 
10.8 -4 0.866364 0 1.23254 0 
11 -4 0.867846 0 1.257536 0 
11.2 -4 0.86937 0 1.281112 0 
11.4 -4 0.87091 0 1.3036 0 
11.6 -4 0.872454 0 1.325056 0 
11.8 -4 0.873784 0 1.348348 0 
12 -4 0.875266 0 1.3689 0 
12.4 -4 0.878094 0 1.409144 0 
12.8 -4 0.88075 0 1.448448 0 
13.2 -4 0.883292 0 1.48608 0 
13.6 -4 0.885798 0 1.521212 0 
14 -4 0.888204 0 1.55494 0 
14.4 -4 0.890498 0 1.587496 0 
14.8 -4 0.892716 0 1.618584 0 
15.2 -4 0.89488 0 1.64788 0 
15.6 -4 0.896864 0 1.677836 0 
16 -4 0.898814 0 1.705928 0 
16.8 -4 0.902602 0 1.757248 0 
17.6 -4 0.906084 0 1.805708 0 
18.4 -4 0.909348 0 1.85048 0 
19.2 -4 0.912374 0 1.892816 0 
20 -4 0.91526 0 1.931124 0 
20.8 -4 0.917984 0 1.966536 0 
21.6 -4 0.920504 0 2.000688 0 
22.4 -4 0.922924 0 2.031496 0 
23.2 -4 0.925208 0 2.060348 0 
24 -4 0.927266 0 2.090432 0 
24.8 -4 0.929312 0 2.115884 0 
25.6 -4 0.931202 0 2.14138 0 
26.4 -4 0.933006 0 2.165136 0 
27.2 -4 0.93473 0 2.187324 0 
28 -4 0.936364 0 2.208544 0 
28.8 -4 0.937942 0 2.227896 0 
29.6 -4 0.939422 0 2.247152 0 
30.4 -4 0.940838 0 2.265248 0 
31.2 -4 0.942166 0 2.28358 0 
32 -4 0.943462 0 2.299968 0 
32.8 -4 0.944692 0 2.31606 0 
33.6 -4 0.945866 0 2.331692 0 
34.4 -4 0.947018 0 2.34536 0 
35.2 -4 0.948112 0 2.359012 0 
36 -4 0.949154 0 2.372492 0 
36.8 -4 0.950164 0 2.384976 0 
37.6 -4 0.951122 0 2.397644 0 
38.4 -4 0.95206 0 2.409004 0 
39.2 -4 0.952946 0 2.420752 0 
40 -4 0.953812 0 2.431476 0 
0.5 -3 0.924473 0.0007225 -0.598109 0.004357 
0.6 -3 0.923015 0.001252 -0.577512 0.003577 
0.7 -3 0.920886 0.0008424 -0.568594 0.002329 
0.8 -3 0.918558 0.0005448 -0.558555 0.001606 
0.9 -3 0.917011 0.0005387 -0.54411 0.003209 
1 -3 0.913456 0.0001507 -0.537481 0.001304 
1.2 -3 0.90606 0.0002066 -0.521526 0.001134 
1.4 -3 0.899031 0.0002283 -0.505522 0.0003741 
1.6 -3 0.892137 0.0002039 -0.484743 0.000558 
1.8 -3 0.885636 0.0003452 -0.454749 0.0001922 
2 -3 0.880214 0.0001243 -0.42308 0.000394 
2.2 -3 0.875777 0.0001449 -0.390245 0.001348 
2.4 -3 0.870998 0.0003012 -0.346609 0.0011 
2.6 -3 0.867107 0.000187 -0.301064 0.0007798 
2.8 -3 0.863993 0.0001495 -0.251601 0.0004947 
3 -3 0.861567 0.0001116 -0.199459 0.0005819 
3.2 -3 0.859951 0.0002275 -0.146197 0.0004445 
3.4 -3 0.858423 0.0004169 -0.0906055 0.001288 
3.6 -3 0.857528 0.000287 -0.0354768 0.0009624 
3.8 -3 0.857037 0.0002787 0.0202288 0.0007554 
4 -3 0.857206 0.0002678 0.0757786 0.0007393 
4.2 -3 0.856884 0 0.1330692 0 
4.4 -3 0.857218 0 0.1880756 0 
4.6 -3 0.857904 0 0.2421712 0 
4.8 -3 0.858782 0 0.2954244 0 
5 -3 0.859516 0 0.3488004 0 
5.2 -3 0.860726 0 0.3997212 0 
5.4 -3 0.861958 0 0.44974 0 
5.6 -3 0.86303 0 0.500012 0 
5.8 -3 0.864494 0 0.5471 0 
6 -3 0.86583 0 0.594204 0 
6.2 -3 0.867518 0 0.637688 0 
6.4 -3 0.868828 0 0.683056 0 
6.6 -3 0.870426 0 0.725076 0 
6.8 -3 0.871828 0 0.76748 0 
7 -3 0.873312 0 0.808548 0 
7.2 -3 0.874762 0 0.848296 0 
7.4 -3 0.876368 0 0.885704 0 
7.6 -3 0.877774 0 0.923724 0 
7.8 -3 0.87936 0 0.958896 0 
8 -3 0.880816 0 0.994112 0 
8.2 -3 0.882186 0 1.029272 0 
8.4 -3 0.883756 0 1.060992 0 
8.6 -3 0.885214 0 1.092952 0 
8.8 -3 0.886668 0 1.12352 0 
9 -3 0.888034 0 1.154172 0 
9.2 -3 0.889472 0 1.182836 0 
9.4 -3 0.890796 0 1.211792 0 
9.6 -3 0.892074 0 1.240384 0 
9.8 -3 0.893366 0 1.267616 0 
10 -3 0.894746 0 1.292568 0 
10.2 -3 0.895972 0 1.318808 0 
10.4 -3 0.89721 0 1.343684 0 
10.6 -3 0.898446 0 1.36756 0 
10.8 -3 0.899632 0 1.391372 0 
11 -3 0.900796 0 1.414492 0 
11.2 -3 0.901994 0 1.436156 0 
11.4 -3 0.903074 0 1.458844 0 
11.6 -3 0.9042 0 1.479796 0 
11.8 -3 0.905314 0 1.500016 0 
12 -3 0.906294 0 1.521884 0 
12.4 -3 0.908438 0 1.55954 0 
12.8 -3 0.910454 0 1.596212 0 
13.2 -3 0.912392 0 1.631192 0 
13.6 -3 0.914256 0 1.664488 0 
14 -3 0.916062 0 1.6961 0 
14.4 -3 0.91777 0 1.726972 0 
14.8 -3 0.91946 0 1.755428 0 
15.2 -3 0.921092 0 1.782548 0 
15.6 -3 0.922594 0 1.810276 0 
16 -3 0.924054 0 1.836576 0 
16.8 -3 0.92689 0 1.884364 0 
17.6 -3 0.929498 0 1.929432 0 
18.4 -3 0.931968 0 1.970144 0 
19.2 -3 0.934232 0 2.009508 0 
20 -3 0.9364 0 2.044588 0 
20.8 -3 0.938422 0 2.077848 0 
21.6 -3 0.940332 0 2.108484 0 
22.4 -3 0.942148 0 2.136556 0 
23.2 -3 0.943862 0 2.16276 0 
24 -3 0.945434 0 2.189376 0 
24.8 -3 0.946942 0 2.213588 0 
25.6 -3 0.948372 0 2.236328 0 
26.4 -3 0.949724 0 2.258024 0 
27.2 -3 0.951018 0 2.278156 0 
28 -3 0.952254 0 2.29692 0 
28.8 -3 0.953426 0 2.314848 0 
29.6 -3 0.954538 0 2.3322 0 
30.4 -3 0.955614 0 2.347916 0 
31.2 -3 0.956606 0 2.364764 0 
32 -3 0.95758 0 2.379516 0 
32.8 -3 0.958506 0 2.393872 0 
33.6 -3 0.959388 0 2.407888 0 
34.4 -3 0.96025 0 2.420292 0 
35.2 -3 0.96107 0 2.43254 0 
36 -3 0.961852 0 2.444612 0 
36.8 -3 0.962608 0 2.455924 0 
37.6 -3 0.96333 0 2.467064 0 
38.4 -3 0.964028 0 2.477608 0 
39.2 -3 0.964706 0 2.48734 0 
40 -3 0.96535 0 2.49738 0 
0.5 -2 0.980054 0.0005265 -0.422865 0.00168 
0.6 -2 0.975717 0.0006283 -0.418161 0.002199 
0.7 -2 0.972455 0.0003378 -0.417308 0.003203 
0.8 -2 0.968443 5.848e-05 -0.417087 0.001862 
0.9 -2 0.96413 0.0001487 -0.416887 0.0002217 
1 -2 0.960623 0.0001348 -0.415146 0.001119 
1.2 -2 0.953044 9.79e-05 -0.408962 0.0008948 
1.4 -2 0.946693 3.297e-05 -0.39891 0.001537 
1.6 -2 0.939978 0.0001129 -0.377564 0.0006163 
1.8 -2 0.933592 0.0004026 -0.348453 0.00357 
2 -2 0.928403 0.0001941 -0.311805 0.002516 
2.2 -2 0.923549 0.0002796 -0.269106 0.002287 
2.4 -2 0.919569 0.0002919 -0.221532 0.001921 
2.6 -2 0.916186 0.0002918 -0.169174 0.001225 
2.8 -2 0.913707 0.0002191 -0.114531 0.0009281 
3 -2 0.911353 0.0002165 -0.0559472 0.0007083 
3.2 -2 0.909517 0.0002473 0.00404834 0.000664 
3.4 -2 0.908415 0.0001393 0.0636174 0.0003579 
3.6 -2 0.9073 0.0001828 0.125616 0.0004781 
3.8 -2 0.906706 0.0001122 0.185692 0.0001633 
4 -2 0.906311 9.064e-05 0.246261 0.0001859 
4.2 -2 0.905886 0 0.3074252 0 
4.4 -2 0.905982 0 0.36607 0 
4.6 -2 0.906128 0 0.424232 0 
4.8 -2 0.906642 0 0.479116 0 
5 -2 0.907098 0 0.5345 0 
5.2 -2 0.907688 0 0.58758 0 
5.4 -2 0.908378 0 0.639784 0 
5.6 -2 0.909246 0 0.689012 0 
5.8 -2 0.910026 0 0.73818 0 
6 -2 0.910926 0 0.785028 0 
6.2 -2 0.911844 0 0.830772 0 
6.4 -2 0.91288 0 0.873584 0 
6.6 -2 0.913778 0 0.917096 0 
6.8 -2 0.914626 0 0.9605 0 
7 -2 0.915618 0 1.000344 0 
7.2 -2 0.91662 0 1.039168 0 
7.4 -2 0.91761 0 1.07658 0 
7.6 -2 0.91859 0 1.113208 0 
7.8 -2 0.919568 0 1.148412 0 
8 -2 0.920592 0 1.181632 0 
8.2 -2 0.921558 0 1.214728 0 
8.4 -2 0.922466 0 1.247668 0 
8.6 -2 0.923428 0 1.278516 0 
8.8 -2 0.924398 0 1.30776 0 
9 -2 0.925356 0 1.336168 0 
9.2 -2 0.926216 0 1.3655 0 
9.4 -2 0.927146 0 1.392016 0 
9.6 -2 0.928044 0 1.418168 0 
9.8 -2 0.928906 0 1.4441 0 
10 -2 0.92977 0 1.468844 0 
10.2 -2 0.930624 0 1.49272 0 
10.4 -2 0.931416 0 1.517132 0 
10.6 -2 0.932238 0 1.539676 0 
10.8 -2 0.933062 0 1.561108 0 
11 -2 0.933842 0 1.582804 0 
11.2 -2 0.934602 0 1.60406 0 
11.4 -2 0.935338 0 1.625004 0 
11.6 -2 0.93611 0 1.64396 0 
11.8 -2 0.936822 0 1.663656 0 
12 -2 0.93749 0 1.683836 0 
12.4 -2 0.938934 0 1.718192 0 
12.8 -2 0.940268 0 1.752564 0 
13.2 -2 0.94154 0 1.785644 0 
13.6 -2 0.942776 0 1.81664 0 
14 -2 0.94401 0 1.844688 0 
14.4 -2 0.945112 0 1.874476 0 
14.8 -2 0.946264 0 1.89958 0 
15.2 -2 0.947364 0 1.923888 0 
15.6 -2 0.948338 0 1.95054 0 
16 -2 0.949318 0 1.974416 0 
16.8 -2 0.951218 0 2.017584 0 
17.6 -2 0.952974 0 2.057884 0 
18.4 -2 0.9546 0 2.095852 0 
19.2 -2 0.956134 0 2.130424 0 
20 -2 0.95758 0 2.16202 0 
20.8 -2 0.95894 0 2.191364 0 
21.6 -2 0.960204 0 2.219476 0 
22.4 -2 0.961412 0 2.244644 0 
23.2 -2 0.962558 0 2.267924 0 
24 -2 0.963602 0 2.292104 0 
24.8 -2 0.964614 0 2.313276 0 
25.6 -2 0.96557 0 2.333484 0 
26.4 -2 0.966474 0 2.352776 0 
27.2 -2 0.96733 0 2.371064 0 
28 -2 0.968162 0 2.387136 0 
28.8 -2 0.968946 0 2.402896 0 
29.6 -2 0.969682 0 2.41868 0 
30.4 -2 0.970402 0 2.43238 0 
31.2 -2 0.97106 0 2.447704 0 
32 -2 0.97171 0 2.460716 0 
32.8 -2 0.972328 0 2.473356 0 
33.6 -2 0.97292 0 2.485444 0 
34.4 -2 0.973492 0 2.496608 0 
35.2 -2 0.974036 0 2.50766 0 
36 -2 0.974566 0 2.517644 0 
36.8 -2 0.975066 0 2.527824 0 
37.6 -2 0.97555 0 2.537632 0 
38.4 -2 0.976014 0 2.547004 0 
39.2 -2 0.976464 0 2.555764 0 
40 -2 0.976896 0 2.564104 0 
0.5 -1.5 0.991711 0.0005013 -0.381367 0.002621 
0.6 -1.5 0.987813 0.0002381 -0.379565 0.003998 
0.7 -1.5 0.984994 0.000227 -0.380504 0.003954 
0.8 -1.5 0.981153 5.855e-05 -0.381075 0.001908 
0.9 -1.5 0.978036 0.0002755 -0.376925 0.001742 
1 -1.5 0.975226 0.0002042 -0.370036 0.0009572 
1.2 -1.5 0.96835 0.0002686 -0.360965 0.001196 
1.4 -1.5 0.963018 0.0001226 -0.34537 0.0005504 
1.6 -1.5 0.957781 0.0003358 -0.320281 0.001282 
1.8 -1.5 0.952367 0.0001224 -0.288379 0.0006431 
2 -1.5 0.948147 6.133e-05 -0.248235 0.00082 
2.2 -1.5 0.944477 0.0002985 -0.199455 0.001011 
2.4 -1.5 0.94141 0.0001333 -0.149832 0.0005667 
2.6 -1.5 0.938307 9.392e-05 -0.0914989 0.000747 
2.8 -1.5 0.936479 0.0001696 -0.0335736 0.0006046 
3 -1.5 0.934275 9.907e-05 0.0295664 0.0007316 
3.2 -1.5 0.933022 0.0001108 0.0915901 0.0006913 
3.4 -1.5 0.931674 9.511e-05 0.157111 0.0006917 
3.6 -1.5 0.930914 7.257e-05 0.220224 0.0002939 
3.8 -1.5 0.93048 2.924e-05 0.282386 0.000218 
4 -1.5 0.930107 5.497e-05 0.344864 0.0003862 
4.2 -1.5 0.929806 0 0.40828 0 
4.4 -1.5 0.929918 0 0.466992 0 
4.6 -1.5 0.929858 0 0.52796 0 
4.8 -1.5 0.930162 0 0.584468 0 
5 -1.5 0.930618 0 0.638336 0 
5.2 -1.5 0.930782 0 0.695872 0 
5.4 -1.5 0.931414 0 0.746472 0 
5.6 -1.5 0.931978 0 0.79664 0 
5.8 -1.5 0.932542 0 0.84606 0 
6 -1.5 0.93321 0 0.892696 0 
6.2 -1.5 0.933914 0 0.937512 0 
6.4 -1.5 0.934728 0 0.97936 0 
6.6 -1.5 0.93537 0 1.022824 0 
6.8 -1.5 0.936014 0 1.06572 0 
7 -1.5 0.936654 0 1.106956 0 
7.2 -1.5 0.93749 0 1.143432 0 
7.4 -1.5 0.938188 0 1.181216 0 
7.6 -1.5 0.938948 0 1.216296 0 
7.8 -1.5 0.939658 0 1.251216 0 
8 -1.5 0.940448 0 1.283 0 
8.2 -1.5 0.941144 0 1.315972 0 
8.4 -1.5 0.94186 0 1.34718 0 
8.6 -1.5 0.942584 0 1.37708 0 
8.8 -1.5 0.94332 0 1.40518 0 
9 -1.5 0.944024 0 1.433076 0 
9.2 -1.5 0.944656 0 1.46194 0 
9.4 -1.5 0.94539 0 1.48646 0 
9.6 -1.5 0.946046 0 1.512288 0 
9.8 -1.5 0.94664 0 1.539004 0 
10 -1.5 0.947284 0 1.563088 0 
10.2 -1.5 0.947972 0 1.584424 0 
10.4 -1.5 0.948564 0 1.608156 0 
10.6 -1.5 0.94917 0 1.63016 0 
10.8 -1.5 0.949788 0 1.65076 0 
11 -1.5 0.95039 0 1.670924 0 
11.2 -1.5 0.950944 0 1.691948 0 
11.4 -1.5 0.951508 0 1.711636 0 
11.6 -1.5 0.952054 0 1.73106 0 
11.8 -1.5 0.952586 0 1.750028 0 
12 -1.5 0.953094 0 1.769212 0 
12.4 -1.5 0.954194 0 1.801164 0 
12.8 -1.5 0.9552 0 1.833788 0 
13.2 -1.5 0.95616 0 1.865104 0 
13.6 -1.5 0.957078 0 1.895108 0 
14 -1.5 0.958 0 1.921856 0 
14.4 -1.5 0.95884 0 1.949592 0 
14.8 -1.5 0.959698 0 1.973628 0 
15.2 -1.5 0.960516 0 1.997012 0 
15.6 -1.5 0.961268 0 2.021276 0 
16 -1.5 0.961994 0 2.044452 0 
16.8 -1.5 0.963408 0 2.085924 0 
17.6 -1.5 0.964734 0 2.123388 0 
18.4 -1.5 0.96595 0 2.159496 0 
19.2 -1.5 0.967092 0 2.192776 0 
20 -1.5 0.968164 0 2.223472 0 
20.8 -1.5 0.969204 0 2.249452 0 
21.6 -1.5 0.970152 0 2.275864 0 
22.4 -1.5 0.971056 0 2.299816 0 
23.2 -1.5 0.97191 0 2.321908 0 
24 -1.5 0.972696 0 2.344484 0 
24.8 -1.5 0.973458 0 2.364048 0 
25.6 -1.5 0.97417 0 2.383436 0 
26.4 -1.5 0.974852 0 2.401156 0 
27.2 -1.5 0.9755 0 2.417752 0 
28 -1.5 0.97612 0 2.432952 0 
28.8 -1.5 0.976704 0 2.448168 0 
29.6 -1.5 0.977262 0 2.462384 0 
30.4 -1.5 0.977796 0 2.475572 0 
31.2 -1.5 0.978294 0 2.4896 0 
32 -1.5 0.978782 0 2.501604 0 
32.8 -1.5 0.979246 0 2.513508 0 
33.6 -1.5 0.97969 0 2.524676 0 
34.4 -1.5 0.980118 0 2.535184 0 
35.2 -1.5 0.980528 0 2.545244 0 
36 -1.5 0.98092 0 2.554924 0 
36.8 -1.5 0.981302 0 2.56382 0 
37.6 -1.5 0.981662 0 2.573136 0 
38.4 -1.5 0.982008 0 2.5821 0 
39.2 -1.5 0.982348 0 2.58984 0 
40 -1.5 0.982672 0 2.597696 0 
0.5 -1 0.997196 0.000232 -0.358947 0.004691 
0.6 -1 0.994968 0.0002153 -0.360444 0.002422 
0.7 -1 0.992425 0.0001306 -0.349451 0.001965 
0.8 -1 0.99042 0.0001493 -0.343838 0.0008325 
0.9 -1 0.988081 0.0001504 -0.339047 0.001404 
1 -1 0.985985 6.343e-05 -0.334523 0.001765 
1.2 -1 0.980945 0.0001225 -0.321213 0.002974 
1.4 -1 0.976927 9.943e-05 -0.295555 0.002606 
1.6 -1 0.973201 0.0001128 -0.267318 0.003407 
1.8 -1 0.969576 0.0001926 -0.22654 0.002961 
2 -1 0.966597 0.0001418 -0.1787 0.002047 
2.2 -1 0.9639 0.0001201 -0.125538 0.001104 
2.4 -1 0.961529 0.0001163 -0.0670722 0.0006603 
2.6 -1 0.959651 8.451e-05 -0.00555408 0.0002609 
2.8 -1 0.958158 4.34e-05 0.0586587 0.0005342 
3 -1 0.956768 0.0001325 0.124909 0.0009917 
3.2 -1 0.955716 5.938e-05 0.191571 0.0007121 
3.4 -1 0.955015 5.967e-05 0.257289 0.0004805 
3.6 -1 0.954329 0.0001072 0.324851 0.0005597 
3.8 -1 0.953983 5.74e-05 0.389539 0.0007513 
4 -1 0.953617 5.245e-05 0.455524 0.0005201 
4.2 -1 0.953466 0 0.51794 0 
4.4 -1 0.953384 0 0.580372 0 
4.6 -1 0.953344 0 0.642316 0 
4.8 -1 0.953548 0 0.698416 0 
5 -1 0.95383 0 0.753048 0 
5.2 -1 0.954018 0 0.80892 0 
5.4 -1 0.954402 0 0.859452 0 
5.6 -1 0.9547 0 0.911352 0 
5.8 -1 0.955148 0 0.958448 0 
6 -1 0.955526 0 1.006556 0 
6.2 -1 0.956012 0 1.049944 0 
6.4 -1 0.956486 0 1.092928 0 
6.6 -1 0.957002 0 1.132924 0 
6.8 -1 0.95738 0 1.17672 0 
7 -1 0.957824 0 1.216588 0 
7.2 -1 0.95837 0 1.252224 0 
7.4 -1 0.958826 0 1.289428 0 
7.6 -1 0.959322 0 1.323928 0 
7.8 -1 0.95979 0 1.35824 0 
8 -1 0.960294 0 1.389736 0 
8.2 -1 0.960768 0 1.421392 0 
8.4 -1 0.96127 0 1.450476 0 
8.6 -1 0.961738 0 1.479824 0 
8.8 -1 0.962184 0 1.509012 0 
9 -1 0.96267 0 1.53512 0 
9.2 -1 0.963106 0 1.562312 0 
9.4 -1 0.963596 0 1.5857 0 
9.6 -1 0.964006 0 1.611832 0 
9.8 -1 0.964432 0 1.636172 0 
10 -1 0.964844 0 1.66018 0 
10.2 -1 0.965304 0 1.680368 0 
10.4 -1 0.965702 0 1.703004 0 
10.6 -1 0.966106 0 1.724068 0 
10.8 -1 0.966506 0 1.744404 0 
11 -1 0.966908 0 1.763552 0 
11.2 -1 0.967286 0 1.783132 0 
11.4 -1 0.967658 0 1.802128 0 
11.6 -1 0.96804 0 1.819656 0 
11.8 -1 0.9684 0 1.837432 0 
12 -1 0.968732 0 1.856132 0 
12.4 -1 0.969462 0 1.886524 0 
12.8 -1 0.970122 0 1.918292 0 
13.2 -1 0.97077 0 1.947416 0 
13.6 -1 0.971378 0 1.97606 0 
14 -1 0.971994 0 2.001188 0 
14.4 -1 0.972554 0 2.027612 0 
14.8 -1 0.973108 0 2.051576 0 
15.2 -1 0.973652 0 2.07356 0 
15.6 -1 0.974174 0 2.09484 0 
16 -1 0.974652 0 2.11734 0 
16.8 -1 0.975602 0 2.15556 0 
17.6 -1 0.976484 0 2.190988 0 
18.4 -1 0.977294 0 2.225096 0 
19.2 -1 0.978062 0 2.255556 0 
20 -1 0.978778 0 2.284108 0 
20.8 -1 0.979464 0 2.309148 0 
21.6 -1 0.980098 0 2.33378 0 
22.4 -1 0.980702 0 2.35578 0 
23.2 -1 0.981274 0 2.376024 0 
24 -1 0.981798 0 2.397164 0 
24.8 -1 0.982304 0 2.415492 0 
25.6 -1 0.982778 0 2.43376 0 
26.4 -1 0.983234 0 2.450024 0 
27.2 -1 0.983662 0 2.466028 0 
28 -1 0.984078 0 2.479812 0 
28.8 -1 0.98447 0 2.493308 0 
29.6 -1 0.984838 0 2.507252 0 
30.4 -1 0.985194 0 2.51926 0 
31.2 -1 0.985528 0 2.5322 0 
32 -1 0.985852 0 2.543436 0 
32.8 -1 0.986162 0 2.554128 0 
33.6 -1 0.98646 0 2.564224 0 
34.4 -1 0.986744 0 2.574096 0 
35.2 -1 0.987018 0 2.583424 0 
36 -1 0.98728 0 2.592336 0 
36.8 -1 0.987532 0 2.601016 0 
37.6 -1 0.987774 0 2.609268 0 
38.4 -1 0.988004 0 2.61778 0 
39.2 -1 0.988232 0 2.624656 0 
40 -1 0.988446 0 2.632248 0 
0.5 -0.5 0.999041 4.345e-05 -0.352994 0.005446 
0.6 -0.5 0.998093 9.977e-05 -0.340934 0.003196 
0.7 -0.5 0.996816 0.0001665 -0.329218 0.003419 
0.8 -0.5 0.99604 0.0001151 -0.32432 0.0017 
0.9 -0.5 0.994791 6.074e-05 -0.311133 0.001404 
1 -0.5 0.993374 0.0004626 -0.303093 0.003744 
1.2 -0.5 0.990966 0.0002429 -0.274836 0.002398 
1.4 -0.5 0.988848 0.0001591 -0.242972 0.001924 
1.6 -0.5 0.98705 1.034e-05 -0.206742 0.002841 
1.8 -0.5 0.985157 5.831e-05 -0.155883 0.00278 
2 -0.5 0.983634 5.107e-05 -0.100358 0.002092 
2.2 -0.5 0.982273 7.572e-05 -0.0408235 0.0007175 
2.4 -0.5 0.981029 6.708e-05 0.0258224 0.000459 
2.6 -0.5 0.98001 6.869e-05 0.0937811 0.0008385 
2.8 -0.5 0.979209 9.284e-05 0.162844 0.0006169 
3 -0.5 0.978578 6.899e-05 0.23226 0.0004117 
3.2 -0.5 0.977993 0.0001048 0.303694 0.001119 
3.4 -0.5 0.97765 6.672e-05 0.371173 0.001238 
3.6 -0.5 0.977297 6.529e-05 0.441525 0.0006036 
3.8 -0.5 0.977061 8.355e-05 0.508809 0.0005769 
4 -0.5 0.97687 7.091e-05 0.577112 0.0003483 
4.2 -0.5 0.976798 0 0.63938 0 
4.4 -0.5 0.976736 0 0.703176 0 
4.6 -0.5 0.976744 0 0.764348 0 
4.8 -0.5 0.976786 0 0.823352 0 
5 -0.5 0.97695 0 0.876448 0 
5.2 -0.5 0.977034 0 0.932512 0 
5.4 -0.5 0.977202 0 0.983724 0 
5.6 -0.5 0.977362 0 1.03458 0 
5.8 -0.5 0.977542 0 1.083428 0 
6 -0.5 0.977752 0 1.129428 0 
6.2 -0.5 0.978 0 1.171672 0 
6.4 -0.5 0.978248 0 1.212816 0 
6.6 -0.5 0.978496 0 1.252404 0 
6.8 -0.5 0.978676 0 1.295988 0 
7 -0.5 0.97892 0 1.333304 0 
7.2 -0.5 0.979176 0 1.36892 0 
7.4 -0.5 0.979408 0 1.404844 0 
7.6 -0.5 0.979654 0 1.438504 0 
7.8 -0.5 0.97989 0 1.471292 0 
8 -0.5 0.980148 0 1.501152 0 
8.2 -0.5 0.980388 0 1.531528 0 
8.4 -0.5 0.98063 0 1.559944 0 
8.6 -0.5 0.980874 0 1.587124 0 
8.8 -0.5 0.981104 0 1.614584 0 
9 -0.5 0.98133 0 1.641308 0 
9.2 -0.5 0.981552 0 1.666804 0 
9.4 -0.5 0.981792 0 1.6896 0 
9.6 -0.5 0.982002 0 1.714232 0 
9.8 -0.5 0.982216 0 1.737408 0 
10 -0.5 0.982418 0 1.760688 0 
10.2 -0.5 0.982646 0 1.779964 0 
10.4 -0.5 0.98285 0 1.800948 0 
10.6 -0.5 0.983048 0 1.821268 0 
10.8 -0.5 0.983258 0 1.839464 0 
11 -0.5 0.983454 0 1.85822 0 
11.2 -0.5 0.983642 0 1.876944 0 
11.4 -0.5 0.983834 0 1.894176 0 
11.6 -0.5 0.984014 0 1.912 0 
11.8 -0.5 0.984186 0 1.929852 0 
12 -0.5 0.984368 0 1.945568 0 
12.4 -0.5 0.984728 0 1.974736 0 
12.8 -0.5 0.985064 0 2.003912 0 
13.2 -0.5 0.98538 0 2.032312 0 
13.6 -0.5 0.985686 0 2.059136 0 
14 -0.5 0.985994 0 2.082576 0 
14.4 -0.5 0.986274 0 2.107588 0 
14.8 -0.5 0.986558 0 2.128656 0 
15.2 -0.5 0.986832 0 2.149008 0 
15.6 -0.5 0.987086 0 2.169884 0 
16 -0.5 0.987326 0 2.190872 0 
16.8 -0.5 0.9878 0 2.226616 0 
17.6 -0.5 0.988242 0 2.259412 0 
18.4 -0.5 0.988646 0 2.291508 0 
19.2 -0.5 0.98903 0 2.320032 0 
20 -0.5 0.989384 0 2.34754 0 
20.8 -0.5 0.989734 0 2.368832 0 
21.6 -0.5 0.99005 0 2.391804 0 
22.4 -0.5 0.99035 0 2.41272 0 
23.2 -0.5 0.990636 0 2.430936 0 
24 -0.5 0.990896 0 2.451176 0 
24.8 -0.5 0.991154 0 2.467176 0 
25.6 -0.5 0.991388 0 2.484784 0 
26.4 -0.5 0.991616 0 2.499588 0 
27.2 -0.5 0.991832 0 2.513564 0 
28 -0.5 0.992038 0 2.526772 0 
28.8 -0.5 0.992234 0 2.53942 0 
29.6 -0.5 0.99242 0 2.551672 0 
30.4 -0.5 0.992598 0 2.562788 0 
31.2 -0.5 0.992764 0 2.574876 0 
32 -0.5 0.992926 0 2.585196 0 
32.8 -0.5 0.993082 0 2.59494 0 
33.6 -0.5 0.99323 0 2.604652 0 
34.4 -0.5 0.993372 0 2.613544 0 
35.2 -0.5 0.993508 0 2.621776 0 
36 -0.5 0.99364 0 2.62996 0 
36.8 -0.5 0.993766 0 2.637648 0 
37.6 -0.5 0.993886 0 2.6453 0 
38.4 -0.5 0.994002 0 2.65304 0 
39.2 -0.5 0.994116 0 2.659372 0 
40 -0.5 0.994224 0 2.66608 0 
0.5 0 1 0 -0.350788 0.00413 
0.6 0 1 0 -0.335361 0.004387 
0.7 0 1 0 -0.316062 0.005053 
0.8 0 1 0 -0.30231 0.003486 
0.9 0 1 0 -0.285094 0.002745 
1 0 1 0 -0.267564 0.002742 
1.2 0 1 0 -0.225171 0.001114 
1.4 0 1 0 -0.180553 0.002155 
1.6 0 1 0 -0.135647 0.001493 
1.8 0 1 0 -0.0739951 0.001249 
2 0 1 0 -0.00886053 0.001232 
2.2 0 1 0 0.0577854 0.0009124 
2.4 0 1 0 0.131561 0.0003649 
2.6 0 1 0 0.206777 0.0007555 
2.8 0 1 0 0.277915 0.0009106 
3 0 1 0 0.354383 0.0003756 
3.2 0 1 0 0.428041 0.0009717 
3.4 0 1 0 0.499839 0.000938 
3.6 0 1 0 0.572675 0.001003 
3.8 0 1 0 0.640143 0.001552 
4 0 1 0 0.707643 0.001055 
4.2 0 1 0 0.77194 0 
4.4 0 1 0 0.83712 0 
4.6 0 1 0 0.897728 0 
4.8 0 1 0 0.957076 0 
5 0 1 0 1.010608 0 
5.2 0 1 0 1.066148 0 
5.4 0 1 0 1.115496 0 
5.6 0 1 0 1.165632 0 
5.8 0 1 0 1.213352 0 
6 0 1 0 1.258968 0 
6.2 0 1 0 1.29992 0 
6.4 0 1 0 1.339788 0 
6.6 0 1 0 1.377688 0 
6.8 0 1 0 1.420576 0 
7 0 1 0 1.457104 0 
7.2 0 1 0 1.491056 0 
7.4 0 1 0 1.525524 0 
7.6 0 1 0 1.558184 0 
7.8 0 1 0 1.589692 0 
8 0 1 0 1.618108 0 
8.2 0 1 0 1.647564 0 
8.4 0 1 0 1.673856 0 
8.6 0 1 0 1.698552 0 
8.8 0 1 0 1.725832 0 
9 0 1 0 1.75104 0 
9.2 0 1 0 1.77638 0 
9.4 0 1 0 1.79742 0 
9.6 0 1 0 1.821648 0 
9.8 0 1 0 1.843808 0 
10 0 1 0 1.864352 0 
10.2 0 1 0 1.88168 0 
10.4 0 1 0 1.902164 0 
10.6 0 1 0 1.921596 0 
10.8 0 1 0 1.938604 0 
11 0 1 0 1.956228 0 
11.2 0 1 0 1.973696 0 
11.4 0 1 0 1.989872 0 
11.6 0 1 0 2.006624 0 
11.8 0 1 0 2.022104 0 
12 0 1 0 2.038136 0 
12.4 0 1 0 2.065048 0 
12.8 0 1 0 2.093044 0 
13.2 0 1 0 2.119324 0 
13.6 0 1 0 2.14436 0 
14 0 1 0 2.166596 0 
14.4 0 1 0 2.189588 0 
14.8 0 1 0 2.209108 0 
15.2 0 1 0 2.227488 0 
15.6 0 1 0 2.2467 0 
16 0 1 0 2.267148 0 
16.8 0 1 0 2.299224 0 
17.6 0 1 0 2.329884 0 
18.4 0 1 0 2.35948 0 
19.2 0 1 0 2.385456 0 
20 0 1 0 2.410656 0 
20.8 0 1 0 2.430064 0 
21.6 0 1 0 2.451112 0 
22.4 0 1 0 2.470268 0 
23.2 0 1 0 2.486632 0 
24 0 1 0 2.505376 0 
24.8 0 1 0 2.52022 0 
25.6 0 1 0 2.53604 0 
26.4 0 1 0 2.549712 0 
27.2 0 1 0 2.562528 0 
28 0 1 0 2.574408 0 
28.8 0 1 0 2.5857 0 
29.6 0 1 0 2.597316 0 
30.4 0 1 0 2.60694 0 
31.2 0 1 0 2.618076 0 
32 0 1 0 2.6275 0 
32.8 0 1 0 2.636424 0 
33.6 0 1 0 2.64524 0 
34.4 0 1 0 2.653236 0 
35.2 0 1 0 2.660812 0 
36 0 1 0 2.66804 0 
36.8 0 1 0 2.67504 0 
37.6 0 1 0 2.68214 0 
38.4 0 1 0 2.68894 0 
39.2 0 1 0 2.69492 0 
40 0 1 0 2.701084 0 
