3.2 -24 0.00694052 0 -0.01246088 0 
3.4 -24 0.00955178 0 -0.01616572 0 
3.6 -24 0.01260148 0 -0.0200756 0 
3.8 -24 0.01615072 0 -0.02436752 0 
4 -24 0.0202298 0 -0.02899708 0 
4.2 -24 0.024895 0 -0.0339142 0 
4.4 -24 0.0298348 0 -0.0386386 0 
4.6 -24 0.0352914 0 -0.0434512 0 
4.8 -24 0.0413262 0 -0.0486024 0 
5 -24 0.0476834 0 -0.053416 0 
5.2 -24 0.0545116 0 -0.0582864 0 
5.4 -24 0.0613288 0 -0.062488 0 
5.6 -24 0.0687786 0 -0.0669044 0 
5.8 -24 0.0762688 0 -0.070876 0 
6 -24 0.083918 0 -0.07438 0 
6.2 -24 0.0918476 0 -0.077638 0 
6.4 -24 0.0995334 0 -0.0802532 0 
6.6 -24 0.1079248 0 -0.0829084 0 
6.8 -24 0.116006 0 -0.0848964 0 
7 -24 0.1242194 0 -0.0864496 0 
7.2 -24 0.132831 0 -0.0878916 0 
7.4 -24 0.1412446 0 -0.0886888 0 
7.6 -24 0.1497212 0 -0.0891108 0 
7.8 -24 0.1579848 0 -0.0889252 0 
8 -24 0.1658704 0 -0.0880552 0 
8.2 -24 0.1743312 0 -0.0871992 0 
8.4 -24 0.182492 0 -0.0857088 0 
8.6 -24 0.1905672 0 -0.0837328 0 
8.8 -24 0.198529 0 -0.0813952 0 
9 -24 0.206516 0 -0.0787336 0 
9.2 -24 0.2144 0 -0.0756068 0 
9.4 -24 0.222252 0 -0.072162 0 
9.6 -24 0.23038 0 -0.0685576 0 
9.8 -24 0.238018 0 -0.0643676 0 
10 -24 0.245546 0 -0.0597732 0 
10.2 -24 0.252968 0 -0.054866 0 
10.4 -24 0.260364 0 -0.0496584 0 
10.6 -24 0.26784 0 -0.0442392 0 
10.8 -24 0.275186 0 -0.03852224 0 
11 -24 0.282232 0 -0.03241068 0 
11.2 -24 0.289316 0 -0.02608204 0 
11.4 -24 0.29628 0 -0.01948876 0 
11.6 -24 0.303048 0 -0.012583 0 
11.8 -24 0.309654 0 -0.0054218 0 
12 -24 0.316308 0 0.001886792 0 
12.4 -24 0.329178 0 0.01720588 0 
12.8 -24 0.341688 0 0.033252 0 
13.2 -24 0.354004 0 0.0498544 0 
13.6 -24 0.365836 0 0.0671344 0 
14 -24 0.377242 0 0.0849724 0 
14.4 -24 0.388358 0 0.1031964 0 
14.8 -24 0.399066 0 0.1218704 0 
15.2 -24 0.409368 0 0.1409228 0 
15.6 -24 0.419546 0 0.1601108 0 
16 -24 0.429392 0 0.1795168 0 
16.8 -24 0.448162 0 0.218814 0 
17.6 -24 0.46603 0 0.2583076 0 
18.4 -24 0.482546 0 0.298208 0 
19.2 -24 0.498424 0 0.3376212 0 
20 -24 0.513352 0 0.3768532 0 
20.8 -24 0.527436 0 0.415632 0 
21.6 -24 0.540968 0 0.453604 0 
22.4 -24 0.553564 0 0.491232 0 
23.2 -24 0.565724 0 0.527836 0 
24 -24 0.577256 0 0.563692 0 
24.8 -24 0.58823 0 0.59872 0 
25.6 -24 0.59866 0 0.632936 0 
26.4 -24 0.608556 0 0.666396 0 
27.2 -24 0.61801 0 0.698992 0 
28 -24 0.62699 0 0.73084 0 
28.8 -24 0.635664 0 0.76164 0 
29.6 -24 0.643944 0 0.791664 0 
30.4 -24 0.651878 0 0.820844 0 
31.2 -24 0.659458 0 0.849296 0 
32 -24 0.666666 0 0.877132 0 
32.8 -24 0.673594 0 0.904172 0 
33.6 -24 0.680348 0 0.930164 0 
34.4 -24 0.686856 0 0.955372 0 
35.2 -24 0.693006 0 0.98024 0 
36 -24 0.69888 0 1.004612 0 
36.8 -24 0.704626 0 1.027988 0 
37.6 -24 0.710208 0 1.050568 0 
38.4 -24 0.715574 0 1.072576 0 
39.2 -24 0.720652 0 1.094396 0 
40 -24 0.725704 0 1.115008 0 
2.8 -22 0.00660198 0 -0.01347584 0 
3 -22 0.00940622 0 -0.01790696 0 
3.2 -22 0.01293638 0 -0.02301144 0 
3.4 -22 0.0169558 0 -0.02841256 0 
3.6 -22 0.0216722 0 -0.0342328 0 
3.8 -22 0.0269258 0 -0.0401996 0 
4 -22 0.0329424 0 -0.0465432 0 
4.2 -22 0.039262 0 -0.0526452 0 
4.4 -22 0.0463056 0 -0.058828 0 
4.6 -22 0.0536804 0 -0.0648144 0 
4.8 -22 0.0615304 0 -0.0705208 0 
5 -22 0.069545 0 -0.0759368 0 
5.2 -22 0.077992 0 -0.0810004 0 
5.4 -22 0.0865696 0 -0.0854996 0 
5.6 -22 0.0953212 0 -0.0895648 0 
5.8 -22 0.1043798 0 -0.093258 0 
6 -22 0.1135316 0 -0.0964516 0 
6.2 -22 0.1226416 0 -0.098892 0 
6.4 -22 0.131859 0 -0.1009344 0 
6.6 -22 0.1412152 0 -0.102546 0 
6.8 -22 0.1503868 0 -0.1033804 0 
7 -22 0.159507 0 -0.1037496 0 
7.2 -22 0.1686436 0 -0.1035024 0 
7.4 -22 0.177606 0 -0.1026236 0 
7.6 -22 0.1866428 0 -0.1014544 0 
7.8 -22 0.195809 0 -0.0997816 0 
8 -22 0.204866 0 -0.0976252 0 
8.2 -22 0.213598 0 -0.0947636 0 
8.4 -22 0.222014 0 -0.0913608 0 
8.6 -22 0.230864 0 -0.0877476 0 
8.8 -22 0.23938 0 -0.0836468 0 
9 -22 0.247428 0 -0.0789332 0 
9.2 -22 0.255592 0 -0.073852 0 
9.4 -22 0.26377 0 -0.0684816 0 
9.6 -22 0.271878 0 -0.0627852 0 
9.8 -22 0.279666 0 -0.0565896 0 
10 -22 0.287662 0 -0.050208 0 
10.2 -22 0.295308 0 -0.0433784 0 
10.4 -22 0.302872 0 -0.03624944 0 
10.6 -22 0.310162 0 -0.02874012 0 
10.8 -22 0.317328 0 -0.02102596 0 
11 -22 0.324416 0 -0.01297228 0 
11.2 -22 0.331448 0 -0.00474572 0 
11.4 -22 0.338326 0 0.003735784 0 
11.6 -22 0.34505 0 0.01246868 0 
11.8 -22 0.351926 0 0.02127464 0 
12 -22 0.358486 0 0.03038212 0 
12.4 -22 0.371284 0 0.04908 0 
12.8 -22 0.383472 0 0.0685208 0 
13.2 -22 0.395414 0 0.0884384 0 
13.6 -22 0.406984 0 0.1087408 0 
14 -22 0.418006 0 0.1295416 0 
14.4 -22 0.428738 0 0.1505876 0 
14.8 -22 0.439312 0 0.1717416 0 
15.2 -22 0.449268 0 0.193264 0 
15.6 -22 0.459154 0 0.2147156 0 
16 -22 0.468642 0 0.2363036 0 
16.8 -22 0.486736 0 0.2795796 0 
17.6 -22 0.503666 0 0.3227224 0 
18.4 -22 0.51957 0 0.3655152 0 
19.2 -22 0.53455 0 0.407756 0 
20 -22 0.548806 0 0.44912 0 
20.8 -22 0.562204 0 0.489788 0 
21.6 -22 0.574754 0 0.529768 0 
22.4 -22 0.586788 0 0.568548 0 
23.2 -22 0.598258 0 0.606224 0 
24 -22 0.609052 0 0.643104 0 
24.8 -22 0.619266 0 0.679056 0 
25.6 -22 0.629134 0 0.713664 0 
26.4 -22 0.63845 0 0.747448 0 
27.2 -22 0.647268 0 0.780416 0 
28 -22 0.655764 0 0.812184 0 
28.8 -22 0.663782 0 0.843272 0 
29.6 -22 0.671526 0 0.87322 0 
30.4 -22 0.678946 0 0.90224 0 
31.2 -22 0.686018 0 0.93048 0 
32 -22 0.692734 0 0.958088 0 
32.8 -22 0.699262 0 0.984568 0 
33.6 -22 0.705392 0 1.01076 0 
34.4 -22 0.711496 0 1.035368 0 
35.2 -22 0.717312 0 1.059428 0 
36 -22 0.722752 0 1.083416 0 
36.8 -22 0.728088 0 1.106312 0 
37.6 -22 0.733182 0 1.128736 0 
38.4 -22 0.738182 0 1.150124 0 
39.2 -22 0.742958 0 1.171104 0 
40 -22 0.747544 0 1.191604 0 
2.4 -20 0.00628908 0 -0.01468696 0 
2.6 -20 0.0094918 0 -0.02048108 0 
2.8 -20 0.013482 0 -0.02702328 0 
3 -20 0.01823678 0 -0.0341836 0 
3.2 -20 0.0238054 0 -0.04176 0 
3.4 -20 0.030035 0 -0.0494524 0 
3.6 -20 0.0368854 0 -0.0573356 0 
3.8 -20 0.0446966 0 -0.0653748 0 
4 -20 0.0527916 0 -0.0729336 0 
4.2 -20 0.061643 0 -0.0805432 0 
4.4 -20 0.0708548 0 -0.0876648 0 
4.6 -20 0.0802252 0 -0.0939904 0 
4.8 -20 0.0902936 0 -0.1001968 0 
5 -20 0.10029 0 -0.1053656 0 
5.2 -20 0.110372 0 -0.1099424 0 
5.4 -20 0.1206566 0 -0.1138872 0 
5.6 -20 0.1309854 0 -0.11711 0 
5.8 -20 0.1412354 0 -0.1194788 0 
6 -20 0.1515824 0 -0.1212784 0 
6.2 -20 0.1618238 0 -0.12228 0 
6.4 -20 0.1722692 0 -0.1228484 0 
6.6 -20 0.1822554 0 -0.1223648 0 
6.8 -20 0.1923054 0 -0.1213472 0 
7 -20 0.202198 0 -0.1196008 0 
7.2 -20 0.212544 0 -0.1176904 0 
7.4 -20 0.222272 0 -0.114742 0 
7.6 -20 0.231834 0 -0.1112488 0 
7.8 -20 0.241288 0 -0.1072044 0 
8 -20 0.250402 0 -0.1024816 0 
8.2 -20 0.259104 0 -0.0971504 0 
8.4 -20 0.26812 0 -0.0915396 0 
8.6 -20 0.277164 0 -0.0855036 0 
8.8 -20 0.285976 0 -0.0790608 0 
9 -20 0.294502 0 -0.0721048 0 
9.2 -20 0.302816 0 -0.0646576 0 
9.4 -20 0.310712 0 -0.0566756 0 
9.6 -20 0.318942 0 -0.0486536 0 
9.8 -20 0.326748 0 -0.0400468 0 
10 -20 0.33435 0 -0.03113132 0 
10.2 -20 0.341908 0 -0.02197872 0 
10.4 -20 0.349364 0 -0.012618 0 
10.6 -20 0.356488 0 -0.002824556 0 
10.8 -20 0.363828 0 0.00692984 0 
11 -20 0.370654 0 0.01720356 0 
11.2 -20 0.377698 0 0.02742244 0 
11.4 -20 0.384546 0 0.0379234 0 
11.6 -20 0.391232 0 0.0486172 0 
11.8 -20 0.397606 0 0.0595852 0 
12 -20 0.403854 0 0.0706764 0 
12.4 -20 0.416292 0 0.0930688 0 
12.8 -20 0.428118 0 0.1159948 0 
13.2 -20 0.43989 0 0.1389704 0 
13.6 -20 0.450792 0 0.1625568 0 
14 -20 0.461456 0 0.1862044 0 
14.4 -20 0.472032 0 0.2097184 0 
14.8 -20 0.482044 0 0.2334916 0 
15.2 -20 0.491608 0 0.2573748 0 
15.6 -20 0.500928 0 0.2810968 0 
16 -20 0.509682 0 0.305052 0 
16.8 -20 0.52664 0 0.3522756 0 
17.6 -20 0.542858 0 0.3983784 0 
18.4 -20 0.558062 0 0.443628 0 
19.2 -20 0.572128 0 0.488236 0 
20 -20 0.585358 0 0.531712 0 
20.8 -20 0.597944 0 0.573856 0 
21.6 -20 0.609852 0 0.614772 0 
22.4 -20 0.62096 0 0.654816 0 
23.2 -20 0.63152 0 0.69356 0 
24 -20 0.641582 0 0.730968 0 
24.8 -20 0.651298 0 0.766788 0 
25.6 -20 0.660374 0 0.801836 0 
26.4 -20 0.668992 0 0.835784 0 
27.2 -20 0.677198 0 0.868624 0 
28 -20 0.685022 0 0.900404 0 
28.8 -20 0.692496 0 0.93112 0 
29.6 -20 0.699592 0 0.960984 0 
30.4 -20 0.706432 0 0.989684 0 
31.2 -20 0.713052 0 1.017164 0 
32 -20 0.719262 0 1.044252 0 
32.8 -20 0.725314 0 1.07008 0 
33.6 -20 0.731018 0 1.095508 0 
34.4 -20 0.736482 0 1.120196 0 
35.2 -20 0.74183 0 1.143668 0 
36 -20 0.746992 0 1.166304 0 
36.8 -20 0.751832 0 1.188864 0 
37.6 -20 0.75652 0 1.210624 0 
38.4 -20 0.761096 0 1.231404 0 
39.2 -20 0.765494 0 1.251644 0 
40 -20 0.769716 0 1.271392 0 
2 -18 0.00596722 0 -0.01596984 0 
2.2 -18 0.0096308 0 -0.02400056 0 
2.4 -18 0.0142945 0 -0.0325886 0 
2.6 -18 0.0201076 0 -0.0425388 0 
2.8 -18 0.026937 0 -0.0530532 0 
3 -18 0.0343452 0 -0.063108 0 
3.2 -18 0.0431756 0 -0.0743364 0 
3.4 -18 0.0524652 0 -0.0845132 0 
3.6 -18 0.0622746 0 -0.0941104 0 
3.8 -18 0.0729684 0 -0.103556 0 
4 -18 0.084063 0 -0.1125184 0 
4.2 -18 0.0953378 0 -0.1200188 0 
4.4 -18 0.1069186 0 -0.1270684 0 
4.6 -18 0.118537 0 -0.1327284 0 
4.8 -18 0.1302164 0 -0.1376352 0 
5 -18 0.1419704 0 -0.1415084 0 
5.2 -18 0.1540918 0 -0.1448856 0 
5.4 -18 0.1654658 0 -0.146486 0 
5.6 -18 0.1769668 0 -0.147544 0 
5.8 -18 0.1886924 0 -0.147914 0 
6 -18 0.1999694 0 -0.1472212 0 
6.2 -18 0.211298 0 -0.1458056 0 
6.4 -18 0.221842 0 -0.1430744 0 
6.6 -18 0.232948 0 -0.14022 0 
6.8 -18 0.243786 0 -0.1364272 0 
7 -18 0.254338 0 -0.1319964 0 
7.2 -18 0.264522 0 -0.1266416 0 
7.4 -18 0.274526 0 -0.1207176 0 
7.6 -18 0.28413 0 -0.1139744 0 
7.8 -18 0.293772 0 -0.1069512 0 
8 -18 0.303082 0 -0.099268 0 
8.2 -18 0.312108 0 -0.0909616 0 
8.4 -18 0.321008 0 -0.0823092 0 
8.6 -18 0.330084 0 -0.0734284 0 
8.8 -18 0.338532 0 -0.0638852 0 
9 -18 0.34693 0 -0.0539508 0 
9.2 -18 0.35499 0 -0.0434972 0 
9.4 -18 0.363204 0 -0.03306252 0 
9.6 -18 0.371116 0 -0.02221376 0 
9.8 -18 0.378752 0 -0.01100248 0 
10 -18 0.386346 0 0.00039413 0 
10.2 -18 0.393702 0 0.01208016 0 
10.4 -18 0.400842 0 0.02403064 0 
10.6 -18 0.40788 0 0.03611792 0 
10.8 -18 0.414644 0 0.04848 0 
11 -18 0.421236 0 0.0610064 0 
11.2 -18 0.427978 0 0.0735036 0 
11.4 -18 0.43458 0 0.0860912 0 
11.6 -18 0.440782 0 0.0990332 0 
11.8 -18 0.447076 0 0.1118532 0 
12 -18 0.452994 0 0.1249612 0 
12.4 -18 0.464958 0 0.1510156 0 
12.8 -18 0.47621 0 0.1774492 0 
13.2 -18 0.486874 0 0.2041172 0 
13.6 -18 0.49752 0 0.2304632 0 
14 -18 0.507668 0 0.2568512 0 
14.4 -18 0.517442 0 0.2831764 0 
14.8 -18 0.52698 0 0.3091444 0 
15.2 -18 0.535988 0 0.3352232 0 
15.6 -18 0.5446 0 0.3611456 0 
16 -18 0.552828 0 0.38697 0 
16.8 -18 0.568812 0 0.437236 0 
17.6 -18 0.5839 0 0.486032 0 
18.4 -18 0.597728 0 0.53396 0 
19.2 -18 0.61095 0 0.580036 0 
20 -18 0.623352 0 0.624648 0 
20.8 -18 0.634916 0 0.66802 0 
21.6 -18 0.645838 0 0.709876 0 
22.4 -18 0.656196 0 0.750164 0 
23.2 -18 0.66592 0 0.78922 0 
24 -18 0.675078 0 0.827036 0 
24.8 -18 0.683872 0 0.863196 0 
25.6 -18 0.692254 0 0.897948 0 
26.4 -18 0.70023 0 0.931372 0 
27.2 -18 0.70771 0 0.964004 0 
28 -18 0.714878 0 0.995296 0 
28.8 -18 0.721742 0 1.025372 0 
29.6 -18 0.728242 0 1.0546 0 
30.4 -18 0.734456 0 1.082796 0 
31.2 -18 0.740438 0 1.109836 0 
32 -18 0.746174 0 1.135896 0 
32.8 -18 0.751704 0 1.160888 0 
33.6 -18 0.756862 0 1.185772 0 
34.4 -18 0.761924 0 1.20924 0 
35.2 -18 0.76667 0 1.232568 0 
36 -18 0.771366 0 1.254376 0 
36.8 -18 0.775872 0 1.275524 0 
37.6 -18 0.780124 0 1.296516 0 
38.4 -18 0.78425 0 1.316684 0 
39.2 -18 0.788226 0 1.336216 0 
40 -18 0.792088 0 1.354956 0 
1.6 -16 0.00582238 0 -0.018464 0 
1.8 -16 0.01035182 0 -0.02978528 0 
2 -16 0.01606016 0 -0.0424192 0 
2.2 -16 0.0230978 0 -0.056012 0 
2.4 -16 0.031799 0 -0.0708768 0 
2.6 -16 0.041669 0 -0.0858556 0 
2.8 -16 0.052448 0 -0.1004152 0 
3 -16 0.0640968 0 -0.1141052 0 
3.2 -16 0.0766058 0 -0.1270632 0 
3.4 -16 0.0898092 0 -0.139034 0 
3.6 -16 0.1031266 0 -0.1491004 0 
3.8 -16 0.11652 0 -0.1579556 0 
4 -16 0.1302208 0 -0.1654592 0 
4.2 -16 0.143778 0 -0.1712836 0 
4.4 -16 0.157369 0 -0.1758276 0 
4.6 -16 0.1713564 0 -0.179694 0 
4.8 -16 0.1846664 0 -0.181768 0 
5 -16 0.1980734 0 -0.1825884 0 
5.2 -16 0.211202 0 -0.1825552 0 
5.4 -16 0.223802 0 -0.1809776 0 
5.6 -16 0.236092 0 -0.178354 0 
5.8 -16 0.24802 0 -0.1745484 0 
6 -16 0.25959 0 -0.169676 0 
6.2 -16 0.271284 0 -0.1643992 0 
6.4 -16 0.28285 0 -0.1582856 0 
6.6 -16 0.29375 0 -0.151042 0 
6.8 -16 0.304584 0 -0.1432372 0 
7 -16 0.31462 0 -0.134468 0 
7.2 -16 0.324494 0 -0.12505 0 
7.4 -16 0.33427 0 -0.1151784 0 
7.6 -16 0.344178 0 -0.1050372 0 
7.8 -16 0.353312 0 -0.0940552 0 
8 -16 0.362372 0 -0.0826888 0 
8.2 -16 0.371104 0 -0.0707116 0 
8.4 -16 0.380026 0 -0.0587672 0 
8.6 -16 0.388458 0 -0.0462392 0 
8.8 -16 0.39648 0 -0.0331566 0 
9 -16 0.404774 0 -0.02015468 0 
9.2 -16 0.412644 0 -0.00672884 0 
9.4 -16 0.420358 0 0.0068934 0 
9.6 -16 0.428038 0 0.02060896 0 
9.8 -16 0.435268 0 0.03474408 0 
10 -16 0.44227 0 0.049076 0 
10.2 -16 0.449322 0 0.06339 0 
10.4 -16 0.456008 0 0.0779972 0 
10.6 -16 0.462482 0 0.0927824 0 
10.8 -16 0.469218 0 0.1073256 0 
11 -16 0.47551 0 0.1221596 0 
11.2 -16 0.481542 0 0.1371268 0 
11.4 -16 0.487702 0 0.1519676 0 
11.6 -16 0.493568 0 0.1669532 0 
11.8 -16 0.499364 0 0.1819268 0 
12 -16 0.505078 0 0.1968104 0 
12.4 -16 0.516262 0 0.2264284 0 
12.8 -16 0.526702 0 0.256308 0 
13.2 -16 0.536934 0 0.2856752 0 
13.6 -16 0.54667 0 0.3150336 0 
14 -16 0.5562 0 0.3437832 0 
14.4 -16 0.565122 0 0.37256 0 
14.8 -16 0.573708 0 0.400968 0 
15.2 -16 0.582164 0 0.428732 0 
15.6 -16 0.590156 0 0.45632 0 
16 -16 0.597822 0 0.483536 0 
16.8 -16 0.612404 0 0.536616 0 
17.6 -16 0.626156 0 0.587568 0 
18.4 -16 0.638968 0 0.636732 0 
19.2 -16 0.650872 0 0.684316 0 
20 -16 0.662188 0 0.7297 0 
20.8 -16 0.672774 0 0.773432 0 
21.6 -16 0.682714 0 0.815536 0 
22.4 -16 0.692114 0 0.85584 0 
23.2 -16 0.700956 0 0.894676 0 
24 -16 0.709344 0 0.931876 0 
24.8 -16 0.717192 0 0.967976 0 
25.6 -16 0.724746 0 1.002272 0 
26.4 -16 0.73197 0 1.03496 0 
27.2 -16 0.73881 0 1.066496 0 
28 -16 0.74524 0 1.097172 0 
28.8 -16 0.751428 0 1.126396 0 
29.6 -16 0.757236 0 1.155004 0 
30.4 -16 0.76289 0 1.181988 0 
31.2 -16 0.768268 0 1.2081 0 
32 -16 0.773412 0 1.233272 0 
32.8 -16 0.778422 0 1.257028 0 
33.6 -16 0.783104 0 1.280668 0 
34.4 -16 0.787594 0 1.303476 0 
35.2 -16 0.791828 0 1.326016 0 
36 -16 0.796038 0 1.346844 0 
36.8 -16 0.800136 0 1.3666 0 
37.6 -16 0.803958 0 1.386544 0 
38.4 -16 0.80767 0 1.405608 0 
39.2 -16 0.811204 0 1.424404 0 
40 -16 0.814664 0 1.442164 0 
1.2 -14 0.0065931 0 -0.02510156 0 
1.4 -14 0.0118305 0 -0.04057 0 
1.6 -14 0.0197227 0 -0.061358 0 
1.8 -14 0.0296382 0 -0.083026 0 
2 -14 0.0411078 0 -0.1053224 0 
2.2 -14 0.0540564 0 -0.1265564 0 
2.4 -14 0.0684864 0 -0.1469288 0 
2.6 -14 0.0834006 0 -0.1645372 0 
2.8 -14 0.0995022 0 -0.1813448 0 
3 -14 0.115119 0 -0.1941296 0 
3.2 -14 0.1316362 0 -0.2059588 0 
3.4 -14 0.147992 0 -0.2153976 0 
3.6 -14 0.1643424 0 -0.2224096 0 
3.8 -14 0.1804968 0 -0.2277256 0 
4 -14 0.196055 0 -0.2302724 0 
4.2 -14 0.21165 0 -0.232154 0 
4.4 -14 0.226336 0 -0.2312716 0 
4.6 -14 0.240824 0 -0.2295204 0 
4.8 -14 0.255376 0 -0.2266412 0 
5 -14 0.26825 0 -0.2210656 0 
5.2 -14 0.28189 0 -0.2157416 0 
5.4 -14 0.294596 0 -0.2085656 0 
5.6 -14 0.306832 0 -0.2004956 0 
5.8 -14 0.319174 0 -0.1916784 0 
6 -14 0.330914 0 -0.1817664 0 
6.2 -14 0.342244 0 -0.1711664 0 
6.4 -14 0.35309 0 -0.1596088 0 
6.6 -14 0.363606 0 -0.1474188 0 
6.8 -14 0.373842 0 -0.1345976 0 
7 -14 0.383816 0 -0.1213852 0 
7.2 -14 0.39329 0 -0.1072644 0 
7.4 -14 0.402828 0 -0.093052 0 
7.6 -14 0.411804 0 -0.0781396 0 
7.8 -14 0.420688 0 -0.063064 0 
8 -14 0.429032 0 -0.0474092 0 
8.2 -14 0.437502 0 -0.03172924 0 
8.4 -14 0.445596 0 -0.01557632 0 
8.6 -14 0.453468 0 0.000652356 0 
8.8 -14 0.461148 0 0.01714892 0 
9 -14 0.468656 0 0.03374664 0 
9.2 -14 0.475874 0 0.050598 0 
9.4 -14 0.482878 0 0.0675788 0 
9.6 -14 0.489864 0 0.0844664 0 
9.8 -14 0.496716 0 0.1014732 0 
10 -14 0.503054 0 0.1187892 0 
10.2 -14 0.509496 0 0.135888 0 
10.4 -14 0.515768 0 0.1529504 0 
10.6 -14 0.521814 0 0.1701396 0 
10.8 -14 0.527882 0 0.18706 0 
11 -14 0.533584 0 0.2042716 0 
11.2 -14 0.539292 0 0.2212648 0 
11.4 -14 0.54475 0 0.2383124 0 
11.6 -14 0.549972 0 0.2553868 0 
11.8 -14 0.555336 0 0.2721096 0 
12 -14 0.560496 0 0.2888204 0 
12.4 -14 0.570504 0 0.3219804 0 
12.8 -14 0.580264 0 0.3544416 0 
13.2 -14 0.589304 0 0.38685 0 
13.6 -14 0.598222 0 0.418404 0 
14 -14 0.606764 0 0.449404 0 
14.4 -14 0.614796 0 0.480168 0 
14.8 -14 0.622616 0 0.510116 0 
15.2 -14 0.63011 0 0.539584 0 
15.6 -14 0.63751 0 0.568016 0 
16 -14 0.644426 0 0.596372 0 
16.8 -14 0.657432 0 0.651516 0 
17.6 -14 0.669892 0 0.703364 0 
18.4 -14 0.681324 0 0.75344 0 
19.2 -14 0.692066 0 0.80118 0 
20 -14 0.702138 0 0.846772 0 
20.8 -14 0.711542 0 0.890504 0 
21.6 -14 0.720456 0 0.932032 0 
22.4 -14 0.728836 0 0.971804 0 
23.2 -14 0.736736 0 1.009808 0 
24 -14 0.744166 0 1.04632 0 
24.8 -14 0.751196 0 1.08128 0 
25.6 -14 0.757866 0 1.114732 0 
26.4 -14 0.764236 0 1.146544 0 
27.2 -14 0.770324 0 1.17684 0 
28 -14 0.776034 0 1.206324 0 
28.8 -14 0.781522 0 1.23432 0 
29.6 -14 0.786712 0 1.261452 0 
30.4 -14 0.79169 0 1.28736 0 
31.2 -14 0.796426 0 1.312404 0 
32 -14 0.800972 0 1.336344 0 
32.8 -14 0.805372 0 1.359036 0 
33.6 -14 0.809594 0 1.380816 0 
34.4 -14 0.813572 0 1.402308 0 
35.2 -14 0.81736 0 1.423292 0 
36 -14 0.82102 0 1.443336 0 
36.8 -14 0.82458 0 1.46234 0 
37.6 -14 0.828022 0 1.480504 0 
38.4 -14 0.831234 0 1.498976 0 
39.2 -14 0.834388 0 1.516264 0 
40 -14 0.837422 0 1.533064 0 
0.7 -12 0.00665328 0 -0.03162 0 
0.8 -12 0.0100877 0 -0.046052 0 
0.9 -12 0.01366734 0 -0.0589172 0 
1 -12 0.0188193 0 -0.0766172 0 
1.2 -12 0.030471 0 -0.1114288 0 
1.4 -12 0.0447296 0 -0.145782 0 
1.6 -12 0.060604 0 -0.1777008 0 
1.8 -12 0.0790068 0 -0.2088204 0 
2 -12 0.0976818 0 -0.2335264 0 
2.2 -12 0.1176084 0 -0.2557396 0 
2.4 -12 0.1376646 0 -0.2736132 0 
2.6 -12 0.1576944 0 -0.2870676 0 
2.8 -12 0.1774896 0 -0.296674 0 
3 -12 0.1966336 0 -0.3023736 0 
3.2 -12 0.21541 0 -0.306636 0 
3.4 -12 0.233746 0 -0.3073264 0 
3.6 -12 0.250854 0 -0.3054752 0 
3.8 -12 0.267532 0 -0.3021668 0 
4 -12 0.283776 0 -0.2969892 0 
4.2 -12 0.29916 0 -0.2897408 0 
4.4 -12 0.313926 0 -0.2811904 0 
4.6 -12 0.328076 0 -0.271174 0 
4.8 -12 0.342072 0 -0.260544 0 
5 -12 0.354696 0 -0.2476748 0 
5.2 -12 0.36714 0 -0.2345176 0 
5.4 -12 0.379264 0 -0.2205348 0 
5.6 -12 0.391354 0 -0.2058824 0 
5.8 -12 0.402164 0 -0.1898192 0 
6 -12 0.413154 0 -0.1735408 0 
6.2 -12 0.423348 0 -0.1565252 0 
6.4 -12 0.433474 0 -0.1390008 0 
6.6 -12 0.442722 0 -0.1206248 0 
6.8 -12 0.452104 0 -0.10223 0 
7 -12 0.461054 0 -0.0833456 0 
7.2 -12 0.469848 0 -0.0643184 0 
7.4 -12 0.478204 0 -0.0448684 0 
7.6 -12 0.486326 0 -0.02516476 0 
7.8 -12 0.494276 0 -0.00541136 0 
8 -12 0.501968 0 0.01441332 0 
8.2 -12 0.50952 0 0.03437384 0 
8.4 -12 0.516516 0 0.0546052 0 
8.6 -12 0.523648 0 0.074616 0 
8.8 -12 0.530566 0 0.0946904 0 
9 -12 0.537138 0 0.1149532 0 
9.2 -12 0.543474 0 0.1351148 0 
9.4 -12 0.54978 0 0.1551576 0 
9.6 -12 0.555792 0 0.1752456 0 
9.8 -12 0.56175 0 0.1950952 0 
10 -12 0.567596 0 0.214936 0 
10.2 -12 0.573382 0 0.2343772 0 
10.4 -12 0.578684 0 0.2541948 0 
10.6 -12 0.58422 0 0.2734224 0 
10.8 -12 0.589684 0 0.2924028 0 
11 -12 0.594752 0 0.3115624 0 
11.2 -12 0.599896 0 0.3302656 0 
11.4 -12 0.604622 0 0.3493008 0 
11.6 -12 0.609326 0 0.3679804 0 
11.8 -12 0.614122 0 0.3861728 0 
12 -12 0.618604 0 0.404524 0 
12.4 -12 0.627294 0 0.440628 0 
12.8 -12 0.635794 0 0.475644 0 
13.2 -12 0.643756 0 0.510224 0 
13.6 -12 0.651496 0 0.543776 0 
14 -12 0.659034 0 0.576248 0 
14.4 -12 0.666368 0 0.607648 0 
14.8 -12 0.673244 0 0.638716 0 
15.2 -12 0.679766 0 0.669252 0 
15.6 -12 0.686202 0 0.69854 0 
16 -12 0.692348 0 0.727216 0 
16.8 -12 0.703816 0 0.782912 0 
17.6 -12 0.714752 0 0.834836 0 
18.4 -12 0.724818 0 0.884548 0 
19.2 -12 0.73415 0 0.932012 0 
20 -12 0.742966 0 0.976768 0 
20.8 -12 0.751206 0 1.019412 0 
21.6 -12 0.75895 0 1.05994 0 
22.4 -12 0.76624 0 1.098508 0 
23.2 -12 0.773102 0 1.135252 0 
24 -12 0.779628 0 1.17002 0 
24.8 -12 0.785688 0 1.203832 0 
25.6 -12 0.791536 0 1.235424 0 
26.4 -12 0.797028 0 1.26594 0 
27.2 -12 0.802248 0 1.295088 0 
28 -12 0.807284 0 1.32242 0 
28.8 -12 0.812016 0 1.34902 0 
29.6 -12 0.81657 0 1.374132 0 
30.4 -12 0.820804 0 1.399088 0 
31.2 -12 0.824962 0 1.422104 0 
32 -12 0.828882 0 1.444632 0 
32.8 -12 0.83266 0 1.466044 0 
33.6 -12 0.8363 0 1.486408 0 
34.4 -12 0.839748 0 1.506364 0 
35.2 -12 0.843014 0 1.526 0 
36 -12 0.846164 0 1.54478 0 
36.8 -12 0.849254 0 1.5622 0 
37.6 -12 0.852224 0 1.579016 0 
38.4 -12 0.855034 0 1.595744 0 
39.2 -12 0.857726 0 1.612076 0 
40 -12 0.860338 0 1.627644 0 
0.4 -11 0.00937704 0 -0.0493924 0 
0.5 -11 0.01344204 0 -0.0673736 0 
0.6 -11 0.01753584 0 -0.0852264 0 
0.7 -11 0.0225848 0 -0.1048132 0 
0.8 -11 0.0289004 0 -0.1265868 0 
0.9 -11 0.0359046 0 -0.1488252 0 
1 -11 0.0434964 0 -0.1709072 0 
1.2 -11 0.0602506 0 -0.2104648 0 
1.4 -11 0.0800508 0 -0.2496524 0 
1.6 -11 0.1005674 0 -0.280946 0 
1.8 -11 0.1223746 0 -0.3081212 0 
2 -11 0.1445618 0 -0.3276992 0 
2.2 -11 0.1665312 0 -0.3427404 0 
2.4 -11 0.1888758 0 -0.353928 0 
2.6 -11 0.209732 0 -0.3599112 0 
2.8 -11 0.2302 0 -0.3622916 0 
3 -11 0.250392 0 -0.3618616 0 
3.2 -11 0.269128 0 -0.3583892 0 
3.4 -11 0.287228 0 -0.3532696 0 
3.6 -11 0.304228 0 -0.3455156 0 
3.8 -11 0.320348 0 -0.3358264 0 
4 -11 0.336068 0 -0.3251864 0 
4.2 -11 0.350308 0 -0.312326 0 
4.4 -11 0.36457 0 -0.2990116 0 
4.6 -11 0.377968 0 -0.2839084 0 
4.8 -11 0.391028 0 -0.2684692 0 
5 -11 0.403352 0 -0.2517832 0 
5.2 -11 0.414558 0 -0.2335884 0 
5.4 -11 0.426458 0 -0.2161836 0 
5.6 -11 0.437328 0 -0.1973188 0 
5.8 -11 0.44747 0 -0.1775396 0 
6 -11 0.456984 0 -0.1570976 0 
6.2 -11 0.466822 0 -0.1369624 0 
6.4 -11 0.476148 0 -0.1159876 0 
6.6 -11 0.485234 0 -0.0949436 0 
6.8 -11 0.493786 0 -0.0733532 0 
7 -11 0.502068 0 -0.0516792 0 
7.2 -11 0.510234 0 -0.029969 0 
7.4 -11 0.518058 0 -0.00805516 0 
7.6 -11 0.52543 0 0.01414184 0 
7.8 -11 0.532666 0 0.03639116 0 
8 -11 0.539928 0 0.0581884 0 
8.2 -11 0.546684 0 0.0804508 0 
8.4 -11 0.553714 0 0.1022804 0 
8.6 -11 0.560168 0 0.1242956 0 
8.8 -11 0.56627 0 0.1463468 0 
9 -11 0.572426 0 0.168162 0 
9.2 -11 0.578638 0 0.1895604 0 
9.4 -11 0.584652 0 0.2108148 0 
9.6 -11 0.590276 0 0.2322096 0 
9.8 -11 0.595776 0 0.2533768 0 
10 -11 0.600996 0 0.27456 0 
10.2 -11 0.606604 0 0.2948552 0 
10.4 -11 0.61153 0 0.3157412 0 
10.6 -11 0.616548 0 0.3360996 0 
10.8 -11 0.621426 0 0.3562748 0 
11 -11 0.62607 0 0.37639 0 
11.2 -11 0.630814 0 0.395956 0 
11.4 -11 0.635384 0 0.415452 0 
11.6 -11 0.63992 0 0.434548 0 
11.8 -11 0.644154 0 0.453736 0 
12 -11 0.648688 0 0.47194 0 
12.4 -11 0.656644 0 0.509324 0 
12.8 -11 0.664406 0 0.5454 0 
13.2 -11 0.672026 0 0.580192 0 
13.6 -11 0.679124 0 0.614484 0 
14 -11 0.685862 0 0.648092 0 
14.4 -11 0.692576 0 0.680108 0 
14.8 -11 0.699038 0 0.711152 0 
15.2 -11 0.70525 0 0.741332 0 
15.6 -11 0.711148 0 0.77092 0 
16 -11 0.716914 0 0.79936 0 
16.8 -11 0.727584 0 0.854688 0 
17.6 -11 0.737618 0 0.906544 0 
18.4 -11 0.746854 0 0.956084 0 
19.2 -11 0.755536 0 1.002704 0 
20 -11 0.763688 0 1.04672 0 
20.8 -11 0.771332 0 1.088388 0 
21.6 -11 0.778452 0 1.128256 0 
22.4 -11 0.785198 0 1.16584 0 
23.2 -11 0.791554 0 1.201532 0 
24 -11 0.797528 0 1.235648 0 
24.8 -11 0.803164 0 1.268208 0 
25.6 -11 0.808512 0 1.299148 0 
26.4 -11 0.813558 0 1.328864 0 
27.2 -11 0.818396 0 1.356844 0 
28 -11 0.82303 0 1.383284 0 
28.8 -11 0.827404 0 1.408824 0 
29.6 -11 0.83154 0 1.433536 0 
30.4 -11 0.835502 0 1.457036 0 
31.2 -11 0.839328 0 1.479152 0 
32 -11 0.842908 0 1.50112 0 
32.8 -11 0.846392 0 1.521604 0 
33.6 -11 0.849712 0 1.541432 0 
34.4 -11 0.852894 0 1.560464 0 
35.2 -11 0.85592 0 1.579088 0 
36 -11 0.8588 0 1.597292 0 
36.8 -11 0.86167 0 1.613608 0 
37.6 -11 0.864374 0 1.629988 0 
38.4 -11 0.866966 0 1.645912 0 
39.2 -11 0.869448 0 1.661464 0 
40 -11 0.871848 0 1.676344 0 
0.4 -10 0.0419994 0 -0.2078384 0 
0.5 -10 0.0473998 0 -0.2263564 0 
0.6 -10 0.0529908 0 -0.2441392 0 
0.7 -10 0.0608866 0 -0.2652556 0 
0.8 -10 0.069272 0 -0.2839556 0 
0.9 -10 0.078383 0 -0.3052532 0 
1 -10 0.0884594 0 -0.3249644 0 
1.2 -10 0.1101824 0 -0.3588692 0 
1.4 -10 0.1330736 0 -0.3868912 0 
1.6 -10 0.1575048 0 -0.409652 0 
1.8 -10 0.1812248 0 -0.423352 0 
2 -10 0.205592 0 -0.433264 0 
2.2 -10 0.229374 0 -0.438132 0 
2.4 -10 0.251314 0 -0.437432 0 
2.6 -10 0.272848 0 -0.433456 0 
2.8 -10 0.293174 0 -0.42662 0 
3 -10 0.312434 0 -0.417676 0 
3.2 -10 0.330336 0 -0.406548 0 
3.4 -10 0.347688 0 -0.3937616 0 
3.6 -10 0.363296 0 -0.378388 0 
3.8 -10 0.378334 0 -0.3625596 0 
4 -10 0.392546 0 -0.345256 0 
4.2 -10 0.406098 0 -0.3270876 0 
4.4 -10 0.41915 0 -0.3079304 0 
4.6 -10 0.43196 0 -0.2882572 0 
4.8 -10 0.44314 0 -0.2674408 0 
5 -10 0.454424 0 -0.2459468 0 
5.2 -10 0.464948 0 -0.2237624 0 
5.4 -10 0.475418 0 -0.201458 0 
5.6 -10 0.485276 0 -0.1785436 0 
5.8 -10 0.49467 0 -0.1550856 0 
6 -10 0.503528 0 -0.131184 0 
6.2 -10 0.512292 0 -0.1072956 0 
6.4 -10 0.520852 0 -0.0830516 0 
6.6 -10 0.5289 0 -0.0586888 0 
6.8 -10 0.536882 0 -0.03441956 0 
7 -10 0.544266 0 -0.00975368 0 
7.2 -10 0.551732 0 0.0146738 0 
7.4 -10 0.559118 0 0.03884112 0 
7.6 -10 0.565988 0 0.0632424 0 
7.8 -10 0.572772 0 0.0875352 0 
8 -10 0.579282 0 0.111548 0 
8.2 -10 0.585526 0 0.1357212 0 
8.4 -10 0.591658 0 0.1595412 0 
8.6 -10 0.597666 0 0.1832036 0 
8.8 -10 0.603502 0 0.2066464 0 
9 -10 0.60911 0 0.2299972 0 
9.2 -10 0.61457 0 0.25304 0 
9.4 -10 0.619768 0 0.2761032 0 
9.6 -10 0.625004 0 0.2987 0 
9.8 -10 0.630324 0 0.320608 0 
10 -10 0.635286 0 0.342634 0 
10.2 -10 0.640326 0 0.3640464 0 
10.4 -10 0.644842 0 0.3858132 0 
10.6 -10 0.649556 0 0.406804 0 
10.8 -10 0.65404 0 0.427752 0 
11 -10 0.658506 0 0.448276 0 
11.2 -10 0.662682 0 0.468732 0 
11.4 -10 0.666902 0 0.488716 0 
11.6 -10 0.670828 0 0.508868 0 
11.8 -10 0.674956 0 0.528152 0 
12 -10 0.678852 0 0.547356 0 
12.4 -10 0.686418 0 0.584888 0 
12.8 -10 0.693566 0 0.621572 0 
13.2 -10 0.70038 0 0.657276 0 
13.6 -10 0.707048 0 0.691512 0 
14 -10 0.713204 0 0.725504 0 
14.4 -10 0.7194 0 0.757492 0 
14.8 -10 0.725288 0 0.788768 0 
15.2 -10 0.73092 0 0.819092 0 
15.6 -10 0.736454 0 0.848088 0 
16 -10 0.741658 0 0.876696 0 
16.8 -10 0.751454 0 0.931536 0 
17.6 -10 0.76068 0 0.982636 0 
18.4 -10 0.769232 0 1.030944 0 
19.2 -10 0.777132 0 1.07696 0 
20 -10 0.784544 0 1.120296 0 
20.8 -10 0.791534 0 1.161032 0 
21.6 -10 0.798032 0 1.2 0 
22.4 -10 0.804268 0 1.236076 0 
23.2 -10 0.810078 0 1.27072 0 
24 -10 0.815552 0 1.30368 0 
24.8 -10 0.820722 0 1.335024 0 
25.6 -10 0.825588 0 1.365064 0 
26.4 -10 0.830232 0 1.393436 0 
27.2 -10 0.83463 0 1.42054 0 
28 -10 0.838866 0 1.445872 0 
28.8 -10 0.842846 0 1.470532 0 
29.6 -10 0.846626 0 1.494232 0 
30.4 -10 0.85027 0 1.51646 0 
31.2 -10 0.853698 0 1.538288 0 
32 -10 0.857002 0 1.558916 0 
32.8 -10 0.860182 0 1.578464 0 
33.6 -10 0.86322 0 1.597272 0 
34.4 -10 0.866114 0 1.615548 0 
35.2 -10 0.868902 0 1.632956 0 
36 -10 0.871538 0 1.6502 0 
36.8 -10 0.87409 0 1.666568 0 
37.6 -10 0.876574 0 1.6819 0 
38.4 -10 0.878978 0 1.696432 0 
39.2 -10 0.881214 0 1.71162 0 
40 -10 0.8834 0 1.725828 0 
0.4 -9 0.1029834 0 -0.460088 0 
0.5 -9 0.1094386 0 -0.470464 0 
0.6 -9 0.1171226 0 -0.481344 0 
0.7 -9 0.125422 0 -0.491528 0 
0.8 -9 0.1366504 0 -0.506984 0 
0.9 -9 0.1467016 0 -0.515788 0 
1 -9 0.1587794 0 -0.526892 0 
1.2 -9 0.1832882 0 -0.541012 0 
1.4 -9 0.20853 0 -0.550288 0 
1.6 -9 0.233686 0 -0.551432 0 
1.8 -9 0.258636 0 -0.549248 0 
2 -9 0.282618 0 -0.5414 0 
2.2 -9 0.304832 0 -0.53012 0 
2.4 -9 0.326706 0 -0.517008 0 
2.6 -9 0.34615 0 -0.501556 0 
2.8 -9 0.3646 0 -0.483372 0 
3 -9 0.382152 0 -0.46444 0 
3.2 -9 0.398256 0 -0.444388 0 
3.4 -9 0.413794 0 -0.423716 0 
3.6 -9 0.427702 0 -0.400732 0 
3.8 -9 0.44044 0 -0.3774164 0 
4 -9 0.453384 0 -0.3544656 0 
4.2 -9 0.464906 0 -0.3300964 0 
4.4 -9 0.476818 0 -0.305406 0 
4.6 -9 0.487698 0 -0.2799124 0 
4.8 -9 0.498198 0 -0.2543296 0 
5 -9 0.50776 0 -0.2278568 0 
5.2 -9 0.517332 0 -0.2015876 0 
5.4 -9 0.52632 0 -0.1743124 0 
5.6 -9 0.534864 0 -0.1470868 0 
5.8 -9 0.543212 0 -0.119936 0 
6 -9 0.551316 0 -0.0925132 0 
6.2 -9 0.55908 0 -0.0651244 0 
6.4 -9 0.56685 0 -0.03795632 0 
6.6 -9 0.574068 0 -0.01054696 0 
6.8 -9 0.580796 0 0.01694472 0 
7 -9 0.587984 0 0.0436172 0 
7.2 -9 0.594522 0 0.0706696 0 
7.4 -9 0.600724 0 0.097632 0 
7.6 -9 0.607198 0 0.1239828 0 
7.8 -9 0.613476 0 0.1500924 0 
8 -9 0.619272 0 0.1762252 0 
8.2 -9 0.625148 0 0.2018672 0 
8.4 -9 0.630382 0 0.227852 0 
8.6 -9 0.636022 0 0.252672 0 
8.8 -9 0.64143 0 0.2773128 0 
9 -9 0.64652 0 0.301914 0 
9.2 -9 0.65131 0 0.3265424 0 
9.4 -9 0.656214 0 0.3503064 0 
9.6 -9 0.660968 0 0.373938 0 
9.8 -9 0.665606 0 0.3971488 0 
10 -9 0.670118 0 0.41996 0 
10.2 -9 0.674434 0 0.44268 0 
10.4 -9 0.678668 0 0.464972 0 
10.6 -9 0.683028 0 0.486424 0 
10.8 -9 0.68722 0 0.507664 0 
11 -9 0.691226 0 0.528756 0 
11.2 -9 0.694994 0 0.549884 0 
11.4 -9 0.69889 0 0.570144 0 
11.6 -9 0.702574 0 0.59038 0 
11.8 -9 0.706206 0 0.61016 0 
12 -9 0.70975 0 0.629688 0 
12.4 -9 0.716472 0 0.668128 0 
12.8 -9 0.723184 0 0.704384 0 
13.2 -9 0.72927 0 0.74064 0 
13.6 -9 0.735368 0 0.774768 0 
14 -9 0.741036 0 0.808448 0 
14.4 -9 0.746518 0 0.8409 0 
14.8 -9 0.75183 0 0.872064 0 
15.2 -9 0.756878 0 0.9025 0 
15.6 -9 0.76194 0 0.930912 0 
16 -9 0.766724 0 0.958848 0 
16.8 -9 0.775602 0 1.01288 0 
17.6 -9 0.78394 0 1.06312 0 
18.4 -9 0.79176 0 1.109924 0 
19.2 -9 0.798854 0 1.155208 0 
20 -9 0.80565 0 1.196804 0 
20.8 -9 0.811954 0 1.236472 0 
21.6 -9 0.817844 0 1.274156 0 
22.4 -9 0.823484 0 1.308988 0 
23.2 -9 0.828744 0 1.342352 0 
24 -9 0.833692 0 1.374088 0 
24.8 -9 0.838386 0 1.404028 0 
25.6 -9 0.842784 0 1.432888 0 
26.4 -9 0.846968 0 1.460216 0 
27.2 -9 0.850962 0 1.485972 0 
28 -9 0.854728 0 1.510812 0 
28.8 -9 0.858394 0 1.53356 0 
29.6 -9 0.861784 0 1.55646 0 
30.4 -9 0.865066 0 1.577748 0 
31.2 -9 0.86815 0 1.598704 0 
32 -9 0.871174 0 1.617808 0 
32.8 -9 0.87401 0 1.636804 0 
33.6 -9 0.876768 0 1.654468 0 
34.4 -9 0.879404 0 1.671452 0 
35.2 -9 0.881888 0 1.688404 0 
36 -9 0.884274 0 1.704716 0 
36.8 -9 0.886586 0 1.72006 0 
37.6 -9 0.888804 0 1.73492 0 
38.4 -9 0.890966 0 1.748772 0 
39.2 -9 0.892998 0 1.76292 0 
40 -9 0.89498 0 1.776168 0 
0.4 -8 0.1913176 0 -0.7419 0 
0.5 -8 0.198591 0 -0.743312 0 
0.6 -8 0.207544 0 -0.743032 0 
0.7 -8 0.218752 0 -0.742488 0 
0.8 -8 0.230488 0 -0.742788 0 
0.9 -8 0.241486 0 -0.739548 0 
1 -8 0.254208 0 -0.736452 0 
1.2 -8 0.278434 0 -0.721824 0 
1.4 -8 0.303684 0 -0.703008 0 
1.6 -8 0.32758 0 -0.68362 0 
1.8 -8 0.351354 0 -0.66056 0 
2 -8 0.371762 0 -0.634308 0 
2.2 -8 0.392078 0 -0.607272 0 
2.4 -8 0.409366 0 -0.579088 0 
2.6 -8 0.42619 0 -0.550664 0 
2.8 -8 0.441574 0 -0.523016 0 
3 -8 0.456274 0 -0.49434 0 
3.2 -8 0.469982 0 -0.466576 0 
3.4 -8 0.482958 0 -0.437808 0 
3.6 -8 0.494402 0 -0.407808 0 
3.8 -8 0.505854 0 -0.3783376 0 
4 -8 0.516078 0 -0.3480452 0 
4.2 -8 0.525884 0 -0.3178308 0 
4.4 -8 0.536048 0 -0.287826 0 
4.6 -8 0.544954 0 -0.2567008 0 
4.8 -8 0.553942 0 -0.2261832 0 
5 -8 0.562394 0 -0.1950828 0 
5.2 -8 0.570342 0 -0.1638092 0 
5.4 -8 0.578176 0 -0.1326788 0 
5.6 -8 0.58573 0 -0.101592 0 
5.8 -8 0.593294 0 -0.0710048 0 
6 -8 0.600228 0 -0.0400288 0 
6.2 -8 0.607072 0 -0.00958772 0 
6.4 -8 0.613434 0 0.0213268 0 
6.6 -8 0.619984 0 0.0513592 0 
6.8 -8 0.62639 0 0.0808556 0 
7 -8 0.63241 0 0.110428 0 
7.2 -8 0.638104 0 0.1399228 0 
7.4 -8 0.643756 0 0.1688768 0 
7.6 -8 0.649358 0 0.197304 0 
7.8 -8 0.65474 0 0.2253568 0 
8 -8 0.660304 0 0.2525624 0 
8.2 -8 0.66519 0 0.2803756 0 
8.4 -8 0.670094 0 0.3072896 0 
8.6 -8 0.674736 0 0.3342148 0 
8.8 -8 0.679592 0 0.3599156 0 
9 -8 0.68396 0 0.3860168 0 
9.2 -8 0.688746 0 0.41056 0 
9.4 -8 0.693118 0 0.435268 0 
9.6 -8 0.69731 0 0.459732 0 
9.8 -8 0.701508 0 0.48352 0 
10 -8 0.705474 0 0.507232 0 
10.2 -8 0.709556 0 0.529948 0 
10.4 -8 0.713332 0 0.552812 0 
10.6 -8 0.716986 0 0.575336 0 
10.8 -8 0.72054 0 0.597556 0 
11 -8 0.724224 0 0.618668 0 
11.2 -8 0.727772 0 0.639596 0 
11.4 -8 0.731086 0 0.66056 0 
11.6 -8 0.734466 0 0.680708 0 
11.8 -8 0.737742 0 0.700652 0 
12 -8 0.741012 0 0.71988 0 
12.4 -8 0.747026 0 0.758532 0 
12.8 -8 0.752926 0 0.795216 0 
13.2 -8 0.758632 0 0.83034 0 
13.6 -8 0.763944 0 0.864844 0 
14 -8 0.769002 0 0.898292 0 
14.4 -8 0.774008 0 0.929904 0 
14.8 -8 0.77878 0 0.960556 0 
15.2 -8 0.783276 0 0.99062 0 
15.6 -8 0.787704 0 1.019052 0 
16 -8 0.792026 0 1.046096 0 
16.8 -8 0.799982 0 1.098852 0 
17.6 -8 0.807422 0 1.147852 0 
18.4 -8 0.814498 0 1.192644 0 
19.2 -8 0.8208 0 1.236836 0 
20 -8 0.826848 0 1.27716 0 
20.8 -8 0.83248 0 1.315392 0 
21.6 -8 0.83779 0 1.351192 0 
22.4 -8 0.842824 0 1.384564 0 
23.2 -8 0.847514 0 1.416588 0 
24 -8 0.851912 0 1.447128 0 
24.8 -8 0.856114 0 1.475568 0 
25.6 -8 0.860008 0 1.503484 0 
26.4 -8 0.863784 0 1.528972 0 
27.2 -8 0.867338 0 1.553564 0 
28 -8 0.870686 0 1.577348 0 
28.8 -8 0.873934 0 1.599152 0 
29.6 -8 0.87699 0 1.620452 0 
30.4 -8 0.879934 0 1.64034 0 
31.2 -8 0.88267 0 1.660412 0 
32 -8 0.885336 0 1.678856 0 
32.8 -8 0.887908 0 1.696156 0 
33.6 -8 0.890338 0 1.713224 0 
34.4 -8 0.892688 0 1.72922 0 
35.2 -8 0.89493 0 1.744732 0 
36 -8 0.897048 0 1.760248 0 
36.8 -8 0.899106 0 1.774748 0 
37.6 -8 0.9011 0 1.788372 0 
38.4 -8 0.903026 0 1.801328 0 
39.2 -8 0.90482 0 1.814996 0 
40 -8 0.90658 0 1.827548 0 
0.4 -7 0.305016 0 -0.994436 0 
0.5 -7 0.315876 0 -0.985524 0 
0.6 -7 0.325742 0 -0.97592 0 
0.7 -7 0.335996 0 -0.960052 0 
0.8 -7 0.347998 0 -0.943248 0 
0.9 -7 0.358856 0 -0.925932 0 
1 -7 0.369454 0 -0.90496 0 
1.2 -7 0.392112 0 -0.8639 0 
1.4 -7 0.413392 0 -0.819112 0 
1.6 -7 0.433754 0 -0.7766 0 
1.8 -7 0.452092 0 -0.734528 0 
2 -7 0.46865 0 -0.692208 0 
2.2 -7 0.48361 0 -0.652164 0 
2.4 -7 0.497488 0 -0.614076 0 
2.6 -7 0.510728 0 -0.576648 0 
2.8 -7 0.522456 0 -0.53974 0 
3 -7 0.533546 0 -0.502464 0 
3.2 -7 0.543952 0 -0.466532 0 
3.4 -7 0.554 0 -0.431356 0 
3.6 -7 0.563392 0 -0.3949852 0 
3.8 -7 0.572514 0 -0.3597972 0 
4 -7 0.58072 0 -0.3231964 0 
4.2 -7 0.58837 0 -0.2870968 0 
4.4 -7 0.596084 0 -0.2515832 0 
4.6 -7 0.60376 0 -0.2158984 0 
4.8 -7 0.611066 0 -0.1803348 0 
5 -7 0.61776 0 -0.1444456 0 
5.2 -7 0.624656 0 -0.1092256 0 
5.4 -7 0.631286 0 -0.0742532 0 
5.6 -7 0.637442 0 -0.03952204 0 
5.8 -7 0.643622 0 -0.00510348 0 
6 -7 0.649648 0 0.02878056 0 
6.2 -7 0.655566 0 0.0626664 0 
6.4 -7 0.661168 0 0.0958456 0 
6.6 -7 0.666724 0 0.1282204 0 
6.8 -7 0.672162 0 0.1604212 0 
7 -7 0.677432 0 0.1920696 0 
7.2 -7 0.682582 0 0.2229996 0 
7.4 -7 0.687294 0 0.2542552 0 
7.6 -7 0.6925 0 0.2836736 0 
7.8 -7 0.696914 0 0.3137944 0 
8 -7 0.701566 0 0.342752 0 
8.2 -7 0.705728 0 0.3720304 0 
8.4 -7 0.710268 0 0.3996192 0 
8.6 -7 0.714576 0 0.426884 0 
8.8 -7 0.718506 0 0.454348 0 
9 -7 0.722474 0 0.480952 0 
9.2 -7 0.72644 0 0.506732 0 
9.4 -7 0.730358 0 0.531876 0 
9.6 -7 0.73415 0 0.5565 0 
9.8 -7 0.737804 0 0.580876 0 
10 -7 0.74132 0 0.604884 0 
10.2 -7 0.74489 0 0.627904 0 
10.4 -7 0.748132 0 0.651368 0 
10.6 -7 0.751472 0 0.673724 0 
10.8 -7 0.754674 0 0.695792 0 
11 -7 0.757758 0 0.7176 0 
11.2 -7 0.760834 0 0.738724 0 
11.4 -7 0.763848 0 0.75944 0 
11.6 -7 0.766786 0 0.77968 0 
11.8 -7 0.769828 0 0.7988 0 
12 -7 0.772596 0 0.818408 0 
12.4 -7 0.777884 0 0.856876 0 
12.8 -7 0.783154 0 0.892828 0 
13.2 -7 0.78801 0 0.928348 0 
13.6 -7 0.7929 0 0.96114 0 
14 -7 0.797342 0 0.994116 0 
14.4 -7 0.801664 0 1.025496 0 
14.8 -7 0.805864 0 1.055448 0 
15.2 -7 0.80988 0 1.084448 0 
15.6 -7 0.81363 0 1.11308 0 
16 -7 0.817482 0 1.139016 0 
16.8 -7 0.824574 0 1.189428 0 
17.6 -7 0.831088 0 1.236964 0 
18.4 -7 0.837292 0 1.28014 0 
19.2 -7 0.8429 0 1.322076 0 
20 -7 0.84822 0 1.360628 0 
20.8 -7 0.853162 0 1.39724 0 
21.6 -7 0.857792 0 1.431764 0 
22.4 -7 0.862214 0 1.463492 0 
23.2 -7 0.866364 0 1.493564 0 
24 -7 0.87023 0 1.522532 0 
24.8 -7 0.873908 0 1.549612 0 
25.6 -7 0.877356 0 1.575672 0 
26.4 -7 0.880666 0 1.599816 0 
27.2 -7 0.883766 0 1.6233 0 
28 -7 0.886716 0 1.645568 0 
28.8 -7 0.889578 0 1.665864 0 
29.6 -7 0.892256 0 1.68596 0 
30.4 -7 0.894832 0 1.704736 0 
31.2 -7 0.897246 0 1.723396 0 
32 -7 0.899586 0 1.740656 0 
32.8 -7 0.90184 0 1.756844 0 
33.6 -7 0.903944 0 1.77336 0 
34.4 -7 0.906042 0 1.787564 0 
35.2 -7 0.907984 0 1.802556 0 
36 -7 0.90987 0 1.816496 0 
36.8 -7 0.91165 0 1.830564 0 
37.6 -7 0.913386 0 1.843556 0 
38.4 -7 0.915074 0 1.855636 0 
39.2 -7 0.91667 0 1.867884 0 
40 -7 0.918202 0 1.87986 0 
0.4 -6 0.441592 0 -1.162108 0 
0.5 -6 0.452086 0 -1.142336 0 
0.6 -6 0.461812 0 -1.117296 0 
0.7 -6 0.470352 0 -1.090164 0 
0.8 -6 0.481738 0 -1.0615 0 
0.9 -6 0.490232 0 -1.029696 0 
1 -6 0.499158 0 -0.996552 0 
1.2 -6 0.516134 0 -0.935552 0 
1.4 -6 0.531462 0 -0.87414 0 
1.6 -6 0.544464 0 -0.815864 0 
1.8 -6 0.557598 0 -0.762032 0 
2 -6 0.568282 0 -0.710752 0 
2.2 -6 0.578142 0 -0.663816 0 
2.4 -6 0.587746 0 -0.616568 0 
2.6 -6 0.59596 0 -0.571844 0 
2.8 -6 0.60377 0 -0.528372 0 
3 -6 0.610948 0 -0.485632 0 
3.2 -6 0.617972 0 -0.442996 0 
3.4 -6 0.62553 0 -0.40164 0 
3.6 -6 0.63192 0 -0.3593748 0 
3.8 -6 0.637976 0 -0.3173528 0 
4 -6 0.645128 0 -0.2768684 0 
4.2 -6 0.650936 0 -0.2354844 0 
4.4 -6 0.65689 0 -0.1947584 0 
4.6 -6 0.66275 0 -0.1541636 0 
4.8 -6 0.66824 0 -0.1138816 0 
5 -6 0.673262 0 -0.0736452 0 
5.2 -6 0.679186 0 -0.03534296 0 
5.4 -6 0.684464 0 0.00366294 0 
5.6 -6 0.689316 0 0.0420876 0 
5.8 -6 0.694788 0 0.0790436 0 
6 -6 0.69989 0 0.11549 0 
6.2 -6 0.704616 0 0.1520144 0 
6.4 -6 0.709514 0 0.1872452 0 
6.6 -6 0.713894 0 0.2225172 0 
6.8 -6 0.718364 0 0.2568088 0 
7 -6 0.722708 0 0.2904136 0 
7.2 -6 0.727164 0 0.322744 0 
7.4 -6 0.73146 0 0.3548392 0 
7.6 -6 0.735504 0 0.3864588 0 
7.8 -6 0.739604 0 0.416924 0 
8 -6 0.743506 0 0.446872 0 
8.2 -6 0.747358 0 0.476148 0 
8.4 -6 0.750892 0 0.505432 0 
8.6 -6 0.754234 0 0.534672 0 
8.8 -6 0.75796 0 0.561476 0 
9 -6 0.76171 0 0.587248 0 
9.2 -6 0.764836 0 0.614448 0 
9.4 -6 0.768212 0 0.639728 0 
9.6 -6 0.771372 0 0.664972 0 
9.8 -6 0.774394 0 0.689988 0 
10 -6 0.77756 0 0.713516 0 
10.2 -6 0.780494 0 0.737144 0 
10.4 -6 0.783378 0 0.760204 0 
10.6 -6 0.7863 0 0.782288 0 
10.8 -6 0.78902 0 0.804456 0 
11 -6 0.791834 0 0.825336 0 
11.2 -6 0.794472 0 0.846296 0 
11.4 -6 0.796958 0 0.867308 0 
11.6 -6 0.799508 0 0.887216 0 
11.8 -6 0.802094 0 0.906184 0 
12 -6 0.804496 0 0.925436 0 
12.4 -6 0.809022 0 0.963416 0 
12.8 -6 0.813618 0 0.998164 0 
13.2 -6 0.817894 0 1.03232 0 
13.6 -6 0.821934 0 1.065368 0 
14 -6 0.82587 0 1.096664 0 
14.4 -6 0.829614 0 1.126992 0 
14.8 -6 0.833194 0 1.156204 0 
15.2 -6 0.836654 0 1.184168 0 
15.6 -6 0.83995 0 1.211328 0 
16 -6 0.843204 0 1.236712 0 
16.8 -6 0.849372 0 1.284388 0 
17.6 -6 0.854934 0 1.330296 0 
18.4 -6 0.860238 0 1.371736 0 
19.2 -6 0.865158 0 1.410612 0 
20 -6 0.869674 0 1.447896 0 
20.8 -6 0.873914 0 1.482748 0 
21.6 -6 0.87793 0 1.51496 0 
22.4 -6 0.881716 0 1.545084 0 
23.2 -6 0.885284 0 1.573376 0 
24 -6 0.88867 0 1.5997 0 
24.8 -6 0.891796 0 1.625628 0 
25.6 -6 0.894762 0 1.650084 0 
26.4 -6 0.89759 0 1.672932 0 
27.2 -6 0.900266 0 1.694748 0 
28 -6 0.902806 0 1.715472 0 
28.8 -6 0.905268 0 1.734316 0 
29.6 -6 0.907556 0 1.753304 0 
30.4 -6 0.909778 0 1.770544 0 
31.2 -6 0.911858 0 1.787856 0 
32 -6 0.913874 0 1.803756 0 
32.8 -6 0.91578 0 1.819428 0 
33.6 -6 0.917614 0 1.834188 0 
34.4 -6 0.91941 0 1.847396 0 
35.2 -6 0.921074 0 1.861404 0 
36 -6 0.922674 0 1.874804 0 
36.8 -6 0.924214 0 1.88758 0 
37.6 -6 0.925712 0 1.899412 0 
38.4 -6 0.927176 0 1.910132 0 
39.2 -6 0.92854 0 1.921704 0 
40 -6 0.929848 0 1.93298 0 
0.4 -5 0.5843 0 -1.200312 0 
0.5 -5 0.592954 0 -1.169972 0 
0.6 -5 0.602004 0 -1.134144 0 
0.7 -5 0.609126 0 -1.098724 0 
0.8 -5 0.616102 0 -1.060764 0 
0.9 -5 0.621986 0 -1.02826 0 
1 -5 0.627758 0 -0.989752 0 
1.2 -5 0.63885 0 -0.922164 0 
1.4 -5 0.6479 0 -0.853728 0 
1.6 -5 0.65462 0 -0.792636 0 
1.8 -5 0.660862 0 -0.736692 0 
2 -5 0.66482 0 -0.6842 0 
2.2 -5 0.670322 0 -0.633056 0 
2.4 -5 0.674652 0 -0.583344 0 
2.6 -5 0.678624 0 -0.53352 0 
2.8 -5 0.68334 0 -0.486228 0 
3 -5 0.68729 0 -0.439152 0 
3.2 -5 0.691452 0 -0.3920124 0 
3.4 -5 0.695818 0 -0.3448512 0 
3.6 -5 0.700136 0 -0.2977344 0 
3.8 -5 0.704302 0 -0.251204 0 
4 -5 0.708254 0 -0.2044396 0 
4.2 -5 0.712264 0 -0.1584996 0 
4.4 -5 0.716794 0 -0.1131264 0 
4.6 -5 0.720954 0 -0.0683252 0 
4.8 -5 0.725538 0 -0.02508656 0 
5 -5 0.729634 0 0.01849708 0 
5.2 -5 0.733924 0 0.0610524 0 
5.4 -5 0.737976 0 0.1026132 0 
5.6 -5 0.741846 0 0.1440972 0 
5.8 -5 0.745704 0 0.1844236 0 
6 -5 0.749838 0 0.2231888 0 
6.2 -5 0.75379 0 0.2612808 0 
6.4 -5 0.757634 0 0.2987452 0 
6.6 -5 0.761668 0 0.334556 0 
6.8 -5 0.765152 0 0.3708604 0 
7 -5 0.768778 0 0.405596 0 
7.2 -5 0.772386 0 0.439144 0 
7.4 -5 0.775678 0 0.472848 0 
7.6 -5 0.77935 0 0.503968 0 
7.8 -5 0.78251 0 0.535824 0 
8 -5 0.7858 0 0.566244 0 
8.2 -5 0.788756 0 0.59694 0 
8.4 -5 0.792142 0 0.624772 0 
8.6 -5 0.79499 0 0.6538 0 
8.8 -5 0.797784 0 0.68218 0 
9 -5 0.800656 0 0.709208 0 
9.2 -5 0.803416 0 0.73566 0 
9.4 -5 0.806216 0 0.760888 0 
9.6 -5 0.808868 0 0.786016 0 
9.8 -5 0.811524 0 0.8101 0 
10 -5 0.814116 0 0.833668 0 
10.2 -5 0.816644 0 0.856576 0 
10.4 -5 0.819032 0 0.879508 0 
10.6 -5 0.821398 0 0.901576 0 
10.8 -5 0.82369 0 0.92324 0 
11 -5 0.82598 0 0.944084 0 
11.2 -5 0.828268 0 0.964096 0 
11.4 -5 0.83042 0 0.984184 0 
11.6 -5 0.832538 0 1.003612 0 
11.8 -5 0.834562 0 1.023036 0 
12 -5 0.836644 0 1.041204 0 
12.4 -5 0.840534 0 1.077352 0 
12.8 -5 0.844236 0 1.112052 0 
13.2 -5 0.847862 0 1.144572 0 
13.6 -5 0.851234 0 1.176524 0 
14 -5 0.854574 0 1.206064 0 
14.4 -5 0.857672 0 1.235456 0 
14.8 -5 0.860712 0 1.262988 0 
15.2 -5 0.86364 0 1.289316 0 
15.6 -5 0.86639 0 1.315308 0 
16 -5 0.869022 0 1.340392 0 
16.8 -5 0.874234 0 1.3849 0 
17.6 -5 0.878918 0 1.427964 0 
18.4 -5 0.883316 0 1.467468 0 
19.2 -5 0.887484 0 1.503188 0 
20 -5 0.891206 0 1.539048 0 
20.8 -5 0.894826 0 1.570532 0 
21.6 -5 0.898148 0 1.601168 0 
22.4 -5 0.901298 0 1.629512 0 
23.2 -5 0.904282 0 1.655756 0 
24 -5 0.907106 0 1.680284 0 
24.8 -5 0.909732 0 1.70418 0 
25.6 -5 0.912218 0 1.726708 0 
26.4 -5 0.914574 0 1.747992 0 
27.2 -5 0.916812 0 1.76814 0 
28 -5 0.918918 0 1.787664 0 
28.8 -5 0.920994 0 1.804488 0 
29.6 -5 0.922904 0 1.822044 0 
30.4 -5 0.924754 0 1.83804 0 
31.2 -5 0.926498 0 1.853812 0 
32 -5 0.92819 0 1.868188 0 
32.8 -5 0.929778 0 1.882676 0 
33.6 -5 0.931294 0 1.89666 0 
34.4 -5 0.932784 0 1.908952 0 
35.2 -5 0.934184 0 1.92156 0 
36 -5 0.935536 0 1.93336 0 
36.8 -5 0.93681 0 1.94546 0 
37.6 -5 0.938056 0 1.956436 0 
38.4 -5 0.939274 0 1.96624 0 
39.2 -5 0.94042 0 1.976592 0 
40 -5 0.941522 0 1.986596 0 
0.4 -4 0.720539 0.0006254 -1.10427 0.002605 
0.5 -4 0.725941 0.0001777 -1.06746 0.001266 
0.6 -4 0.732991 0.0009012 -1.02583 0.002209 
0.7 -4 0.737361 0.0007455 -0.99158 0.00156 
0.8 -4 0.742211 0.0002006 -0.951136 0.0009195 
0.9 -4 0.745742 0.000194 -0.919153 0.0007482 
1 -4 0.748621 0.0004076 -0.886727 0.001006 
1.2 -4 0.750994 0.000528 -0.825787 0.0009804 
1.4 -4 0.753245 0.000243 -0.770157 0.0003772 
1.6 -4 0.754394 0.0002808 -0.71604 0.0004957 
1.8 -4 0.754131 0.0001315 -0.665625 0.0004613 
2 -4 0.754835 0.0002684 -0.614868 0.0002811 
2.2 -4 0.7553 3.153e-05 -0.566219 0.0008224 
2.4 -4 0.755633 0.0001298 -0.515369 9.857e-05 
2.6 -4 0.75645 0.0001292 -0.464384 0.0004334 
2.8 -4 0.75763 0.0003381 -0.413537 0.001556 
3 -4 0.759336 0.000225 -0.36303 0.0008786 
3.2 -4 0.76121 0.0002006 -0.310799 0.0006872 
3.4 -4 0.763044 0.0001847 -0.258923 0.0005337 
3.6 -4 0.765537 0.0002134 -0.20712 0.0005203 
3.8 -4 0.767766 0.000197 -0.15553 0.0004232 
4 -4 0.770523 0.0001461 -0.104986 0.0003922 
4.2 -4 0.773016 0 -0.054332 0 
4.4 -4 0.775662 0 -0.00440516 0 
4.6 -4 0.778824 0 0.0435068 0 
4.8 -4 0.781838 0 0.0905528 0 
5 -4 0.784938 0 0.1366364 0 
5.2 -4 0.787858 0 0.1822824 0 
5.4 -4 0.79121 0 0.2260732 0 
5.6 -4 0.794256 0 0.268932 0 
5.8 -4 0.796976 0 0.3119836 0 
6 -4 0.800108 0 0.35278 0 
6.2 -4 0.803222 0 0.3920256 0 
6.4 -4 0.80613 0 0.430712 0 
6.6 -4 0.809196 0 0.467904 0 
6.8 -4 0.812154 0 0.50408 0 
7 -4 0.815152 0 0.538824 0 
7.2 -4 0.817654 0 0.574464 0 
7.4 -4 0.820474 0 0.60752 0 
7.6 -4 0.823098 0 0.640132 0 
7.8 -4 0.825762 0 0.671476 0 
8 -4 0.828276 0 0.702424 0 
8.2 -4 0.830952 0 0.731212 0 
8.4 -4 0.833258 0 0.76102 0 
8.6 -4 0.835794 0 0.788248 0 
8.8 -4 0.838014 0 0.816364 0 
9 -4 0.840258 0 0.843264 0 
9.2 -4 0.842498 0 0.8692 0 
9.4 -4 0.844686 0 0.894308 0 
9.6 -4 0.84688 0 0.91828 0 
9.8 -4 0.84889 0 0.942692 0 
10 -4 0.850934 0 0.965788 0 
10.2 -4 0.852978 0 0.987968 0 
10.4 -4 0.854902 0 1.010048 0 
10.6 -4 0.856836 0 1.0312 0 
10.8 -4 0.858716 0 1.051812 0 
11 -4 0.860462 0 1.072716 0 
11.2 -4 0.862306 0 1.091804 0 
11.4 -4 0.864024 0 1.111224 0 
11.6 -4 0.865758 0 1.129648 0 
11.8 -4 0.867404 0 1.148004 0 
12 -4 0.869038 0 1.165728 0 
12.4 -4 0.872194 0 1.199884 0 
12.8 -4 0.87516 0 1.233048 0 
13.2 -4 0.878016 0 1.264524 0 
13.6 -4 0.880846 0 1.293396 0 
14 -4 0.883522 0 1.321324 0 
14.4 -4 0.886006 0 1.349152 0 
14.8 -4 0.88838 0 1.37594 0 
15.2 -4 0.890738 0 1.40054 0 
15.6 -4 0.892944 0 1.425024 0 
16 -4 0.89507 0 1.448432 0 
16.8 -4 0.899222 0 1.490308 0 
17.6 -4 0.902992 0 1.530364 0 
18.4 -4 0.90654 0 1.566672 0 
19.2 -4 0.909864 0 1.60006 0 
20 -4 0.912882 0 1.632768 0 
20.8 -4 0.915776 0 1.661932 0 
21.6 -4 0.918436 0 1.690392 0 
22.4 -4 0.920954 0 1.716608 0 
23.2 -4 0.923364 0 1.740288 0 
24 -4 0.92561 0 1.763188 0 
24.8 -4 0.927726 0 1.784788 0 
25.6 -4 0.929724 0 1.805356 0 
26.4 -4 0.931608 0 1.824964 0 
27.2 -4 0.933408 0 1.84318 0 
28 -4 0.935108 0 1.860656 0 
28.8 -4 0.936752 0 1.876452 0 
29.6 -4 0.938284 0 1.892476 0 
30.4 -4 0.939764 0 1.907036 0 
31.2 -4 0.941166 0 1.921232 0 
32 -4 0.942516 0 1.934368 0 
32.8 -4 0.943784 0 1.947756 0 
33.6 -4 0.94501 0 1.96008 0 
34.4 -4 0.946196 0 1.971368 0 
35.2 -4 0.947328 0 1.982444 0 
36 -4 0.948404 0 1.993364 0 
36.8 -4 0.949434 0 2.003988 0 
37.6 -4 0.950422 0 2.01424 0 
38.4 -4 0.9514 0 2.023 0 
39.2 -4 0.95232 0 2.032216 0 
40 -4 0.953196 0 2.0416 0 
0.4 -3 0.839331 0.000911 -0.907721 0.001764 
0.5 -3 0.844647 0.0006272 -0.86549 0.001586 
0.6 -3 0.845108 0.0009431 -0.834884 0.002584 
0.7 -3 0.848357 0.0004992 -0.804927 0.001386 
0.8 -3 0.849357 0.000631 -0.778334 0.001073 
0.9 -3 0.849418 0.0003594 -0.753144 0.0007038 
1 -3 0.848804 0.000442 -0.731071 0.0009834 
1.2 -3 0.845719 0.0002521 -0.690043 0.0008792 
1.4 -3 0.842061 0.0003147 -0.648693 0.0003422 
1.6 -3 0.838184 0.0001608 -0.607195 0.0001304 
1.8 -3 0.835139 0.0002847 -0.562616 0.0006803 
2 -3 0.831691 0.0001449 -0.517017 0.0004234 
2.2 -3 0.829422 8.846e-05 -0.466944 0.0002037 
2.4 -3 0.827553 8.285e-05 -0.415084 0.0003159 
2.6 -3 0.82692 0.0003465 -0.363789 0.00109 
2.8 -3 0.825966 0.0003275 -0.307671 0.0009946 
3 -3 0.825785 0.0003323 -0.251284 0.0009113 
3.2 -3 0.825969 0.0002402 -0.195281 0.0005812 
3.4 -3 0.826676 9.69e-05 -0.138552 0.0004984 
3.6 -3 0.827549 0.0002149 -0.0823468 0.0004114 
3.8 -3 0.828866 5.792e-05 -0.0271803 0.0002112 
4 -3 0.830249 0.0001402 0.0276082 0.000332 
4.2 -3 0.831446 0 0.0822604 0 
4.4 -3 0.833492 0 0.1341612 0 
4.6 -3 0.835358 0 0.1855564 0 
4.8 -3 0.837396 0 0.2350496 0 
5 -3 0.839668 0 0.2830776 0 
5.2 -3 0.841816 0 0.3300664 0 
5.4 -3 0.8441 0 0.3750504 0 
5.6 -3 0.846088 0 0.420412 0 
5.8 -3 0.848154 0 0.464296 0 
6 -3 0.850492 0 0.504916 0 
6.2 -3 0.852512 0 0.546336 0 
6.4 -3 0.854838 0 0.58418 0 
6.6 -3 0.856998 0 0.621868 0 
6.8 -3 0.858938 0 0.659776 0 
7 -3 0.861122 0 0.69456 0 
7.2 -3 0.863322 0 0.727676 0 
7.4 -3 0.865196 0 0.761888 0 
7.6 -3 0.86729 0 0.793092 0 
7.8 -3 0.869236 0 0.824064 0 
8 -3 0.871076 0 0.854772 0 
8.2 -3 0.87297 0 0.88376 0 
8.4 -3 0.87484 0 0.911644 0 
8.6 -3 0.876566 0 0.93954 0 
8.8 -3 0.87834 0 0.965864 0 
9 -3 0.880112 0 0.99094 0 
9.2 -3 0.881676 0 1.017136 0 
9.4 -3 0.883332 0 1.041144 0 
9.6 -3 0.884956 0 1.064428 0 
9.8 -3 0.886466 0 1.087804 0 
10 -3 0.887984 0 1.110164 0 
10.2 -3 0.889564 0 1.130684 0 
10.4 -3 0.891028 0 1.151584 0 
10.6 -3 0.892458 0 1.171884 0 
10.8 -3 0.893872 0 1.191428 0 
11 -3 0.89521 0 1.210968 0 
11.2 -3 0.896502 0 1.230292 0 
11.4 -3 0.89787 0 1.247524 0 
11.6 -3 0.89919 0 1.264524 0 
11.8 -3 0.900406 0 1.282236 0 
12 -3 0.90161 0 1.29922 0 
12.4 -3 0.903986 0 1.331216 0 
12.8 -3 0.906244 0 1.361888 0 
13.2 -3 0.908374 0 1.39162 0 
13.6 -3 0.9105 0 1.418404 0 
14 -3 0.912458 0 1.445356 0 
14.4 -3 0.914392 0 1.469988 0 
14.8 -3 0.916166 0 1.49518 0 
15.2 -3 0.91793 0 1.51804 0 
15.6 -3 0.91958 0 1.540936 0 
16 -3 0.921222 0 1.561648 0 
16.8 -3 0.92434 0 1.600048 0 
17.6 -3 0.927156 0 1.637184 0 
18.4 -3 0.929822 0 1.6704 0 
19.2 -3 0.932346 0 1.70006 0 
20 -3 0.93459 0 1.73064 0 
20.8 -3 0.93678 0 1.75664 0 
21.6 -3 0.93877 0 1.782808 0 
22.4 -3 0.94068 0 1.805988 0 
23.2 -3 0.942472 0 1.827916 0 
24 -3 0.944176 0 1.847968 0 
24.8 -3 0.945758 0 1.867732 0 
25.6 -3 0.947266 0 1.88602 0 
26.4 -3 0.948682 0 1.90366 0 
27.2 -3 0.950018 0 1.920592 0 
28 -3 0.951302 0 1.936056 0 
28.8 -3 0.952534 0 1.950236 0 
29.6 -3 0.95369 0 1.964376 0 
30.4 -3 0.954802 0 1.97738 0 
31.2 -3 0.955852 0 1.990156 0 
32 -3 0.956866 0 2.001948 0 
32.8 -3 0.957824 0 2.013632 0 
33.6 -3 0.958746 0 2.02448 0 
34.4 -3 0.95963 0 2.034856 0 
35.2 -3 0.960482 0 2.044516 0 
36 -3 0.961286 0 2.054552 0 
36.8 -3 0.962058 0 2.064084 0 
37.6 -3 0.962806 0 2.072912 0 
38.4 -3 0.963538 0 2.080624 0 
39.2 -3 0.964228 0 2.088932 0 
40 -3 0.964894 0 2.096776 0 
0.4 -2 0.936609 0.001131 -0.663953 0.0022 
0.5 -2 0.934473 0.0009192 -0.636509 0.001939 
0.6 -2 0.931637 0.001041 -0.626048 0.002897 
0.7 -2 0.930058 0.0006548 -0.607106 0.001662 
0.8 -2 0.92856 0.0006882 -0.594874 0.002088 
0.9 -2 0.925112 0.0005653 -0.582973 0.0009467 
1 -2 0.922299 0.0004474 -0.57074 0.001982 
1.2 -2 0.916163 0.0002836 -0.547621 0.0004172 
1.4 -2 0.909971 0.0002219 -0.517803 0.0006592 
1.6 -2 0.905182 0.0002237 -0.479509 0.0005334 
1.8 -2 0.900608 7.921e-05 -0.437417 0.0003502 
2 -2 0.896576 4.498e-05 -0.388995 0.0004401 
2.2 -2 0.893588 0.0001978 -0.337542 0.0007131 
2.4 -2 0.890935 6.846e-05 -0.280405 0.0003238 
2.6 -2 0.889013 7.313e-05 -0.222488 0.0002368 
2.8 -2 0.887905 0.0001113 -0.162504 0.0004332 
3 -2 0.887103 4.577e-05 -0.102233 0.0002247 
3.2 -2 0.886484 6.549e-05 -0.0404209 0.0001359 
3.4 -2 0.886603 9.328e-05 0.0193782 0.0003454 
3.6 -2 0.886785 0.0001256 0.0794426 0.0006241 
3.8 -2 0.887288 0.0001361 0.13862 0.0006327 
4 -2 0.888201 2.256e-05 0.195018 0.0001466 
4.2 -2 0.888646 0 0.2537048 0 
4.4 -2 0.889896 0 0.3072344 0 
4.6 -2 0.890968 0 0.3601448 0 
4.8 -2 0.892238 0 0.411128 0 
5 -2 0.893474 0 0.461072 0 
5.2 -2 0.894962 0 0.507708 0 
5.4 -2 0.89634 0 0.553892 0 
5.6 -2 0.897608 0 0.599596 0 
5.8 -2 0.898968 0 0.64288 0 
6 -2 0.900332 0 0.685044 0 
6.2 -2 0.901884 0 0.723732 0 
6.4 -2 0.903244 0 0.762652 0 
6.6 -2 0.904712 0 0.79908 0 
6.8 -2 0.9061 0 0.834748 0 
7 -2 0.907338 0 0.87106 0 
7.2 -2 0.908728 0 0.903876 0 
7.4 -2 0.910172 0 0.93446 0 
7.6 -2 0.911428 0 0.966228 0 
7.8 -2 0.91276 0 0.995432 0 
8 -2 0.914026 0 1.024164 0 
8.2 -2 0.9152 0 1.053128 0 
8.4 -2 0.916482 0 1.078976 0 
8.6 -2 0.91763 0 1.105716 0 
8.8 -2 0.918794 0 1.13074 0 
9 -2 0.919988 0 1.154188 0 
9.2 -2 0.92106 0 1.178524 0 
9.4 -2 0.922172 0 1.20096 0 
9.6 -2 0.923238 0 1.22316 0 
9.8 -2 0.92427 0 1.24468 0 
10 -2 0.925234 0 1.266564 0 
10.2 -2 0.926292 0 1.285388 0 
10.4 -2 0.927242 0 1.305444 0 
10.6 -2 0.928234 0 1.323504 0 
10.8 -2 0.929186 0 1.341392 0 
11 -2 0.930056 0 1.360164 0 
11.2 -2 0.93092 0 1.378028 0 
11.4 -2 0.931824 0 1.394028 0 
11.6 -2 0.93271 0 1.4096 0 
11.8 -2 0.933536 0 1.425668 0 
12 -2 0.934328 0 1.441592 0 
12.4 -2 0.935926 0 1.47066 0 
12.8 -2 0.937462 0 1.49802 0 
13.2 -2 0.938852 0 1.526148 0 
13.6 -2 0.940266 0 1.550644 0 
14 -2 0.941584 0 1.574944 0 
14.4 -2 0.942868 0 1.597432 0 
14.8 -2 0.944072 0 1.619908 0 
15.2 -2 0.94523 0 1.641228 0 
15.6 -2 0.946356 0 1.6612 0 
16 -2 0.94744 0 1.680292 0 
16.8 -2 0.949508 0 1.715116 0 
17.6 -2 0.951402 0 1.7481 0 
18.4 -2 0.95317 0 1.778236 0 
19.2 -2 0.954868 0 1.803964 0 
20 -2 0.956374 0 1.831188 0 
20.8 -2 0.957822 0 1.8548 0 
21.6 -2 0.959164 0 1.877472 0 
22.4 -2 0.96043 0 1.898504 0 
23.2 -2 0.961636 0 1.917384 0 
24 -2 0.962764 0 1.93544 0 
24.8 -2 0.963826 0 1.952628 0 
25.6 -2 0.96483 0 1.968848 0 
26.4 -2 0.965772 0 1.984576 0 
27.2 -2 0.966666 0 1.999444 0 
28 -2 0.967534 0 2.012388 0 
28.8 -2 0.968346 0 2.025364 0 
29.6 -2 0.969116 0 2.037892 0 
30.4 -2 0.969852 0 2.049544 0 
31.2 -2 0.970558 0 2.060472 0 
32 -2 0.97123 0 2.071056 0 
32.8 -2 0.971874 0 2.08088 0 
33.6 -2 0.972488 0 2.09048 0 
34.4 -2 0.97308 0 2.099416 0 
35.2 -2 0.97365 0 2.107688 0 
36 -2 0.974186 0 2.116408 0 
36.8 -2 0.974698 0 2.125132 0 
37.6 -2 0.9752 0 2.132532 0 
38.4 -2 0.97569 0 2.139024 0 
39.2 -2 0.976148 0 2.146388 0 
40 -2 0.976588 0 2.153608 0 
0.4 -1.5 0.969148 0.001709 -0.560102 0.001813 
0.5 -1.5 0.965662 0.00108 -0.549099 0.002596 
0.6 -1.5 0.961715 0.0007049 -0.539752 0.002476 
0.7 -1.5 0.958584 0.0006442 -0.528732 0.001304 
0.8 -1.5 0.955052 0.0003528 -0.52028 0.001034 
0.9 -1.5 0.952179 0.0003857 -0.507863 0.001654 
1 -1.5 0.94841 0.0003294 -0.502297 0.001047 
1.2 -1.5 0.942898 0.0001859 -0.479894 0.000618 
1.4 -1.5 0.937418 0.0001637 -0.449032 0.001204 
1.6 -1.5 0.932461 0.0001942 -0.411082 0.0006135 
1.8 -1.5 0.928231 5.849e-05 -0.365305 0.0005388 
2 -1.5 0.924961 4.219e-05 -0.314198 0.0005513 
2.2 -1.5 0.922064 8.084e-05 -0.258314 0.0006257 
2.4 -1.5 0.919913 0.0001011 -0.199273 0.0002501 
2.6 -1.5 0.91828 5.656e-05 -0.138505 0.0004797 
2.8 -1.5 0.916963 2.1e-05 -0.0752591 0.0003245 
3 -1.5 0.916219 4.798e-05 -0.0116992 0.00035 
3.2 -1.5 0.915802 4.248e-05 0.0514504 0.0003368 
3.4 -1.5 0.915548 2.059e-05 0.114279 0.000103 
3.6 -1.5 0.915806 1.595e-05 0.174858 7.03e-05 
3.8 -1.5 0.915959 2.117e-05 0.235601 9.455e-05 
4 -1.5 0.916506 4.453e-05 0.293699 0.0004485 
4.2 -1.5 0.916792 0 0.3538036 0 
4.4 -1.5 0.917642 0 0.407308 0 
4.6 -1.5 0.918388 0 0.461396 0 
4.8 -1.5 0.919234 0 0.513308 0 
5 -1.5 0.92025 0 0.561996 0 
5.2 -1.5 0.92121 0 0.6099 0 
5.4 -1.5 0.922314 0 0.654696 0 
5.6 -1.5 0.923248 0 0.70036 0 
5.8 -1.5 0.924168 0 0.744544 0 
6 -1.5 0.925296 0 0.784684 0 
6.2 -1.5 0.926356 0 0.82384 0 
6.4 -1.5 0.927418 0 0.861424 0 
6.6 -1.5 0.928524 0 0.896856 0 
6.8 -1.5 0.929548 0 0.932028 0 
7 -1.5 0.930548 0 0.966316 0 
7.2 -1.5 0.931562 0 0.998836 0 
7.4 -1.5 0.932622 0 1.028768 0 
7.6 -1.5 0.933556 0 1.059636 0 
7.8 -1.5 0.934608 0 1.0869 0 
8 -1.5 0.935522 0 1.115392 0 
8.2 -1.5 0.936384 0 1.1439 0 
8.4 -1.5 0.937336 0 1.169 0 
8.6 -1.5 0.938224 0 1.19416 0 
8.8 -1.5 0.939088 0 1.218548 0 
9 -1.5 0.939964 0 1.241488 0 
9.2 -1.5 0.940786 0 1.264456 0 
9.4 -1.5 0.941584 0 1.286948 0 
9.6 -1.5 0.942378 0 1.308372 0 
9.8 -1.5 0.943176 0 1.328412 0 
10 -1.5 0.943902 0 1.34936 0 
10.2 -1.5 0.944704 0 1.367004 0 
10.4 -1.5 0.945404 0 1.386604 0 
10.6 -1.5 0.946166 0 1.403248 0 
10.8 -1.5 0.946868 0 1.4207 0 
11 -1.5 0.947534 0 1.43824 0 
11.2 -1.5 0.948172 0 1.455652 0 
11.4 -1.5 0.948854 0 1.47068 0 
11.6 -1.5 0.949504 0 1.485936 0 
11.8 -1.5 0.950138 0 1.500652 0 
12 -1.5 0.950714 0 1.516552 0 
12.4 -1.5 0.95192 0 1.543828 0 
12.8 -1.5 0.953066 0 1.56992 0 
13.2 -1.5 0.95412 0 1.59638 0 
13.6 -1.5 0.95519 0 1.619064 0 
14 -1.5 0.956172 0 1.64232 0 
14.4 -1.5 0.957136 0 1.663504 0 
14.8 -1.5 0.958044 0 1.684524 0 
15.2 -1.5 0.958908 0 1.704908 0 
15.6 -1.5 0.95976 0 1.723436 0 
16 -1.5 0.960572 0 1.741412 0 
16.8 -1.5 0.962118 0 1.774372 0 
17.6 -1.5 0.963552 0 1.804684 0 
18.4 -1.5 0.964868 0 1.83354 0 
19.2 -1.5 0.966142 0 1.85744 0 
20 -1.5 0.967272 0 1.882984 0 
20.8 -1.5 0.968356 0 1.905184 0 
21.6 -1.5 0.969366 0 1.92616 0 
22.4 -1.5 0.970316 0 1.945696 0 
23.2 -1.5 0.971218 0 1.963452 0 
24 -1.5 0.972068 0 1.98008 0 
24.8 -1.5 0.972866 0 1.99596 0 
25.6 -1.5 0.97362 0 2.010996 0 
26.4 -1.5 0.974326 0 2.025716 0 
27.2 -1.5 0.974994 0 2.039712 0 
28 -1.5 0.97564 0 2.052096 0 
28.8 -1.5 0.976258 0 2.063436 0 
29.6 -1.5 0.976834 0 2.075204 0 
30.4 -1.5 0.977388 0 2.085928 0 
31.2 -1.5 0.977916 0 2.096192 0 
32 -1.5 0.97842 0 2.105848 0 
32.8 -1.5 0.978902 0 2.11516 0 
33.6 -1.5 0.979366 0 2.1236 0 
34.4 -1.5 0.979808 0 2.132016 0 
35.2 -1.5 0.980236 0 2.13952 0 
36 -1.5 0.980636 0 2.147904 0 
36.8 -1.5 0.981024 0 2.155508 0 
37.6 -1.5 0.981402 0 2.162144 0 
38.4 -1.5 0.981764 0 2.168888 0 
39.2 -1.5 0.982112 0 2.17524 0 
40 -1.5 0.982438 0 2.18228 0 
0.4 -1 0.988751 0.001197 -0.498906 0.001831 
0.5 -1 0.984503 0.0007354 -0.486977 0.00553 
0.6 -1 0.981219 0.001066 -0.472294 0.003 
0.7 -1 0.978145 0.0003644 -0.468424 0.003699 
0.8 -1 0.974868 0.0004065 -0.460275 0.001791 
0.9 -1 0.972068 0.0001934 -0.450983 0.00148 
1 -1 0.969111 0.0001801 -0.439597 0.0005281 
1.2 -1 0.964329 0.0001356 -0.410019 0.0006733 
1.4 -1 0.960515 5.912e-05 -0.378582 0.001189 
1.6 -1 0.956915 7.923e-05 -0.336346 0.000823 
1.8 -1 0.953741 5.151e-05 -0.285959 0.0008073 
2 -1 0.951015 4.956e-05 -0.229819 0.0005433 
2.2 -1 0.949171 0.0001011 -0.170413 0.0008092 
2.4 -1 0.947381 5.321e-05 -0.106385 0.0003879 
2.6 -1 0.94617 8.592e-06 -0.0415949 0.0002899 
2.8 -1 0.945218 3.484e-05 0.0245909 0.0003227 
3 -1 0.944554 3.224e-05 0.090538 0.0003959 
3.2 -1 0.944247 1.407e-05 0.155441 0.00027 
3.4 -1 0.944102 5.815e-05 0.21951 0.0004056 
3.6 -1 0.944096 2.053e-05 0.282499 0.0001138 
3.8 -1 0.944156 2.012e-05 0.344403 0.0001781 
4 -1 0.944481 5.303e-05 0.403536 0.0006859 
4.2 -1 0.944756 0 0.462416 0 
4.4 -1 0.945228 0 0.51732 0 
4.6 -1 0.94569 0 0.5718 0 
4.8 -1 0.946312 0 0.622136 0 
5 -1 0.94692 0 0.671284 0 
5.2 -1 0.947486 0 0.720124 0 
5.4 -1 0.948252 0 0.76334 0 
5.6 -1 0.948878 0 0.8082 0 
5.8 -1 0.949576 0 0.849524 0 
6 -1 0.950252 0 0.890336 0 
6.2 -1 0.950896 0 0.930036 0 
6.4 -1 0.951638 0 0.965844 0 
6.6 -1 0.952362 0 1.00026 0 
6.8 -1 0.953026 0 1.03492 0 
7 -1 0.953726 0 1.067056 0 
7.2 -1 0.954388 0 1.098944 0 
7.4 -1 0.95506 0 1.128708 0 
7.6 -1 0.955684 0 1.15854 0 
7.8 -1 0.956382 0 1.184744 0 
8 -1 0.956998 0 1.211896 0 
8.2 -1 0.957582 0 1.239056 0 
8.4 -1 0.9582 0 1.263608 0 
8.6 -1 0.958806 0 1.287228 0 
8.8 -1 0.959374 0 1.31092 0 
9 -1 0.959964 0 1.33244 0 
9.2 -1 0.960512 0 1.354388 0 
9.4 -1 0.96105 0 1.375588 0 
9.6 -1 0.96158 0 1.395992 0 
9.8 -1 0.962092 0 1.415788 0 
10 -1 0.962596 0 1.43502 0 
10.2 -1 0.963124 0 1.451828 0 
10.4 -1 0.963594 0 1.470404 0 
10.6 -1 0.964102 0 1.48606 0 
10.8 -1 0.964556 0 1.503264 0 
11 -1 0.965018 0 1.519012 0 
11.2 -1 0.965438 0 1.535816 0 
11.4 -1 0.965898 0 1.549672 0 
11.6 -1 0.966326 0 1.564264 0 
11.8 -1 0.966758 0 1.577764 0 
12 -1 0.967144 0 1.592656 0 
12.4 -1 0.967942 0 1.618632 0 
12.8 -1 0.968706 0 1.643124 0 
13.2 -1 0.969404 0 1.668328 0 
13.6 -1 0.97011 0 1.689976 0 
14 -1 0.970774 0 1.711344 0 
14.4 -1 0.97142 0 1.73086 0 
14.8 -1 0.972018 0 1.751076 0 
15.2 -1 0.972602 0 1.769764 0 
15.6 -1 0.973172 0 1.786768 0 
16 -1 0.973712 0 1.803844 0 
16.8 -1 0.974746 0 1.834264 0 
17.6 -1 0.975692 0 1.86324 0 
18.4 -1 0.976576 0 1.889596 0 
19.2 -1 0.977424 0 1.911696 0 
20 -1 0.978178 0 1.935512 0 
20.8 -1 0.978902 0 1.955984 0 
21.6 -1 0.979578 0 1.975144 0 
22.4 -1 0.980208 0 1.993628 0 
23.2 -1 0.980808 0 2.010128 0 
24 -1 0.981376 0 2.025164 0 
24.8 -1 0.981906 0 2.040108 0 
25.6 -1 0.98241 0 2.053884 0 
26.4 -1 0.98288 0 2.067676 0 
27.2 -1 0.983328 0 2.080436 0 
28 -1 0.983758 0 2.091648 0 
28.8 -1 0.984168 0 2.102248 0 
29.6 -1 0.984554 0 2.1129 0 
30.4 -1 0.984924 0 2.12278 0 
31.2 -1 0.985276 0 2.132228 0 
32 -1 0.985612 0 2.141184 0 
32.8 -1 0.985936 0 2.149256 0 
33.6 -1 0.986242 0 2.157624 0 
34.4 -1 0.986538 0 2.165084 0 
35.2 -1 0.98682 0 2.17242 0 
36 -1 0.98709 0 2.179552 0 
36.8 -1 0.987346 0 2.186928 0 
37.6 -1 0.987598 0 2.193024 0 
38.4 -1 0.987842 0 2.198812 0 
39.2 -1 0.988072 0 2.20474 0 
40 -1 0.988294 0 2.21062 0 
0.4 -0.5 0.99758 0.0006856 -0.468132 0.007979 
0.5 -0.5 0.99448 0.0004465 -0.451701 0.005 
0.6 -0.5 0.992175 0.0002942 -0.439849 0.004742 
0.7 -0.5 0.990874 0.000259 -0.424826 0.00307 
0.8 -0.5 0.988963 0.0001606 -0.41209 0.003309 
0.9 -0.5 0.987332 0.0001432 -0.395777 0.001779 
1 -0.5 0.985653 0.0001824 -0.379354 0.002092 
1.2 -0.5 0.982994 9.098e-05 -0.342037 0.001997 
1.4 -0.5 0.980894 9.598e-05 -0.303412 0.001478 
1.6 -0.5 0.979012 3.385e-05 -0.25318 0.001401 
1.8 -0.5 0.97735 5.304e-05 -0.196226 0.000816 
2 -0.5 0.975975 2.529e-05 -0.133816 0.0008135 
2.2 -0.5 0.974819 1.075e-05 -0.0676819 0.0006403 
2.4 -0.5 0.973926 1.999e-05 -3.03827e-05 0.0004062 
2.6 -0.5 0.973282 1.368e-05 0.0682756 0.0001846 
2.8 -0.5 0.972784 1.169e-05 0.137479 0.00033 
3 -0.5 0.972451 1.612e-05 0.205625 0.0002972 
3.2 -0.5 0.972274 1.966e-05 0.271778 0.0004004 
3.4 -0.5 0.972088 2.887e-05 0.339791 0.0007939 
3.6 -0.5 0.972102 2.36e-05 0.402785 0.0007261 
3.8 -0.5 0.972186 1.412e-05 0.463804 0.0002857 
4 -0.5 0.972313 1.164e-05 0.523228 0.0004024 
4.2 -0.5 0.972442 0 0.582508 0 
4.4 -0.5 0.972594 0 0.6399 0 
4.6 -0.5 0.972882 0 0.691788 0 
4.8 -0.5 0.973172 0 0.741848 0 
5 -0.5 0.97345 0 0.791236 0 
5.2 -0.5 0.97378 0 0.836972 0 
5.4 -0.5 0.97414 0 0.8801 0 
5.6 -0.5 0.974462 0 0.92316 0 
5.8 -0.5 0.974768 0 0.965564 0 
6 -0.5 0.975134 0 1.003712 0 
6.2 -0.5 0.975458 0 1.042068 0 
6.4 -0.5 0.975832 0 1.076372 0 
6.6 -0.5 0.976172 0 1.110572 0 
6.8 -0.5 0.976518 0 1.143156 0 
7 -0.5 0.976868 0 1.173924 0 
7.2 -0.5 0.977192 0 1.204916 0 
7.4 -0.5 0.977526 0 1.233524 0 
7.6 -0.5 0.977854 0 1.261044 0 
7.8 -0.5 0.97818 0 1.287276 0 
8 -0.5 0.97849 0 1.313128 0 
8.2 -0.5 0.978786 0 1.338736 0 
8.4 -0.5 0.979094 0 1.362076 0 
8.6 -0.5 0.979404 0 1.383912 0 
8.8 -0.5 0.979678 0 1.407248 0 
9 -0.5 0.979976 0 1.427204 0 
9.2 -0.5 0.980264 0 1.44692 0 
9.4 -0.5 0.980526 0 1.467492 0 
9.6 -0.5 0.980782 0 1.487556 0 
9.8 -0.5 0.981048 0 1.505388 0 
10 -0.5 0.9813 0 1.523472 0 
10.2 -0.5 0.981554 0 1.54006 0 
10.4 -0.5 0.981796 0 1.556924 0 
10.6 -0.5 0.982042 0 1.572232 0 
10.8 -0.5 0.982276 0 1.587892 0 
11 -0.5 0.982506 0 1.60252 0 
11.2 -0.5 0.982716 0 1.61846 0 
11.4 -0.5 0.982946 0 1.631516 0 
11.6 -0.5 0.983162 0 1.644848 0 
11.8 -0.5 0.983372 0 1.657876 0 
12 -0.5 0.983568 0 1.671696 0 
12.4 -0.5 0.983968 0 1.695836 0 
12.8 -0.5 0.98435 0 1.718548 0 
13.2 -0.5 0.9847 0 1.742004 0 
13.6 -0.5 0.985054 0 1.761952 0 
14 -0.5 0.985386 0 1.781856 0 
14.4 -0.5 0.98571 0 1.799772 0 
14.8 -0.5 0.98601 0 1.818584 0 
15.2 -0.5 0.986298 0 1.836328 0 
15.6 -0.5 0.986584 0 1.851868 0 
16 -0.5 0.986854 0 1.8677 0 
16.8 -0.5 0.98737 0 1.89602 0 
17.6 -0.5 0.987848 0 1.922028 0 
18.4 -0.5 0.988286 0 1.946904 0 
19.2 -0.5 0.98871 0 1.967004 0 
20 -0.5 0.989088 0 1.988948 0 
20.8 -0.5 0.98945 0 2.007604 0 
21.6 -0.5 0.989786 0 2.025552 0 
22.4 -0.5 0.990102 0 2.042208 0 
23.2 -0.5 0.990404 0 2.057064 0 
24 -0.5 0.990688 0 2.071048 0 
24.8 -0.5 0.990954 0 2.084356 0 
25.6 -0.5 0.991204 0 2.096988 0 
26.4 -0.5 0.99144 0 2.109444 0 
27.2 -0.5 0.991664 0 2.12132 0 
28 -0.5 0.991878 0 2.131696 0 
28.8 -0.5 0.992084 0 2.141076 0 
29.6 -0.5 0.992278 0 2.15062 0 
30.4 -0.5 0.992462 0 2.159944 0 
31.2 -0.5 0.992638 0 2.168252 0 
32 -0.5 0.992806 0 2.176548 0 
32.8 -0.5 0.992968 0 2.18392 0 
33.6 -0.5 0.993122 0 2.191284 0 
34.4 -0.5 0.993268 0 2.198312 0 
35.2 -0.5 0.993412 0 2.204332 0 
36 -0.5 0.993544 0 2.211552 0 
36.8 -0.5 0.993674 0 2.217828 0 
37.6 -0.5 0.9938 0 2.223124 0 
38.4 -0.5 0.993922 0 2.2284 0 
39.2 -0.5 0.994036 0 2.234492 0 
40 -0.5 0.994146 0 2.24008 0 
0.3 0 1 0 -0.532761 0.01585 
0.35 0 1 0 -0.485444 0.007453 
0.4 0 1 0 -0.458112 0.008307 
0.5 0 1 0 -0.427962 0.00484 
0.6 0 1 0 -0.40585 0.005169 
0.7 0 1 0 -0.381114 0.00528 
0.8 0 1 0 -0.361939 0.003944 
0.9 0 1 0 -0.339493 0.002472 
1 0 1 0 -0.315211 0.002249 
1.2 0 1 0 -0.264662 0.002638 
1.4 0 1 0 -0.217248 0.002258 
1.6 0 1 0 -0.156374 0.001144 
1.8 0 1 0 -0.091183 0.0009678 
2 0 1 0 -0.0224417 0.001039 
2.2 0 1 0 0.0483305 0.0003831 
2.4 0 1 0 0.120681 0.0002336 
2.6 0 1 0 0.193349 0.000571 
2.8 0 1 0 0.264413 0.0007006 
3 0 1 0 0.336307 0.0006011 
3.2 0 1 0 0.4036 0.0005581 
3.4 0 1 0 0.470738 0.0004395 
3.6 0 1 0 0.533744 0.0008158 
3.8 0 1 0 0.596104 0.0004591 
4 0 1 0 0.656264 0.0003048 
4.2 0 1 0 0.7163 0 
4.4 0 1 0 0.770448 0 
4.6 0 1 0 0.822152 0 
4.8 0 1 0 0.870348 0 
5 0 1 0 0.91884 0 
5.2 0 1 0 0.963888 0 
5.4 0 1 0 1.004792 0 
5.6 0 1 0 1.047212 0 
5.8 0 1 0 1.087296 0 
6 0 1 0 1.124628 0 
6.2 0 1 0 1.162124 0 
6.4 0 1 0 1.195128 0 
6.6 0 1 0 1.227512 0 
6.8 0 1 0 1.258304 0 
7 0 1 0 1.28694 0 
7.2 0 1 0 1.316168 0 
7.4 0 1 0 1.343808 0 
7.6 0 1 0 1.368796 0 
7.8 0 1 0 1.394052 0 
8 0 1 0 1.418632 0 
8.2 0 1 0 1.443172 0 
8.4 0 1 0 1.465336 0 
8.6 0 1 0 1.484736 0 
8.8 0 1 0 1.507244 0 
9 0 1 0 1.52532 0 
9.2 0 1 0 1.543996 0 
9.4 0 1 0 1.563608 0 
9.6 0 1 0 1.581832 0 
9.8 0 1 0 1.598532 0 
10 0 1 0 1.615188 0 
10.2 0 1 0 1.630584 0 
10.4 0 1 0 1.646144 0 
10.6 0 1 0 1.660408 0 
10.8 0 1 0 1.675464 0 
11 0 1 0 1.688596 0 
11.2 0 1 0 1.70324 0 
11.4 0 1 0 1.715408 0 
11.6 0 1 0 1.72772 0 
11.8 0 1 0 1.739828 0 
12 0 1 0 1.752856 0 
12.4 0 1 0 1.774724 0 
12.8 0 1 0 1.795472 0 
13.2 0 1 0 1.817848 0 
13.6 0 1 0 1.836192 0 
14 0 1 0 1.853984 0 
14.4 0 1 0 1.870476 0 
14.8 0 1 0 1.88786 0 
15.2 0 1 0 1.904068 0 
15.6 0 1 0 1.918496 0 
16 0 1 0 1.932752 0 
16.8 0 1 0 1.958348 0 
17.6 0 1 0 1.98226 0 
18.4 0 1 0 2.004916 0 
19.2 0 1 0 2.022956 0 
20 0 1 0 2.043224 0 
20.8 0 1 0 2.060144 0 
21.6 0 1 0 2.076484 0 
22.4 0 1 0 2.090976 0 
23.2 0 1 0 2.104624 0 
24 0 1 0 2.117176 0 
24.8 0 1 0 2.129616 0 
25.6 0 1 0 2.1405 0 
26.4 0 1 0 2.152272 0 
27.2 0 1 0 2.162656 0 
28 0 1 0 2.171948 0 
28.8 0 1 0 2.180456 0 
29.6 0 1 0 2.189024 0 
30.4 0 1 0 2.197572 0 
31.2 0 1 0 2.20522 0 
32 0 1 0 2.212628 0 
32.8 0 1 0 2.21906 0 
33.6 0 1 0 2.225964 0 
34.4 0 1 0 2.232016 0 
35.2 0 1 0 2.237528 0 
36 0 1 0 2.243748 0 
36.8 0 1 0 2.249336 0 
37.6 0 1 0 2.253976 0 
38.4 0 1 0 2.258904 0 
39.2 0 1 0 2.264024 0 
40 0 1 0 2.268996 0 
