3.2 -24 0.00514036 0 0.0345295151315038 0 
3.4 -24 0.00713702 0 0.045778364207014 0 
3.6 -24 0.0095882 0 0.0588564026147048 0 
3.8 -24 0.0125796 0 0.0740254038493043 0 
4 -24 0.01594238 0 0.0902982005216217 0 
4.2 -24 0.01976672 0 0.107965108276064 0 
4.4 -24 0.024065 0 0.126956503694258 0 
4.6 -24 0.0288528 0 0.147246420962079 0 
4.8 -24 0.0339212 0 0.167898830595139 0 
5 -24 0.0395164 0 0.189824812977292 0 
5.2 -24 0.0453714 0 0.211932900790349 0 
5.4 -24 0.0516478 0 0.234812521125071 0 
5.6 -24 0.0581596 0 0.257754685217725 0 
5.8 -24 0.065024 0 0.281140171867701 0 
6 -24 0.0721884 0 0.304804335902822 0 
6.2 -24 0.079387 0 0.327861876585358 0 
6.4 -24 0.0867472 0 0.350751227264861 0 
6.6 -24 0.0943148 0 0.373622139149651 0 
6.8 -24 0.1021492 0 0.396632444601167 0 
7 -24 0.1099692 0 0.419008387847977 0 
7.2 -24 0.1178472 0 0.440970966713759 0 
7.4 -24 0.1257538 0 0.462457735247579 0 
7.6 -24 0.1336726 0 0.483455352762927 0 
7.8 -24 0.1416936 0 0.504221351302886 0 
8 -24 0.1497866 0 0.52468755823223 0 
8.2 -24 0.1578118 0 0.544527677241629 0 
8.4 -24 0.1660828 0 0.564511439279591 0 
8.6 -24 0.1742228 0 0.583764798074641 0 
8.8 -24 0.1822206 0 0.602302625906917 0 
9 -24 0.1902826 0 0.620603530831488 0 
9.2 -24 0.1981318 0 0.638077025360449 0 
9.4 -24 0.205702 0 0.654627641693902 0 
9.6 -24 0.213676 0 0.671687429651308 0 
9.8 -24 0.221002 0 0.687123192980057 0 
10 -24 0.22876 0 0.703122322952853 0 
10.2 -24 0.236116 0 0.718058414966768 0 
10.4 -24 0.243722 0 0.733199706228124 0 
10.6 -24 0.251162 0 0.747764184665937 0 
10.8 -24 0.258466 0 0.761831510118343 0 
11 -24 0.26569 0 0.775515306877232 0 
11.2 -24 0.272674 0 0.788548297317991 0 
11.4 -24 0.279746 0 0.801523156385443 0 
11.6 -24 0.286638 0 0.813980541685105 0 
11.8 -24 0.293252 0 0.825772589524523 0 
12 -24 0.300022 0 0.837639541139016 0 
12.4 -24 0.313318 0 0.86043218315552 0 
12.8 -24 0.326026 0 0.881629630292476 0 
13.2 -24 0.338524 0 0.901892253744603 0 
13.6 -24 0.350664 0 0.921052264744462 0 
14 -24 0.362442 0 0.939167301350646 0 
14.4 -24 0.373772 0 0.956173637346442 0 
14.8 -24 0.384896 0 0.972450463877632 0 
15.2 -24 0.395712 0 0.987900392938489 0 
15.6 -24 0.406244 0 1.0025938685375 0 
16 -24 0.416376 0 1.0164244301806 0 
16.8 -24 0.435762 0 1.04203211964705 0 
17.6 -24 0.454106 0 1.06525226079213 0 
18.4 -24 0.471438 0 1.08631895216092 0 
19.2 -24 0.487942 0 1.10559541533299 0 
20 -24 0.503536 0 1.1231420360862 0 
20.8 -24 0.51809 0 1.13897192847674 0 
21.6 -24 0.53213 0 1.15368376945606 0 
22.4 -24 0.545266 0 1.16702156721822 0 
23.2 -24 0.557526 0 1.17910733416993 0 
24 -24 0.569402 0 1.19041790938793 0 
24.8 -24 0.580794 0 1.20092737598834 0 
25.6 -24 0.591542 0 1.21057024983525 0 
26.4 -24 0.60173 0 1.21946187488213 0 
27.2 -24 0.611504 0 1.22774905783538 0 
28 -24 0.620806 0 1.23542988583438 0 
28.8 -24 0.629736 0 1.24260500852355 0 
29.6 -24 0.638298 0 1.24930638692603 0 
30.4 -24 0.646478 0 1.2555519573298 0 
31.2 -24 0.65429 0 1.26137670065889 0 
32 -24 0.661756 0 1.26681585217659 0 
32.8 -24 0.668876 0 1.27189092506482 0 
33.6 -24 0.675838 0 1.27672043606987 0 
34.4 -24 0.68238 0 1.28118275979103 0 
35.2 -24 0.688732 0 1.2854120266896 0 
36 -24 0.694942 0 1.28944230882346 0 
36.8 -24 0.70086 0 1.29321377947655 0 
37.6 -24 0.706478 0 1.29673542072645 0 
38.4 -24 0.711942 0 1.30008428139562 0 
39.2 -24 0.717178 0 1.30323686743904 0 
40 -24 0.722276 0 1.30624 0 
3 -22 0.00689026 0 0.0439914150752629 0 
3.2 -22 0.00955952 0 0.0582100243415509 0 
3.4 -22 0.01282658 0 0.0746891652594685 0 
3.6 -22 0.0165914 0 0.0926866108407384 0 
3.8 -22 0.0210188 0 0.112824378636305 0 
4 -22 0.0258468 0 0.133783463848544 0 
4.2 -22 0.031352 0 0.156601353946608 0 
4.4 -22 0.0371574 0 0.179674350304107 0 
4.6 -22 0.0436898 0 0.204524573770599 0 
4.8 -22 0.050503 0 0.229482892714424 0 
5 -22 0.0577682 0 0.25511436913069 0 
5.2 -22 0.065352 0 0.280912733796724 0 
5.4 -22 0.0730074 0 0.306089909838639 0 
5.6 -22 0.081283 0 0.332374478607261 0 
5.8 -22 0.0894814 0 0.357597276612447 0 
6 -22 0.0979784 0 0.38292166747001 0 
6.2 -22 0.1066048 0 0.407887838179336 0 
6.4 -22 0.1152814 0 0.432279092811157 0 
6.6 -22 0.123987 0 0.456075923948621 0 
6.8 -22 0.1328234 0 0.479577250988694 0 
7 -22 0.1415912 0 0.502304001455437 0 
7.2 -22 0.1506592 0 0.525177457485852 0 
7.4 -22 0.1597906 0 0.547646369672125 0 
7.6 -22 0.16868 0 0.569010248928186 0 
7.8 -22 0.1773388 0 0.589362665822493 0 
8 -22 0.185869 0 0.608962497416317 0 
8.2 -22 0.1948282 0 0.629054530485849 0 
8.4 -22 0.20342 0 0.647943444414943 0 
8.6 -22 0.211868 0 0.666124471426912 0 
8.8 -22 0.22054 0 0.684392540279562 0 
9 -22 0.22872 0 0.701313072549569 0 
9.2 -22 0.237068 0 0.718221181709038 0 
9.4 -22 0.245094 0 0.734196808164638 0 
9.6 -22 0.25318 0 0.74997600148743 0 
9.8 -22 0.26103 0 0.765030390498306 0 
10 -22 0.268944 0 0.779918412000685 0 
10.2 -22 0.276564 0 0.794027665135539 0 
10.4 -22 0.284158 0 0.807845147837405 0 
10.6 -22 0.291692 0 0.821315345591783 0 
10.8 -22 0.299212 0 0.834529083591958 0 
11 -22 0.306518 0 0.847173427352065 0 
11.2 -22 0.31363 0 0.8593016690062 0 
11.4 -22 0.320522 0 0.870887907771706 0 
11.6 -22 0.327456 0 0.882348822751937 0 
11.8 -22 0.33422 0 0.893371340752717 0 
12 -22 0.341122 0 0.904420359847376 0 
12.4 -22 0.354488 0 0.925373460757114 0 
12.8 -22 0.36714 0 0.9446993285572 0 
13.2 -22 0.379618 0 0.963217632910021 0 
13.6 -22 0.391524 0 0.980449778423716 0 
14 -22 0.40305 0 0.996710424377753 0 
14.4 -22 0.414288 0 1.01216395350772 0 
14.8 -22 0.425064 0 1.0266432703827 0 
15.2 -22 0.435526 0 1.04036941732826 0 
15.6 -22 0.445844 0 1.05356964017146 0 
16 -22 0.455596 0 1.06580735727355 0 
16.8 -22 0.474332 0 1.08854364818931 0 
17.6 -22 0.49199 0 1.10908532980331 0 
18.4 -22 0.508544 0 1.12759397793778 0 
19.2 -22 0.524222 0 1.144446373248 0 
20 -22 0.538976 0 1.15973431311994 0 
20.8 -22 0.552928 0 1.17368068964025 0 
21.6 -22 0.566196 0 1.18647954891886 0 
22.4 -22 0.578658 0 1.19812319637508 0 
23.2 -22 0.590458 0 1.20879973103041 0 
24 -22 0.601616 0 1.21859185576769 0 
24.8 -22 0.612196 0 1.22760217168533 0 
25.6 -22 0.622368 0 1.23599462305641 0 
26.4 -22 0.632122 0 1.24380170099549 0 
27.2 -22 0.641112 0 1.25085371760497 0 
28 -22 0.64987 0 1.25750737223548 0 
28.8 -22 0.658162 0 1.26365608902328 0 
29.6 -22 0.666232 0 1.26946083599343 0 
30.4 -22 0.673834 0 1.27481408684819 0 
31.2 -22 0.681138 0 1.2798285248759 0 
32 -22 0.688088 0 1.28449598960291 0 
32.8 -22 0.694802 0 1.28889176871412 0 
33.6 -22 0.701164 0 1.29297823171337 0 
34.4 -22 0.707412 0 1.29687676471089 0 
35.2 -22 0.713292 0 1.30048887798857 0 
36 -22 0.718994 0 1.30390890971798 0 
36.8 -22 0.724492 0 1.30713618263631 0 
37.6 -22 0.729802 0 1.31018673045579 0 
38.4 -22 0.73483 0 1.31303441471486 0 
39.2 -22 0.739692 0 1.31573193308535 0 
40 -22 0.744398 0 1.31829 0 
2.6 -20 0.00647698 0 0.0411917989946977 0 
2.8 -20 0.00943392 0 0.0568721397401439 0 
3 -20 0.0131232 0 0.0752919097314944 0 
3.2 -20 0.01748708 0 0.0958190943877167 0 
3.4 -20 0.0225816 0 0.118511361386692 0 
3.6 -20 0.0283344 0 0.142831281674981 0 
3.8 -20 0.0347744 0 0.168800847836975 0 
4 -20 0.0418078 0 0.195852416953263 0 
4.2 -20 0.0493598 0 0.223666712478624 0 
4.4 -20 0.0575428 0 0.252527170774862 0 
4.6 -20 0.0657698 0 0.280436920182546 0 
4.8 -20 0.0746874 0 0.309491857329969 0 
5 -20 0.0837708 0 0.338051332148185 0 
5.2 -20 0.0930668 0 0.366271497451928 0 
5.4 -20 0.1025362 0 0.394045510007409 0 
5.6 -20 0.1122336 0 0.421569124491352 0 
5.8 -20 0.1219744 0 0.44835727614472 0 
6 -20 0.1318784 0 0.474770313693582 0 
6.2 -20 0.1422268 0 0.501529038467649 0 
6.4 -20 0.1520816 0 0.526343503318949 0 
6.6 -20 0.1619324 0 0.550483192342162 0 
6.8 -20 0.1715954 0 0.573562219445079 0 
7 -20 0.1813508 0 0.5962540689777 0 
7.2 -20 0.1909212 0 0.617974547438365 0 
7.4 -20 0.200374 0 0.63893415981568 0 
7.6 -20 0.21001 0 0.659765420893426 0 
7.8 -20 0.21925 0 0.679323923074395 0 
8 -20 0.228826 0 0.699085889938627 0 
8.2 -20 0.237944 0 0.717547667400853 0 
8.4 -20 0.247102 0 0.735684496784293 0 
8.6 -20 0.25605 0 0.753056921820018 0 
8.8 -20 0.26476 0 0.769649146800836 0 
9 -20 0.273288 0 0.785588873783287 0 
9.2 -20 0.281934 0 0.801404191733066 0 
9.4 -20 0.290182 0 0.816252075829671 0 
9.6 -20 0.298394 0 0.830754969410309 0 
9.8 -20 0.306588 0 0.844958730368985 0 
10 -20 0.314386 0 0.858275304515487 0 
10.2 -20 0.32218 0 0.871342781054717 0 
10.4 -20 0.329878 0 0.884026620390616 0 
10.6 -20 0.337458 0 0.896311951864351 0 
10.8 -20 0.344788 0 0.908021193746596 0 
11 -20 0.352082 0 0.919475071096162 0 
11.2 -20 0.35923 0 0.930530396170421 0 
11.4 -20 0.366068 0 0.940978213373356 0 
11.6 -20 0.372944 0 0.951302094490824 0 
11.8 -20 0.379616 0 0.961189282294215 0 
12 -20 0.386218 0 0.970822137648146 0 
12.4 -20 0.39918 0 0.989319585214023 0 
12.8 -20 0.411668 0 1.00666231191737 0 
13.2 -20 0.423808 0 1.02305939051013 0 
13.6 -20 0.435418 0 1.03835927318591 0 
14 -20 0.446538 0 1.052663463364 0 
14.4 -20 0.457336 0 1.06620621829542 0 
14.8 -20 0.46783 0 1.07904472023589 0 
15.2 -20 0.477806 0 1.09099761546206 0 
15.6 -20 0.487526 0 1.10236970957987 0 
16 -20 0.496934 0 1.11313187953697 0 
16.8 -20 0.514868 0 1.13299038035092 0 
17.6 -20 0.531522 0 1.15070992534237 0 
18.4 -20 0.547322 0 1.16682933577185 0 
19.2 -20 0.5622 0 1.18143090209744 0 
20 -20 0.576082 0 1.19458283115603 0 
20.8 -20 0.589172 0 1.20655005208602 0 
21.6 -20 0.601532 0 1.21746606530059 0 
22.4 -20 0.613156 0 1.22740807070464 0 
23.2 -20 0.624254 0 1.23657953866272 0 
24 -20 0.634772 0 1.24500339677845 0 
24.8 -20 0.644602 0 1.25267096945497 0 
25.6 -20 0.653934 0 1.25974061131387 0 
26.4 -20 0.662898 0 1.26632159251377 0 
27.2 -20 0.671572 0 1.27248563272541 0 
28 -20 0.679592 0 1.27808153213247 0 
28.8 -20 0.687308 0 1.28331187832531 0 
29.6 -20 0.694654 0 1.28816957974843 0 
30.4 -20 0.701746 0 1.29272825017434 0 
31.2 -20 0.70845 0 1.29694978647346 0 
32 -20 0.714934 0 1.30092253054199 0 
32.8 -20 0.72112 0 1.3046306203859 0 
33.6 -20 0.727058 0 1.30810837922488 0 
34.4 -20 0.732714 0 1.31135676457314 0 
35.2 -20 0.738178 0 1.31442046288663 0 
36 -20 0.74339 0 1.31728946018436 0 
36.8 -20 0.748436 0 1.32000264646838 0 
37.6 -20 0.753382 0 1.32258930543493 0 
38.4 -20 0.758002 0 1.32498655199829 0 
39.2 -20 0.762498 0 1.32726467406125 0 
40 -20 0.766834 0 1.32942 0 
2.2 -18 0.0062221 0 0.0385740136972513 0 
2.4 -18 0.00946268 0 0.0556076188768417 0 
2.6 -18 0.01383432 0 0.077041419935269 0 
2.8 -18 0.01890076 0 0.100290703558303 0 
3 -18 0.0250978 0 0.127124457064888 0 
3.2 -18 0.0320406 0 0.155581682896639 0 
3.4 -18 0.0398134 0 0.185726425144265 0 
3.6 -18 0.0481462 0 0.216542696160854 0 
3.8 -18 0.0573532 0 0.248975025219388 0 
4 -18 0.0669908 0 0.281443473897925 0 
4.2 -18 0.0769982 0 0.313704407399968 0 
4.4 -18 0.087492 0 0.346213244486298 0 
4.6 -18 0.0981792 0 0.378063642658622 0 
4.8 -18 0.1090874 0 0.409335254870077 0 
5 -18 0.1202758 0 0.440294409892098 0 
5.2 -18 0.1315814 0 0.4705309905836 0 
5.4 -18 0.1426942 0 0.499303687814653 0 
5.6 -18 0.1536024 0 0.526717472160438 0 
5.8 -18 0.1645818 0 0.553426036826969 0 
6 -18 0.1755444 0 0.579334890625414 0 
6.2 -18 0.1865896 0 0.604690014385835 0 
6.4 -18 0.1978962 0 0.629890225988563 0 
6.6 -18 0.208518 0 0.653017342913691 0 
6.8 -18 0.219118 0 0.675502714070036 0 
7 -18 0.229334 0 0.696676254491792 0 
7.2 -18 0.239704 0 0.71761313190544 0 
7.4 -18 0.249646 0 0.737257812786486 0 
7.6 -18 0.259474 0 0.756235684106932 0 
7.8 -18 0.269454 0 0.7750435467286 0 
8 -18 0.279122 0 0.792896905386833 0 
8.2 -18 0.288536 0 0.809937178578563 0 
8.4 -18 0.29791 0 0.826536295049531 0 
8.6 -18 0.306956 0 0.842272974073846 0 
8.8 -18 0.31573 0 0.857255335093761 0 
9 -18 0.324562 0 0.872016675438534 0 
9.2 -18 0.33303 0 0.885944181172948 0 
9.4 -18 0.341368 0 0.899411711023407 0 
9.6 -18 0.349536 0 0.912369958107949 0 
9.8 -18 0.35745 0 0.924728383618801 0 
10 -18 0.365298 0 0.936761887886276 0 
10.2 -18 0.37293 0 0.948286450664748 0 
10.4 -18 0.3806 0 0.95964144826727 0 
10.6 -18 0.388008 0 0.970457624102985 0 
10.8 -18 0.395112 0 0.980697853887467 0 
11 -18 0.40221 0 0.990746198241403 0 
11.2 -18 0.409106 0 1.00037420291424 0 
11.4 -18 0.415862 0 1.00967094831026 0 
11.6 -18 0.422502 0 1.01867030562116 0 
11.8 -18 0.42888 0 1.02722090704386 0 
12 -18 0.435336 0 1.03571176241674 0 
12.4 -18 0.447794 0 1.05177421814494 0 
12.8 -18 0.45977 0 1.06680713186647 0 
13.2 -18 0.471168 0 1.08076863373955 0 
13.6 -18 0.482146 0 1.09387551779288 0 
14 -18 0.492728 0 1.1061981779654 0 
14.4 -18 0.50317 0 1.11801467792785 0 
14.8 -18 0.512836 0 1.12878069409748 0 
15.2 -18 0.522462 0 1.13919248468164 0 
15.6 -18 0.531626 0 1.14890731681277 0 
16 -18 0.54045 0 1.15806464157596 0 
16.8 -18 0.557204 0 1.17490586117552 0 
17.6 -18 0.57288 0 1.19002051796536 0 
18.4 -18 0.587744 0 1.20375082401525 0 
19.2 -18 0.601406 0 1.21595734808609 0 
20 -18 0.614338 0 1.2270731781358 0 
20.8 -18 0.62662 0 1.23723350082084 0 
21.6 -18 0.638022 0 1.24638534241205 0 
22.4 -18 0.648764 0 1.25472953537079 0 
23.2 -18 0.658894 0 1.26235523069138 0 
24 -18 0.668634 0 1.26942556935044 0 
24.8 -18 0.677762 0 1.27587680354005 0 
25.6 -18 0.686426 0 1.2818209540332 0 
26.4 -18 0.694584 0 1.28727692338349 0 
27.2 -18 0.702378 0 1.29233804586367 0 
28 -18 0.709922 0 1.29707707366743 0 
28.8 -18 0.716908 0 1.30139721881529 0 
29.6 -18 0.723674 0 1.30545240427298 0 
30.4 -18 0.73011 0 1.30921942777398 0 
31.2 -18 0.736298 0 1.31274508078122 0 
32 -18 0.742144 0 1.31601462272328 0 
32.8 -18 0.747828 0 1.31909996486744 0 
33.6 -18 0.753236 0 1.32197781515031 0 
34.4 -18 0.75839 0 1.3246679394382 0 
35.2 -18 0.763406 0 1.32721310915906 0 
36 -18 0.768132 0 1.32958197304132 0 
36.8 -18 0.772736 0 1.33182766797124 0 
37.6 -18 0.777168 0 1.33394452387734 0 
38.4 -18 0.781454 0 1.3359464926752 0 
39.2 -18 0.785524 0 1.33782387888433 0 
40 -18 0.789452 0 1.3396 0 
1.8 -16 0.00594664 0 0.0359303766422676 0 
2 -16 0.00990986 0 0.0561788081250056 0 
2.2 -16 0.0149231 0 0.0799134589741001 0 
2.4 -16 0.0214066 0 0.108649674948434 0 
2.6 -16 0.0288548 0 0.139595142151041 0 
2.8 -16 0.0375762 0 0.173637376490092 0 
3 -16 0.0471924 0 0.20918898598594 0 
3.2 -16 0.0577352 0 0.246091722339507 0 
3.4 -16 0.0688072 0 0.28297016247601 0 
3.6 -16 0.0806192 0 0.320458535042797 0 
3.8 -16 0.0930024 0 0.357942256506968 0 
4 -16 0.1052786 0 0.39367849856996 0 
4.2 -16 0.1181468 0 0.429495844842283 0 
4.4 -16 0.130885 0 0.463695312563261 0 
4.6 -16 0.1439806 0 0.497450291127393 0 
4.8 -16 0.1563346 0 0.528309926549572 0 
5 -16 0.1692522 0 0.559374484169546 0 
5.2 -16 0.181674 0 0.588351688006904 0 
5.4 -16 0.1942666 0 0.616763436910962 0 
5.6 -16 0.206782 0 0.644148854626734 0 
5.8 -16 0.219126 0 0.670384388434816 0 
6 -16 0.231012 0 0.694992236432911 0 
6.2 -16 0.242658 0 0.718440960044762 0 
6.4 -16 0.253908 0 0.740550118551619 0 
6.6 -16 0.26498 0 0.76174969889525 0 
6.8 -16 0.276232 0 0.782730003153989 0 
7 -16 0.287184 0 0.802648035454723 0 
7.2 -16 0.29742 0 0.820953978430613 0 
7.4 -16 0.30747 0 0.838524995429415 0 
7.6 -16 0.317724 0 0.855985070195139 0 
7.8 -16 0.327558 0 0.872411967855339 0 
8 -16 0.33706 0 0.887984951613041 0 
8.2 -16 0.346324 0 0.902872967362641 0 
8.4 -16 0.35539 0 0.917161466057628 0 
8.6 -16 0.364148 0 0.930723927169019 0 
8.8 -16 0.372964 0 0.94407784868952 0 
9 -16 0.381462 0 0.956737752323219 0 
9.2 -16 0.389838 0 0.968983612372541 0 
9.4 -16 0.39792 0 0.980618207093255 0 
9.6 -16 0.40593 0 0.991927012227374 0 
9.8 -16 0.413628 0 1.00265074467218 0 
10 -16 0.421218 0 1.01303085143481 0 
10.2 -16 0.428386 0 1.02273947370749 0 
10.4 -16 0.435728 0 1.03244871864744 0 
10.6 -16 0.44274 0 1.04161706067856 0 
10.8 -16 0.449656 0 1.05050857195555 0 
11 -16 0.456306 0 1.0589584237699 0 
11.2 -16 0.462906 0 1.06719716924718 0 
11.4 -16 0.469304 0 1.07508810096415 0 
11.6 -16 0.475844 0 1.0829704214321 0 
11.8 -16 0.482054 0 1.09039545699228 0 
12 -16 0.487942 0 1.09738577285255 0 
12.4 -16 0.499812 0 1.11107532752917 0 
12.8 -16 0.510776 0 1.12349398999303 0 
13.2 -16 0.521458 0 1.13524534829484 0 
13.6 -16 0.531784 0 1.14630909558246 0 
14 -16 0.541796 0 1.15675307351521 0 
14.4 -16 0.551422 0 1.16655591921855 0 
14.8 -16 0.560612 0 1.17571745147407 0 
15.2 -16 0.569502 0 1.1843686310711 0 
15.6 -16 0.57782 0 1.19234500183904 0 
16 -16 0.586062 0 1.2000200702249 0 
16.8 -16 0.601494 0 1.21398547563183 0 
17.6 -16 0.615996 0 1.22655099841557 0 
18.4 -16 0.629368 0 1.23773395178866 0 
19.2 -16 0.642076 0 1.24791123344132 0 
20 -16 0.653956 0 1.25709128450582 0 
20.8 -16 0.665064 0 1.26538607396384 0 
21.6 -16 0.675486 0 1.27291394922738 0 
22.4 -16 0.685262 0 1.27975524927428 0 
23.2 -16 0.694534 0 1.28602677054418 0 
24 -16 0.70328 0 1.29176494771349 0 
24.8 -16 0.71167 0 1.29707444025194 0 
25.6 -16 0.719516 0 1.30192246691689 0 
26.4 -16 0.726872 0 1.30636327922913 0 
27.2 -16 0.733888 0 1.31047567452242 0 
28 -16 0.740662 0 1.31431290003714 0 
28.8 -16 0.747134 0 1.31787736139183 0 
29.6 -16 0.753128 0 1.32114016850058 0 
30.4 -16 0.75893 0 1.32419928336723 0 
31.2 -16 0.764518 0 1.32706165231437 0 
32 -16 0.76982 0 1.32972318708336 0 
32.8 -16 0.774908 0 1.33221516573387 0 
33.6 -16 0.779732 0 1.33453744695261 0 
34.4 -16 0.784454 0 1.33673401904498 0 
35.2 -16 0.788864 0 1.33877226987807 0 
36 -16 0.793192 0 1.34070549743858 0 
36.8 -16 0.797296 0 1.34251513084918 0 
37.6 -16 0.801292 0 1.34422799268059 0 
38.4 -16 0.805104 0 1.34583773645617 0 
39.2 -16 0.808788 0 1.34735974924168 0 
40 -16 0.81228 0 1.34879 0 
1.4 -14 0.00601156 0 0.0340842654870378 0 
1.6 -14 0.01096794 0 0.0579833037309133 0 
1.8 -14 0.017466 0 0.0873734601633245 0 
2 -14 0.0256784 0 0.12158843684911 0 
2.2 -14 0.0356332 0 0.16025615102369 0 
2.4 -14 0.0467096 0 0.200805535251192 0 
2.6 -14 0.0593688 0 0.244460822959512 0 
2.8 -14 0.0728434 0 0.288255666158658 0 
3 -14 0.0869574 0 0.331936705688415 0 
3.2 -14 0.101753 0 0.375357961921801 0 
3.4 -14 0.116286 0 0.416292189653761 0 
3.6 -14 0.1312952 0 0.45652713875969 0 
3.8 -14 0.1464976 0 0.495551127679427 0 
4 -14 0.161134 0 0.531771886656366 0 
4.2 -14 0.1762554 0 0.567608066339367 0 
4.4 -14 0.1910846 0 0.601451377183358 0 
4.6 -14 0.205106 0 0.632493731841494 0 
4.8 -14 0.219678 0 0.663491175512471 0 
5 -14 0.233234 0 0.691580626523413 0 
5.2 -14 0.247202 0 0.719471103049145 0 
5.4 -14 0.260464 0 0.745304282032644 0 
5.6 -14 0.273166 0 0.769374571024321 0 
5.8 -14 0.285624 0 0.792309275142369 0 
6 -14 0.297944 0 0.814395525888578 0 
6.2 -14 0.309624 0 0.834864048242746 0 
6.4 -14 0.321116 0 0.854479727606751 0 
6.6 -14 0.332518 0 0.873446147241418 0 
6.8 -14 0.343106 0 0.89076826953013 0 
7 -14 0.353522 0 0.907406709994601 0 
7.2 -14 0.36387 0 0.923550876284629 0 
7.4 -14 0.374 0 0.93899628092912 0 
7.6 -14 0.383562 0 0.953356545407035 0 
7.8 -14 0.39313 0 0.967381022338312 0 
8 -14 0.402056 0 0.980318219799851 0 
8.2 -14 0.411122 0 0.993099461885332 0 
8.4 -14 0.419874 0 1.00523730233649 0 
8.6 -14 0.428392 0 1.01683941891716 0 
8.8 -14 0.436652 0 1.02790123033195 0 
9 -14 0.444566 0 1.03835507711378 0 
9.2 -14 0.452462 0 1.04855837145208 0 
9.4 -14 0.460126 0 1.05830796881414 0 
9.6 -14 0.467644 0 1.06770099373585 0 
9.8 -14 0.474798 0 1.07654985165336 0 
10 -14 0.482058 0 1.08530594751986 0 
10.2 -14 0.48885 0 1.0934533425513 0 
10.4 -14 0.49556 0 1.10135945512291 0 
10.6 -14 0.502194 0 1.1090312300113 0 
10.8 -14 0.50867 0 1.11640938882575 0 
11 -14 0.514748 0 1.12330723380349 0 
11.2 -14 0.520866 0 1.13009458867111 0 
11.4 -14 0.526804 0 1.1366042099995 0 
11.6 -14 0.532608 0 1.14287991606847 0 
11.8 -14 0.53834 0 1.14897380810909 0 
12 -14 0.543906 0 1.15482157607029 0 
12.4 -14 0.554886 0 1.16606163264886 0 
12.8 -14 0.565114 0 1.17634849703843 0 
13.2 -14 0.574766 0 1.1858541089437 0 
13.6 -14 0.584202 0 1.19486439032531 0 
14 -14 0.59335 0 1.20335878249137 0 
14.4 -14 0.602162 0 1.21134015564103 0 
14.8 -14 0.61025 0 1.21861041891584 0 
15.2 -14 0.618222 0 1.22555704416988 0 
15.6 -14 0.626054 0 1.23218001416766 0 
16 -14 0.633516 0 1.23837578835193 0 
16.8 -14 0.64748 0 1.24965510005174 0 
17.6 -14 0.660542 0 1.25975436418829 0 
18.4 -14 0.67267 0 1.26878251833917 0 
19.2 -14 0.683874 0 1.27685224785922 0 
20 -14 0.694598 0 1.28422184343058 0 
20.8 -14 0.704538 0 1.29084857592205 0 
21.6 -14 0.713888 0 1.29686627192456 0 
22.4 -14 0.722674 0 1.30233996667575 0 
23.2 -14 0.73093 0 1.30732661923665 0 
24 -14 0.738762 0 1.3119002780725 0 
24.8 -14 0.746082 0 1.31607245557683 0 
25.6 -14 0.75315 0 1.31994119361175 0 
26.4 -14 0.75975 0 1.32348147330421 0 
27.2 -14 0.765954 0 1.32673708852863 0 
28 -14 0.771942 0 1.32976643136617 0 
28.8 -14 0.77767 0 1.3325788711372 0 
29.6 -14 0.783096 0 1.33518369185817 0 
30.4 -14 0.788176 0 1.33759103474585 0 
31.2 -14 0.793114 0 1.33984674618898 0 
32 -14 0.79781 0 1.34194825102735 0 
32.8 -14 0.802284 0 1.34390933849042 0 
33.6 -14 0.806588 0 1.34574653597994 0 
34.4 -14 0.810724 0 1.34746920383989 0 
35.2 -14 0.814658 0 1.34908203362419 0 
36 -14 0.818446 0 1.35059850206006 0 
36.8 -14 0.822096 0 1.35202581237603 0 
37.6 -14 0.825588 0 1.35336855240423 0 
38.4 -14 0.828942 0 1.35463407292867 0 
39.2 -14 0.832254 0 1.35583349695576 0 
40 -14 0.835328 0 1.35696 0 
1 -12 0.00762338 0 0.0367889659691063 0 
1.2 -12 0.01427142 0 0.0652058394281528 0 
1.4 -12 0.0236346 0 0.102736764000556 0 
1.6 -12 0.0355392 0 0.147491931236509 0 
1.8 -12 0.0490742 0 0.195362949694829 0 
2 -12 0.06422 0 0.24593261627334 0 
2.2 -12 0.080881 0 0.297930411814505 0 
2.4 -12 0.0985572 0 0.350308992694613 0 
2.6 -12 0.116067 0 0.39987559551108 0 
2.8 -12 0.134715 0 0.449511481612145 0 
3 -12 0.1524238 0 0.494744447975042 0 
3.2 -12 0.1710194 0 0.539709982841191 0 
3.4 -12 0.1890494 0 0.581563765604332 0 
3.6 -12 0.206204 0 0.619925634384063 0 
3.8 -12 0.223034 0 0.656129910390308 0 
4 -12 0.239668 0 0.690436301620004 0 
4.2 -12 0.255524 0 0.722085602812196 0 
4.4 -12 0.271032 0 0.751938799411428 0 
4.6 -12 0.285802 0 0.779538098765754 0 
4.8 -12 0.299576 0 0.804694831688137 0 
5 -12 0.31362 0 0.829340212962286 0 
5.2 -12 0.327154 0 0.852459490055409 0 
5.4 -12 0.340274 0 0.874292722882368 0 
5.6 -12 0.353228 0 0.895182952511697 0 
5.8 -12 0.365008 0 0.913922278996626 0 
6 -12 0.377136 0 0.932514568173185 0 
6.2 -12 0.387986 0 0.949051000701938 0 
6.4 -12 0.399026 0 0.965325066183583 0 
6.6 -12 0.409566 0 0.980588055266557 0 
6.8 -12 0.419884 0 0.995161973546853 0 
7 -12 0.429474 0 1.00857056475722 0 
7.2 -12 0.439352 0 1.02189939000622 0 
7.4 -12 0.448452 0 1.03411034581385 0 
7.6 -12 0.45733 0 1.04577807744105 0 
7.8 -12 0.466272 0 1.05719887555895 0 
8 -12 0.47446 0 1.06762258184303 0 
8.2 -12 0.482746 0 1.07787916235771 0 
8.4 -12 0.490872 0 1.08772745590407 0 
8.6 -12 0.498642 0 1.09702432732741 0 
8.8 -12 0.506168 0 1.10589910911159 0 
9 -12 0.51314 0 1.114097476726 0 
9.2 -12 0.520318 0 1.12226708042484 0 
9.4 -12 0.527352 0 1.13011568410314 0 
9.6 -12 0.534228 0 1.13766105763451 0 
9.8 -12 0.540874 0 1.14485215786001 0 
10 -12 0.547306 0 1.15172156330643 0 
10.2 -12 0.553516 0 1.15827817368838 0 
10.4 -12 0.55942 0 1.16447304803342 0 
10.6 -12 0.565574 0 1.17068660740831 0 
10.8 -12 0.571184 0 1.17640468051212 0 
11 -12 0.576882 0 1.18205137112226 0 
11.2 -12 0.582232 0 1.18734427114773 0 
11.4 -12 0.587748 0 1.1926205151469 0 
11.6 -12 0.592898 0 1.1975626919541 0 
11.8 -12 0.598034 0 1.20238421113268 0 
12 -12 0.603112 0 1.20706264064492 0 
12.4 -12 0.61276 0 1.21583847646979 0 
12.8 -12 0.621808 0 1.22392347338759 0 
13.2 -12 0.63048 0 1.23146911526148 0 
13.6 -12 0.638904 0 1.23857235949967 0 
14 -12 0.647016 0 1.24523340590342 0 
14.4 -12 0.654754 0 1.2514518455667 0 
14.8 -12 0.66213 0 1.25725960638534 0 
15.2 -12 0.669134 0 1.26268099457517 0 
15.6 -12 0.676042 0 1.26784102516985 0 
16 -12 0.682484 0 1.27262406565992 0 
16.8 -12 0.694938 0 1.28147216339311 0 
17.6 -12 0.70646 0 1.28934032749872 0 
18.4 -12 0.717074 0 1.29634148119897 0 
19.2 -12 0.72696 0 1.30262413243305 0 
20 -12 0.736172 0 1.30827695895828 0 
20.8 -12 0.744974 0 1.31342271725431 0 
21.6 -12 0.753206 0 1.31807893086337 0 
22.4 -12 0.760762 0 1.32227848514536 0 
23.2 -12 0.768028 0 1.32613063528382 0 
24 -12 0.7748 0 1.32963995485681 0 
24.8 -12 0.781256 0 1.33286155535211 0 
25.6 -12 0.787328 0 1.33581529586106 0 
26.4 -12 0.793158 0 1.33854212671818 0 
27.2 -12 0.798544 0 1.34104231267468 0 
28 -12 0.803706 0 1.34335769244672 0 
28.8 -12 0.808604 0 1.3455007921513 0 
29.6 -12 0.813362 0 1.3474940677406 0 
30.4 -12 0.817788 0 1.34934057736622 0 
31.2 -12 0.822032 0 1.35106093401085 0 
32 -12 0.826096 0 1.3526654502564 0 
32.8 -12 0.830002 0 1.35416367467593 0 
33.6 -12 0.83371 0 1.35556422451182 0 
34.4 -12 0.837262 0 1.3568761675218 0 
35.2 -12 0.840726 0 1.35810599191599 0 
36 -12 0.843936 0 1.35926154627151 0 
36.8 -12 0.847112 0 1.36034708457371 0 
37.6 -12 0.850118 0 1.36136991978588 0 
38.4 -12 0.853026 0 1.36233332387584 0 
39.2 -12 0.855858 0 1.36324077878454 0 
40 -12 0.858532 0 1.3641 0 
0.7 -11 0.00670598 0 0.0286650871033843 0 
0.8 -11 0.01006176 0 0.0416875178833032 0 
0.9 -11 0.014307 0 0.0580752324203615 0 
1 -11 0.01886404 0 0.0751133729640916 0 
1.2 -11 0.0303504 0 0.117572864895106 0 
1.4 -11 0.0446574 0 0.167322663551908 0 
1.6 -11 0.0611208 0 0.221839909568402 0 
1.8 -11 0.0792064 0 0.278849948894526 0 
2 -11 0.0982312 0 0.335376699673567 0 
2.2 -11 0.1181144 0 0.391128954790338 0 
2.4 -11 0.138527 0 0.445257770629634 0 
2.6 -11 0.1588216 0 0.496687688395952 0 
2.8 -11 0.1782126 0 0.543824729085759 0 
3 -11 0.1982314 0 0.589692844341128 0 
3.2 -11 0.217068 0 0.63120744087852 0 
3.4 -11 0.235856 0 0.670767067307509 0 
3.6 -11 0.253224 0 0.706171788942714 0 
3.8 -11 0.27061 0 0.740062312672605 0 
4 -11 0.286984 0 0.770960675250572 0 
4.2 -11 0.302758 0 0.799774780304302 0 
4.4 -11 0.318012 0 0.826730245387744 0 
4.6 -11 0.332788 0 0.852016897524564 0 
4.8 -11 0.346974 0 0.875664892224587 0 
5 -11 0.360224 0 0.897211884294105 0 
5.2 -11 0.373378 0 0.917922460631229 0 
5.4 -11 0.38575 0 0.937009103470879 0 
5.6 -11 0.39753 0 0.954842705463573 0 
5.8 -11 0.409182 0 0.971932178506713 0 
6 -11 0.420638 0 0.988262285010947 0 
6.2 -11 0.4315 0 1.00351158586121 0 
6.4 -11 0.441784 0 1.01771512828335 0 
6.6 -11 0.45189 0 1.03130247749801 0 
6.8 -11 0.461676 0 1.04419280809847 0 
7 -11 0.471046 0 1.0563297740573 0 
7.2 -11 0.480096 0 1.06785109952698 0 
7.4 -11 0.488598 0 1.0785704551983 0 
7.6 -11 0.49704 0 1.08893196542886 0 
7.8 -11 0.505446 0 1.09897331457439 0 
8 -11 0.51347 0 1.10844677263847 0 
8.2 -11 0.52107 0 1.11733698744719 0 
8.4 -11 0.528604 0 1.12593613140156 0 
8.6 -11 0.536168 0 1.13431388277387 0 
8.8 -11 0.543166 0 1.14207951226726 0 
9 -11 0.549884 0 1.14944431671306 0 
9.2 -11 0.55647 0 1.15652851408725 0 
9.4 -11 0.562914 0 1.16333716370971 0 
9.6 -11 0.569064 0 1.16978064391506 0 
9.8 -11 0.57537 0 1.17614581797289 0 
10 -11 0.581222 0 1.18208048455919 0 
10.2 -11 0.587192 0 1.18793905232792 0 
10.4 -11 0.592848 0 1.19346757563741 0 
10.6 -11 0.598504 0 1.19885581482141 0 
10.8 -11 0.60383 0 1.20392579428822 0 
11 -11 0.609144 0 1.20886820825757 0 
11.2 -11 0.614314 0 1.21361601245253 0 
11.4 -11 0.619288 0 1.21814328114743 0 
11.6 -11 0.62414 0 1.22250259108804 0 
11.8 -11 0.628936 0 1.22672464267652 0 
12 -11 0.633572 0 1.2307730405509 0 
12.4 -11 0.642598 0 1.23846746800866 0 
12.8 -11 0.651086 0 1.24557104915229 0 
13.2 -11 0.659176 0 1.25218372509557 0 
13.6 -11 0.667122 0 1.25843030869122 0 
14 -11 0.67457 0 1.26420723521077 0 
14.4 -11 0.681854 0 1.26966139897063 0 
14.8 -11 0.68874 0 1.27473747017291 0 
15.2 -11 0.695222 0 1.27946108366771 0 
15.6 -11 0.701546 0 1.28392601023727 0 
16 -11 0.707736 0 1.28815370459836 0 
16.8 -11 0.719168 0 1.29581644522548 0 
17.6 -11 0.729792 0 1.30263907191606 0 
18.4 -11 0.739714 0 1.30874196656322 0 
19.2 -11 0.748856 0 1.31419417326691 0 
20 -11 0.757458 0 1.31911210178582 0 
20.8 -11 0.765512 0 1.32355139694291 0 
21.6 -11 0.773046 0 1.32756970461861 0 
22.4 -11 0.780108 0 1.33121874364954 0 
23.2 -11 0.78682 0 1.33454680489351 0 
24 -11 0.79306 0 1.33757963812741 0 
24.8 -11 0.798976 0 1.34035873993631 0 
25.6 -11 0.804596 0 1.34291038315591 0 
26.4 -11 0.809942 0 1.34525803022637 0 
27.2 -11 0.814954 0 1.34742042988365 0 
28 -11 0.81971 0 1.34941796129463 0 
28.8 -11 0.824234 0 1.35126667531726 0 
29.6 -11 0.82859 0 1.35298089233838 0 
30.4 -11 0.832716 0 1.35457292020131 0 
31.2 -11 0.836602 0 1.35605579594778 0 
32 -11 0.840372 0 1.35743631287459 0 
32.8 -11 0.843948 0 1.35872576124301 0 
33.6 -11 0.847346 0 1.35993262699728 0 
34.4 -11 0.850638 0 1.36106044385507 0 
35.2 -11 0.853776 0 1.36211870896025 0 
36 -11 0.85679 0 1.3631120654701 0 
36.8 -11 0.85969 0 1.3640453998353 0 
37.6 -11 0.862446 0 1.3649259714925 0 
38.4 -11 0.865136 0 1.36575215998114 0 
39.2 -11 0.867718 0 1.36653265162243 0 
40 -11 0.870192 0 1.36727 0 
0.3 -10 0.00599372 0 0.0164341039079916 0 
0.35 -10 0.00746516 0 0.0207368796875907 0 
0.4 -10 0.00939002 0 0.0263717960080208 0 
0.5 -10 0.0133365 0 0.0390822212874646 0 
0.6 -10 0.01789788 0 0.0546675700535264 0 
0.7 -10 0.0228624 0 0.070542494963942 0 
0.8 -10 0.0294184 0 0.092737007750161 0 
0.9 -10 0.0363934 0 0.116183364594867 0 
1 -10 0.043914 0 0.14130973592378 0 
1.2 -10 0.0610928 0 0.197179595343101 0 
1.4 -10 0.0805766 0 0.257595233396062 0 
1.6 -10 0.101601 0 0.319500639047482 0 
1.8 -10 0.1234944 0 0.381852140453572 0 
2 -10 0.1453096 0 0.440334595091852 0 
2.2 -10 0.1679902 0 0.497900413639364 0 
2.4 -10 0.1902346 0 0.550889643078498 0 
2.6 -10 0.211866 0 0.600296162573403 0 
2.8 -10 0.232642 0 0.645726127064161 0 
3 -10 0.252386 0 0.686996420528979 0 
3.2 -10 0.27153 0 0.725223360988579 0 
3.4 -10 0.289632 0 0.760094158659514 0 
3.6 -10 0.307574 0 0.793162701959196 0 
3.8 -10 0.32425 0 0.822968231307218 0 
4 -10 0.34051 0 0.850935182390127 0 
4.2 -10 0.355706 0 0.876405307437681 0 
4.4 -10 0.37053 0 0.900402378844985 0 
4.6 -10 0.38417 0 0.922126666937307 0 
4.8 -10 0.397422 0 0.942534342994285 0 
5 -10 0.410402 0 0.961948467573713 0 
5.2 -10 0.422464 0 0.97970125316013 0 
5.4 -10 0.43417 0 0.996491925473842 0 
5.6 -10 0.445544 0 1.01237076663748 0 
5.8 -10 0.456232 0 1.02709227747678 0 
6 -10 0.466872 0 1.04130028249433 0 
6.2 -10 0.476808 0 1.05439732499318 0 
6.4 -10 0.48689 0 1.06721065542395 0 
6.6 -10 0.496292 0 1.07905540562905 0 
6.8 -10 0.505276 0 1.09020154702371 0 
7 -10 0.514042 0 1.10084559686935 0 
7.2 -10 0.522526 0 1.11095686853979 0 
7.4 -10 0.530536 0 1.12039172742703 0 
7.6 -10 0.53813 0 1.12927186454416 0 
7.8 -10 0.54605 0 1.13809052676724 0 
8 -10 0.553378 0 1.14627531853641 0 
8.2 -10 0.56072 0 1.15421246269751 0 
8.4 -10 0.567734 0 1.16171634401627 0 
8.6 -10 0.57459 0 1.16890345222225 0 
8.8 -10 0.580888 0 1.17557280355057 0 
9 -10 0.587244 0 1.18207820104007 0 
9.2 -10 0.593524 0 1.18835353068597 0 
9.4 -10 0.599686 0 1.19437931142276 0 
9.6 -10 0.605374 0 1.19999880329669 0 
9.8 -10 0.610968 0 1.20541598500588 0 
10 -10 0.6165 0 1.21064711250922 0 
10.2 -10 0.622044 0 1.21573567491603 0 
10.4 -10 0.627048 0 1.22044894930759 0 
10.6 -10 0.632154 0 1.22506752712393 0 
10.8 -10 0.637164 0 1.22951460994709 0 
11 -10 0.642158 0 1.23383796067314 0 
11.2 -10 0.646842 0 1.2379134223517 0 
11.4 -10 0.651564 0 1.24189080058215 0 
11.6 -10 0.656202 0 1.24573489753344 0 
11.8 -10 0.660528 0 1.24935987475138 0 
12 -10 0.664766 0 1.25286079755128 0 
12.4 -10 0.673116 0 1.25952664103734 0 
12.8 -10 0.680952 0 1.26568684133981 0 
13.2 -10 0.688628 0 1.27147529838531 0 
13.6 -10 0.69578 0 1.2768204717432 0 
14 -10 0.70273 0 1.28183966403157 0 
14.4 -10 0.709242 0 1.28649574683284 0 
14.8 -10 0.715736 0 1.29091163973631 0 
15.2 -10 0.721692 0 1.29498948161375 0 
15.6 -10 0.72752 0 1.29884164644567 0 
16 -10 0.733108 0 1.30245753596489 0 
16.8 -10 0.743596 0 1.30905518721544 0 
17.6 -10 0.753472 0 1.31493927250685 0 
18.4 -10 0.762512 0 1.32017235721707 0 
19.2 -10 0.771032 0 1.32486944989512 0 
20 -10 0.778828 0 1.32907860647596 0 
20.8 -10 0.786182 0 1.33288144745785 0 
21.6 -10 0.793094 0 1.33632317722558 0 
22.4 -10 0.79959 0 1.33944824938061 0 
23.2 -10 0.805714 0 1.34229152400334 0 
24 -10 0.811468 0 1.34488601013951 0 
24.8 -10 0.816894 0 1.34726081340181 0 
25.6 -10 0.822024 0 1.34943798069662 0 
26.4 -10 0.826896 0 1.35143952351066 0 
27.2 -10 0.831472 0 1.35328503394077 0 
28 -10 0.83583 0 1.35498921145733 0 
28.8 -10 0.83994 0 1.3565669216241 0 
29.6 -10 0.843934 0 1.35802413624969 0 
30.4 -10 0.847716 0 1.35937861668552 0 
31.2 -10 0.851244 0 1.36064518155397 0 
32 -10 0.854688 0 1.36181853550329 0 
32.8 -10 0.857948 0 1.36291624572233 0 
33.6 -10 0.86106 0 1.36394352446183 0 
34.4 -10 0.864046 0 1.36490439242972 0 
35.2 -10 0.866908 0 1.36580500690375 0 
36 -10 0.86967 0 1.36664740199525 0 
36.8 -10 0.872306 0 1.36744171976692 0 
37.6 -10 0.87483 0 1.36819035084717 0 
38.4 -10 0.877264 0 1.36889416638746 0 
39.2 -10 0.879624 0 1.36955573628299 0 
40 -10 0.881892 0 1.37018 0 
0.3 -9 0.0380688 0 0.0562121678593245 0 
0.35 -9 0.0397208 0 0.0637519780753516 0 
0.4 -9 0.0423982 0 0.072406409407164 0 
0.5 -9 0.0473266 0 0.0905256414879594 0 
0.6 -9 0.0541502 0 0.115208314953762 0 
0.7 -9 0.0617122 0 0.141865271276673 0 
0.8 -9 0.0698244 0 0.169339346880529 0 
0.9 -9 0.0788768 0 0.200161746683758 0 
1 -9 0.0892652 0 0.233871626756323 0 
1.2 -9 0.1115698 0 0.302105253514739 0 
1.4 -9 0.1347224 0 0.368788197162821 0 
1.6 -9 0.1588224 0 0.434642394967431 0 
1.8 -9 0.1834582 0 0.4981386318833 0 
2 -9 0.207888 0 0.557358084845307 0 
2.2 -9 0.231796 0 0.612090905623496 0 
2.4 -9 0.25408 0 0.660949532710732 0 
2.6 -9 0.275488 0 0.705784654450835 0 
2.8 -9 0.296396 0 0.747141349306829 0 
3 -9 0.315444 0 0.783550267912451 0 
3.2 -9 0.334102 0 0.817478814385596 0 
3.4 -9 0.351522 0 0.8481480837361 0 
3.6 -9 0.368236 0 0.876501172648512 0 
3.8 -9 0.384284 0 0.902767029406716 0 
4 -9 0.398822 0 0.926227659698302 0 
4.2 -9 0.413232 0 0.948469046992947 0 
4.4 -9 0.427016 0 0.969099837168694 0 
4.6 -9 0.439812 0 0.988026242506414 0 
4.8 -9 0.451786 0 1.00545968255473 0 
5 -9 0.46366 0 1.02209219649273 0 
5.2 -9 0.475136 0 1.03773326046645 0 
5.4 -9 0.48596 0 1.05228661068569 0 
5.6 -9 0.496094 0 1.06573514769503 0 
5.8 -9 0.505912 0 1.07848347363517 0 
6 -9 0.515458 0 1.09055812182816 0 
6.2 -9 0.524582 0 1.10188241535141 0 
6.4 -9 0.53344 0 1.11265538395083 0 
6.6 -9 0.542278 0 1.12304931198874 0 
6.8 -9 0.550492 0 1.13269482851237 0 
7 -9 0.55848 0 1.14184792179019 0 
7.2 -9 0.566268 0 1.15058108542427 0 
7.4 -9 0.573924 0 1.15894386627972 0 
7.6 -9 0.581114 0 1.16677858143357 0 
7.8 -9 0.588 0 1.17419286859381 0 
8 -9 0.59502 0 1.18141801415997 0 
8.2 -9 0.60138 0 1.18809292134865 0 
8.4 -9 0.607762 0 1.19456663233144 0 
8.6 -9 0.613926 0 1.20071759860937 0 
8.8 -9 0.619932 0 1.20660677763836 0 
9 -9 0.625756 0 1.21222899188662 0 
9.2 -9 0.631662 0 1.21769554171635 0 
9.4 -9 0.63713 0 1.22282059956143 0 
9.6 -9 0.642414 0 1.22771341195683 0 
9.8 -9 0.64744 0 1.23235873126349 0 
10 -9 0.652492 0 1.23686781400177 0 
10.2 -9 0.657436 0 1.24119437130572 0 
10.4 -9 0.662272 0 1.24535426907987 0 
10.6 -9 0.66703 0 1.24936044742251 0 
10.8 -9 0.671466 0 1.25314706241344 0 
11 -9 0.675786 0 1.25678477922029 0 
11.2 -9 0.68015 0 1.26031460451033 0 
11.4 -9 0.684494 0 1.26373239290684 0 
11.6 -9 0.688536 0 1.26697682256581 0 
11.8 -9 0.692724 0 1.27014852378406 0 
12 -9 0.696684 0 1.27317649427033 0 
12.4 -9 0.704152 0 1.27885700355187 0 
12.8 -9 0.711422 0 1.28416205263628 0 
13.2 -9 0.718224 0 1.28907274809386 0 
13.6 -9 0.724824 0 1.29366562675545 0 
14 -9 0.731216 0 1.2979540432168 0 
14.4 -9 0.737268 0 1.30195599823317 0 
14.8 -9 0.742948 0 1.30568280691744 0 
15.2 -9 0.748504 0 1.30918674809872 0 
15.6 -9 0.753802 0 1.31246706258054 0 
16 -9 0.758886 0 1.31554925269152 0 
16.8 -9 0.768534 0 1.32117158844481 0 
17.6 -9 0.77741 0 1.32616132633615 0 
18.4 -9 0.785656 0 1.33060683685455 0 
19.2 -9 0.793282 0 1.33458477837061 0 
20 -9 0.800404 0 1.33815864259255 0 
20.8 -9 0.807044 0 1.34138082085516 0 
21.6 -9 0.813324 0 1.34429267636384 0 
22.4 -9 0.819264 0 1.3469295128478 0 
23.2 -9 0.824776 0 1.34933256682026 0 
24 -9 0.829988 0 1.35152243789846 0 
24.8 -9 0.834868 0 1.35352851956821 0 
25.6 -9 0.839504 0 1.35536565827264 0 
26.4 -9 0.843906 0 1.35705202234446 0 
27.2 -9 0.848104 0 1.35860161525183 0 
28 -9 0.852034 0 1.36003802037317 0 
28.8 -9 0.855726 0 1.3613730384135 0 
29.6 -9 0.859332 0 1.36259619728284 0 
30.4 -9 0.862754 0 1.36373246476935 0 
31.2 -9 0.865946 0 1.36480083666035 0 
32 -9 0.86903 0 1.36579063648691 0 
32.8 -9 0.872 0 1.36670975737189 0 
33.6 -9 0.874804 0 1.36757437762571 0 
34.4 -9 0.877518 0 1.36837882660061 0 
35.2 -9 0.88009 0 1.36913759573653 0 
36 -9 0.882592 0 1.3698424007583 0 
36.8 -9 0.884964 0 1.37051099917443 0 
37.6 -9 0.887246 0 1.3711390342005 0 
38.4 -9 0.889448 0 1.37172942449093 0 
39.2 -9 0.89155 0 1.37228856806996 0 
40 -9 0.893606 0 1.37281 0 
0.3 -8 0.099831 0 0.0845005014846118 0 
0.35 -8 0.1024812 0 0.107008915567875 0 
0.4 -8 0.1048064 0 0.125288801580959 0 
0.5 -8 0.1113224 0 0.157278554079517 0 
0.6 -8 0.1192108 0 0.195138663183848 0 
0.7 -8 0.127922 0 0.229959423409758 0 
0.8 -8 0.137451 0 0.266862140615037 0 
0.9 -8 0.14909 0 0.307271130883875 0 
1 -8 0.1605954 0 0.346142409165084 0 
1.2 -8 0.1855916 0 0.422535826217621 0 
1.4 -8 0.21142 0 0.495231412610494 0 
1.6 -8 0.236928 0 0.561487006059487 0 
1.8 -8 0.261714 0 0.621848449145843 0 
2 -8 0.286182 0 0.676768667789404 0 
2.2 -8 0.30884 0 0.725683756700634 0 
2.4 -8 0.330116 0 0.769358246904893 0 
2.6 -8 0.350256 0 0.808307028792793 0 
2.8 -8 0.369368 0 0.843500905410184 0 
3 -8 0.386922 0 0.875007190955301 0 
3.2 -8 0.403586 0 0.903423502736728 0 
3.4 -8 0.419826 0 0.929935863189806 0 
3.6 -8 0.434568 0 0.953596017896234 0 
3.8 -8 0.448354 0 0.975129479090089 0 
4 -8 0.461688 0 0.995261482372444 0 
4.2 -8 0.474454 0 1.01396948603 0 
4.4 -8 0.486272 0 1.03113704716573 0 
4.6 -8 0.498158 0 1.04757041983115 0 
4.8 -8 0.508794 0 1.06239197633564 0 
5 -8 0.519476 0 1.07659884734624 0 
5.2 -8 0.529492 0 1.08978563596642 0 
5.4 -8 0.538994 0 1.10207267947754 0 
5.6 -8 0.548068 0 1.11366763037185 0 
5.8 -8 0.557162 0 1.12473066055798 0 
6 -8 0.565912 0 1.13522007216691 0 
6.2 -8 0.574448 0 1.14514069892506 0 
6.4 -8 0.582368 0 1.15436636929253 0 
6.6 -8 0.589844 0 1.16303239237069 0 
6.8 -8 0.5974 0 1.17140175679092 0 
7 -8 0.604656 0 1.17929006004221 0 
7.2 -8 0.611318 0 1.1866524062516 0 
7.4 -8 0.618198 0 1.19380408667372 0 
7.6 -8 0.624686 0 1.20055568695572 0 
7.8 -8 0.630984 0 1.20697152835223 0 
8 -8 0.637248 0 1.21312497109254 0 
8.2 -8 0.643256 0 1.21896576181089 0 
8.4 -8 0.648924 0 1.22448149871532 0 
8.6 -8 0.654578 0 1.22979129675819 0 
8.8 -8 0.660012 0 1.2348435653534 0 
9 -8 0.66519 0 1.23962385651901 0 
9.2 -8 0.670326 0 1.24422738258792 0 
9.4 -8 0.675298 0 1.24863322990716 0 
9.6 -8 0.680066 0 1.25282685857296 0 
9.8 -8 0.684914 0 1.2568813115748 0 
10 -8 0.689508 0 1.2607360286141 0 
10.2 -8 0.693818 0 1.26440363368402 0 
10.4 -8 0.698046 0 1.26792607452795 0 
10.6 -8 0.702222 0 1.27130789112862 0 
10.8 -8 0.706446 0 1.27457864062481 0 
11 -8 0.710392 0 1.27769982917091 0 
11.2 -8 0.714082 0 1.28067144115423 0 
11.4 -8 0.717954 0 1.28356178214709 0 
11.6 -8 0.721778 0 1.28633959134288 0 
11.8 -8 0.72537 0 1.28900085277566 0 
12 -8 0.728808 0 1.29155721551666 0 
12.4 -8 0.73587 0 1.29640978172972 0 
12.8 -8 0.742306 0 1.30089111079956 0 
13.2 -8 0.748498 0 1.30505851680749 0 
13.6 -8 0.754412 0 1.30893850667791 0 
14 -8 0.76002 0 1.31255180337703 0 
14.4 -8 0.765554 0 1.31592413926688 0 
14.8 -8 0.770614 0 1.31907693941721 0 
15.2 -8 0.775576 0 1.32202724776661 0 
15.6 -8 0.780348 0 1.32478948115128 0 
16 -8 0.784944 0 1.3273817716585 0 
16.8 -8 0.793522 0 1.33210807590887 0 
17.6 -8 0.801526 0 1.33629325001089 0 
18.4 -8 0.808908 0 1.34002164236607 0 
19.2 -8 0.815796 0 1.34335129446537 0 
20 -8 0.822154 0 1.34634620067073 0 
20.8 -8 0.828132 0 1.34903831092565 0 
21.6 -8 0.833754 0 1.35146709017493 0 
22.4 -8 0.839004 0 1.35367151531512 0 
23.2 -8 0.843952 0 1.3556727736275 0 
24 -8 0.84862 0 1.35749498233474 0 
24.8 -8 0.85295 0 1.35917398548297 0 
25.6 -8 0.857116 0 1.36069744701363 0 
26.4 -8 0.861054 0 1.3620978654162 0 
27.2 -8 0.864804 0 1.3633812444967 0 
28 -8 0.868306 0 1.36457712550537 0 
28.8 -8 0.87161 0 1.36568846675951 0 
29.6 -8 0.874792 0 1.36670825672187 0 
30.4 -8 0.877856 0 1.36764644578421 0 
31.2 -8 0.880704 0 1.36853675569847 0 
32 -8 0.883456 0 1.36935705278469 0 
32.8 -8 0.886094 0 1.37012067192727 0 
33.6 -8 0.888614 0 1.3708333571051 0 
34.4 -8 0.891022 0 1.3715017409664 0 
35.2 -8 0.893312 0 1.3721330332124 0 
36 -8 0.895556 0 1.37271114749895 0 
36.8 -8 0.897656 0 1.37326919200457 0 
37.6 -8 0.899686 0 1.37379104013341 0 
38.4 -8 0.90165 0 1.37427853187813 0 
39.2 -8 0.903532 0 1.37473968228709 0 
40 -8 0.90536 0 1.37517 0 
0.3 -7 0.1878922 0 0.132978507002459 0 
0.35 -7 0.191361 0 0.160560251163625 0 
0.4 -7 0.1949818 0 0.183363069333863 0 
0.5 -7 0.20305 0 0.236516905496279 0 
0.6 -7 0.212324 0 0.282399819478648 0 
0.7 -7 0.222632 0 0.334286865773637 0 
0.8 -7 0.23486 0 0.38098542454348 0 
0.9 -7 0.246226 0 0.42648969775604 0 
1 -7 0.258284 0 0.469925607957178 0 
1.2 -7 0.283572 0 0.549607349702114 0 
1.4 -7 0.30818 0 0.621167143169495 0 
1.6 -7 0.333032 0 0.684992460001244 0 
1.8 -7 0.35564 0 0.740025396667829 0 
2 -7 0.377188 0 0.788076109113155 0 
2.2 -7 0.396666 0 0.829617049264721 0 
2.4 -7 0.415668 0 0.866653441318877 0 
2.6 -7 0.4331 0 0.899664654922178 0 
2.8 -7 0.449254 0 0.928883205621868 0 
3 -7 0.46406 0 0.954983899539331 0 
3.2 -7 0.478552 0 0.978978031633331 0 
3.4 -7 0.49131 0 1.00029304319443 0 
3.6 -7 0.50411 0 1.02025733467054 0 
3.8 -7 0.516006 0 1.03851983692844 0 
4 -7 0.527486 0 1.05559332349362 0 
4.2 -7 0.537946 0 1.07118422102251 0 
4.4 -7 0.548692 0 1.08601526770429 0 
4.6 -7 0.558582 0 1.09970249928716 0 
4.8 -7 0.568372 0 1.1126950136728 0 
5 -7 0.57697 0 1.12449779570547 0 
5.2 -7 0.585934 0 1.13588027454494 0 
5.4 -7 0.594462 0 1.14652591562594 0 
5.6 -7 0.602374 0 1.15645450099298 0 
5.8 -7 0.610244 0 1.16586683543389 0 
6 -7 0.61782 0 1.17479568398006 0 
6.2 -7 0.624926 0 1.18316307776847 0 
6.4 -7 0.63207 0 1.19115641473918 0 
6.6 -7 0.638716 0 1.19864742444582 0 
6.8 -7 0.64533 0 1.20579297018432 0 
7 -7 0.651778 0 1.21256538657085 0 
7.2 -7 0.657926 0 1.21896896511618 0 
7.4 -7 0.663838 0 1.22503115269876 0 
7.6 -7 0.669562 0 1.2307915475444 0 
7.8 -7 0.675254 0 1.23629829884033 0 
8 -7 0.680756 0 1.24154349051246 0 
8.2 -7 0.685756 0 1.24646961745338 0 
8.4 -7 0.690848 0 1.25119476186363 0 
8.6 -7 0.695952 0 1.25571619410143 0 
8.8 -7 0.70078 0 1.26000773952018 0 
9 -7 0.705452 0 1.26410179954159 0 
9.2 -7 0.709922 0 1.26800916570299 0 
9.4 -7 0.714432 0 1.27174122359768 0 
9.6 -7 0.718586 0 1.27530577638235 0 
9.8 -7 0.72278 0 1.27872548523395 0 
10 -7 0.726776 0 1.28198418198957 0 
10.2 -7 0.730712 0 1.28510032348259 0 
10.4 -7 0.734598 0 1.28809129130538 0 
10.6 -7 0.738304 0 1.29095518747431 0 
10.8 -7 0.741888 0 1.29370405260716 0 
11 -7 0.745362 0 1.29633440168465 0 
11.2 -7 0.748736 0 1.2988625782385 0 
11.4 -7 0.752212 0 1.30128671236242 0 
11.6 -7 0.755444 0 1.30361685809306 0 
11.8 -7 0.758616 0 1.30585964778975 0 
12 -7 0.761694 0 1.30801112704343 0 
12.4 -7 0.76777 0 1.31206690051056 0 
12.8 -7 0.77355 0 1.31582054936805 0 
13.2 -7 0.779072 0 1.3193062092357 0 
13.6 -7 0.784256 0 1.32255540595591 0 
14 -7 0.789276 0 1.32556750110519 0 
14.4 -7 0.794128 0 1.32837191208344 0 
14.8 -7 0.798728 0 1.3309920761463 0 
15.2 -7 0.80301 0 1.33346382277447 0 
15.6 -7 0.807232 0 1.33575784799201 0 
16 -7 0.811314 0 1.33790239304243 0 
16.8 -7 0.818832 0 1.34183646683948 0 
17.6 -7 0.825888 0 1.34530034796104 0 
18.4 -7 0.832356 0 1.34839530257996 0 
19.2 -7 0.838424 0 1.35114465423382 0 
20 -7 0.844066 0 1.3536118340158 0 
20.8 -7 0.849318 0 1.35583486446299 0 
21.6 -7 0.854222 0 1.35784604691394 0 
22.4 -7 0.858852 0 1.35965851970864 0 
23.2 -7 0.863218 0 1.36129877601512 0 
24 -7 0.867296 0 1.36280222533491 0 
24.8 -7 0.87114 0 1.36417497149588 0 
25.6 -7 0.874798 0 1.36542404486347 0 
26.4 -7 0.878246 0 1.3665733664973 0 
27.2 -7 0.881524 0 1.36762725089293 0 
28 -7 0.884624 0 1.36860108734179 0 
28.8 -7 0.887538 0 1.36951009124729 0 
29.6 -7 0.890312 0 1.37035158236238 0 
30.4 -7 0.893008 0 1.37111336094987 0 
31.2 -7 0.895528 0 1.37183729785518 0 
32 -7 0.897948 0 1.37250644761074 0 
32.8 -7 0.900236 0 1.37313919589084 0 
33.6 -7 0.902458 0 1.37371651305851 0 
34.4 -7 0.90457 0 1.3742624206677 0 
35.2 -7 0.90658 0 1.37477905267953 0 
36 -7 0.908534 0 1.37525261199309 0 
36.8 -7 0.910374 0 1.37571109204103 0 
37.6 -7 0.91218 0 1.37612782858256 0 
38.4 -7 0.91388 0 1.37653342255665 0 
39.2 -7 0.915536 0 1.37690776575841 0 
40 -7 0.917132 0 1.37726 0 
0.3 -6 0.305344 0 0.201558105885647 0 
0.35 -6 0.309746 0 0.238517009326124 0 
0.4 -6 0.314782 0 0.26806469055695 0 
0.5 -6 0.324262 0 0.332088448030077 0 
0.6 -6 0.333652 0 0.389716385016711 0 
0.7 -6 0.344514 0 0.444254761843294 0 
0.8 -6 0.354608 0 0.49425418185127 0 
0.9 -6 0.366104 0 0.543807814408471 0 
1 -6 0.377904 0 0.588379498197394 0 
1.2 -6 0.39943 0 0.668028366273195 0 
1.4 -6 0.420722 0 0.735077685671651 0 
1.6 -6 0.441156 0 0.792367963281636 0 
1.8 -6 0.459032 0 0.839940515260249 0 
2 -6 0.475866 0 0.880727669217746 0 
2.2 -6 0.491522 0 0.915841840772746 0 
2.4 -6 0.505922 0 0.946527270268458 0 
2.6 -6 0.519852 0 0.973970711480229 0 
2.8 -6 0.532348 0 0.998438198771128 0 
3 -6 0.545182 0 1.02062078642955 0 
3.2 -6 0.555852 0 1.04047928930263 0 
3.4 -6 0.566414 0 1.05884248729143 0 
3.6 -6 0.57671 0 1.07588438280911 0 
3.8 -6 0.586292 0 1.09158615284607 0 
4 -6 0.595148 0 1.10597925664093 0 
4.2 -6 0.604172 0 1.11957122078662 0 
4.4 -6 0.612804 0 1.13223275973926 0 
4.6 -6 0.620918 0 1.14403496963011 0 
4.8 -6 0.628634 0 1.15515903161621 0 
5 -6 0.636272 0 1.16556080259834 0 
5.2 -6 0.643728 0 1.17534550786734 0 
5.4 -6 0.650816 0 1.18451429429405 0 
5.6 -6 0.657918 0 1.19320042988339 0 
5.8 -6 0.664482 0 1.20137375287479 0 
6 -6 0.67093 0 1.20904797270093 0 
6.2 -6 0.676948 0 1.2163007537586 0 
6.4 -6 0.68295 0 1.22316812433728 0 
6.6 -6 0.688994 0 1.2296629138325 0 
6.8 -6 0.694552 0 1.23577626345595 0 
7 -6 0.699698 0 1.24159185916931 0 
7.2 -6 0.705124 0 1.24706123504244 0 
7.4 -6 0.710214 0 1.25228139730338 0 
7.6 -6 0.71531 0 1.25721000948048 0 
7.8 -6 0.720174 0 1.26189681853472 0 
8 -6 0.724814 0 1.26634961341802 0 
8.2 -6 0.72947 0 1.27056706234487 0 
8.4 -6 0.733724 0 1.27460079977536 0 
8.6 -6 0.738074 0 1.2784196113337 0 
8.8 -6 0.74218 0 1.28205379444329 0 
9 -6 0.746182 0 1.28552809802264 0 
9.2 -6 0.750034 0 1.28883680270123 0 
9.4 -6 0.754104 0 1.29195606276486 0 
9.6 -6 0.75786 0 1.29495827897131 0 
9.8 -6 0.76126 0 1.29785858796069 0 
10 -6 0.764746 0 1.30060575215079 0 
10.2 -6 0.768228 0 1.30322009505309 0 
10.4 -6 0.771432 0 1.30575104840755 0 
10.6 -6 0.77482 0 1.30812102486804 0 
10.8 -6 0.777874 0 1.31043212023324 0 
11 -6 0.780926 0 1.3126395216527 0 
11.2 -6 0.78385 0 1.31476102052631 0 
11.4 -6 0.786736 0 1.31678939209594 0 
11.6 -6 0.78963 0 1.31872057123918 0 
11.8 -6 0.792364 0 1.32059446305477 0 
12 -6 0.79507 0 1.32238677418136 0 
12.4 -6 0.800076 0 1.32580937610433 0 
12.8 -6 0.805236 0 1.32887788799672 0 
13.2 -6 0.810018 0 1.3317556536964 0 
13.6 -6 0.81445 0 1.33446510879596 0 
14 -6 0.818786 0 1.33695165985986 0 
14.4 -6 0.822922 0 1.33927378538618 0 
14.8 -6 0.827022 0 1.34139200020831 0 
15.2 -6 0.830728 0 1.34343665482772 0 
15.6 -6 0.834302 0 1.34534169710708 0 
16 -6 0.837788 0 1.34710989291523 0 
16.8 -6 0.844342 0 1.3503261412368 0 
17.6 -6 0.850388 0 1.35317014299139 0 
18.4 -6 0.856026 0 1.35568366842207 0 
19.2 -6 0.861242 0 1.35793124210558 0 
20 -6 0.866114 0 1.35993580653463 0 
20.8 -6 0.870614 0 1.36175702068775 0 
21.6 -6 0.874828 0 1.3633991026546 0 
22.4 -6 0.878792 0 1.3648792660335 0 
23.2 -6 0.882602 0 1.36618589155892 0 
24 -6 0.886088 0 1.3674153315348 0 
24.8 -6 0.88941 0 1.36852231613572 0 
25.6 -6 0.89255 0 1.36953382982689 0 
26.4 -6 0.89551 0 1.37046467264729 0 
27.2 -6 0.898326 0 1.37131488516881 0 
28 -6 0.90098 0 1.37210581023016 0 
28.8 -6 0.903496 0 1.37283825313755 0 
29.6 -6 0.905892 0 1.37351336395779 0 
30.4 -6 0.908192 0 1.37413140067141 0 
31.2 -6 0.910372 0 1.37470974495563 0 
32 -6 0.912434 0 1.37525686285836 0 
32.8 -6 0.914414 0 1.37576195031493 0 
33.6 -6 0.916322 0 1.37622570775563 0 
34.4 -6 0.918134 0 1.37666572811259 0 
35.2 -6 0.919868 0 1.3770791946487 0 
36 -6 0.921546 0 1.377457974681 0 
36.8 -6 0.923128 0 1.37782875888033 0 
37.6 -6 0.924682 0 1.37815844904633 0 
38.4 -6 0.926138 0 1.37848867180625 0 
39.2 -6 0.927552 0 1.37879342490513 0 
40 -6 0.928932 0 1.37907 0 
0.3 -5 0.44773 0 0.285101372575032 0 
0.35 -5 0.452018 0 0.320481573639031 0 
0.4 -5 0.455986 0 0.356043392785449 0 
0.5 -5 0.464192 0 0.423766421207599 0 
0.6 -5 0.473322 0 0.486276729450391 0 
0.7 -5 0.481496 0 0.54420940328962 0 
0.8 -5 0.49167 0 0.598329544875776 0 
0.9 -5 0.500974 0 0.646818386337522 0 
1 -5 0.50991 0 0.688241877903688 0 
1.2 -5 0.526448 0 0.763411013251209 0 
1.4 -5 0.541482 0 0.823802519769039 0 
1.6 -5 0.55575 0 0.873086230785848 0 
1.8 -5 0.567186 0 0.913850908324955 0 
2 -5 0.578794 0 0.949388991406082 0 
2.2 -5 0.589594 0 0.979039976907467 0 
2.4 -5 0.59936 0 1.00550621995114 0 
2.6 -5 0.608352 0 1.02902916589327 0 
2.8 -5 0.61721 0 1.0504648933825 0 
3 -5 0.625586 0 1.06969458414733 0 
3.2 -5 0.634288 0 1.08752076735432 0 
3.4 -5 0.641796 0 1.1037913233886 0 
3.6 -5 0.649298 0 1.11898665817503 0 
3.8 -5 0.65656 0 1.13298779701376 0 
4 -5 0.663664 0 1.14601393382428 0 
4.2 -5 0.670826 0 1.15831500723924 0 
4.4 -5 0.677114 0 1.16961211367189 0 
4.6 -5 0.68404 0 1.18016576206559 0 
4.8 -5 0.69046 0 1.19010896465988 0 
5 -5 0.696692 0 1.19939523353813 0 
5.2 -5 0.702574 0 1.20809864703736 0 
5.4 -5 0.7081 0 1.21626951105048 0 
5.6 -5 0.71379 0 1.22390675996341 0 
5.8 -5 0.719418 0 1.23108377706592 0 
6 -5 0.724752 0 1.23783554231406 0 
6.2 -5 0.729928 0 1.24419080022101 0 
6.4 -5 0.734884 0 1.25018914532312 0 
6.6 -5 0.739586 0 1.25585285376651 0 
6.8 -5 0.744142 0 1.2612367162961 0 
7 -5 0.748786 0 1.2662339937695 0 
7.2 -5 0.753394 0 1.27092399409373 0 
7.4 -5 0.757418 0 1.27547655288741 0 
7.6 -5 0.761782 0 1.27967189488865 0 
7.8 -5 0.765698 0 1.28372396690649 0 
8 -5 0.769776 0 1.28749150995442 0 
8.2 -5 0.773486 0 1.29112255867543 0 
8.4 -5 0.777222 0 1.29454151933257 0 
8.6 -5 0.780742 0 1.29781037607034 0 
8.8 -5 0.784324 0 1.30086407381341 0 
9 -5 0.787658 0 1.30381093943653 0 
9.2 -5 0.790872 0 1.30662885510071 0 
9.4 -5 0.794236 0 1.30923024571801 0 
9.6 -5 0.797258 0 1.31178970870543 0 
9.8 -5 0.800268 0 1.3142085573175 0 
10 -5 0.803188 0 1.31652863625479 0 
10.2 -5 0.80615 0 1.31868454831706 0 
10.4 -5 0.808908 0 1.3207997604361 0 
10.6 -5 0.811572 0 1.32282572647865 0 
10.8 -5 0.814204 0 1.32474727777691 0 
11 -5 0.816824 0 1.32655613589072 0 
11.2 -5 0.819318 0 1.32832212963754 0 
11.4 -5 0.821714 0 1.33002235103518 0 
11.6 -5 0.824088 0 1.33163717436669 0 
11.8 -5 0.826412 0 1.33318593004888 0 
12 -5 0.828704 0 1.3346575613478 0 
12.4 -5 0.832956 0 1.33750339021139 0 
12.8 -5 0.83719 0 1.34004566736113 0 
13.2 -5 0.841208 0 1.34240139181156 0 
13.6 -5 0.844974 0 1.34461872075985 0 
14 -5 0.848622 0 1.34664842819407 0 
14.4 -5 0.852098 0 1.34854404659918 0 
14.8 -5 0.855466 0 1.35028525149611 0 
15.2 -5 0.858666 0 1.35192028180498 0 
15.6 -5 0.86158 0 1.3535241382854 0 
16 -5 0.864568 0 1.3549287703415 0 
16.8 -5 0.870008 0 1.35756709895525 0 
17.6 -5 0.87509 0 1.35986600224909 0 
18.4 -5 0.879794 0 1.3619054494802 0 
19.2 -5 0.884208 0 1.36369391119539 0 
20 -5 0.88826 0 1.36532209672285 0 
20.8 -5 0.89202 0 1.36679699188219 0 
21.6 -5 0.895558 0 1.36811460129565 0 
22.4 -5 0.898872 0 1.36930609642562 0 
23.2 -5 0.902024 0 1.37036269623249 0 
24 -5 0.904974 0 1.37133219600489 0 
24.8 -5 0.907742 0 1.37222162008104 0 
25.6 -5 0.91037 0 1.37302597347124 0 
26.4 -5 0.912844 0 1.37376964763803 0 
27.2 -5 0.915192 0 1.37444895190992 0 
28 -5 0.917414 0 1.37507761920179 0 
28.8 -5 0.919518 0 1.37566033386946 0 
29.6 -5 0.92152 0 1.37619851829029 0 
30.4 -5 0.923432 0 1.37669228094901 0 
31.2 -5 0.92525 0 1.37715457972642 0 
32 -5 0.926984 0 1.37758352674125 0 
32.8 -5 0.928628 0 1.37799095489732 0 
33.6 -5 0.93022 0 1.37835784016463 0 
34.4 -5 0.93173 0 1.37870932701036 0 
35.2 -5 0.933176 0 1.37904020368875 0 
36 -5 0.934592 0 1.37932796864269 0 
36.8 -5 0.935904 0 1.37962940937986 0 
37.6 -5 0.937194 0 1.37989323678183 0 
38.4 -5 0.938414 0 1.38015535175334 0 
39.2 -5 0.939608 0 1.38038716411495 0 
40 -5 0.940752 0 1.38061 0 
0.3 -4 0.59573 0.0005923 0.341737 0.002672 
0.35 -4 0.599254 0.0004607 0.390856 0.001487 
0.4 -4 0.601741 0.0005296 0.427237 0.0006801 
0.5 -4 0.609025 0.0003074 0.503548 0.001193 
0.6 -4 0.616887 0.0002785 0.567823 0.000713 
0.7 -4 0.623599 0.0002892 0.625339 0.0006527 
0.8 -4 0.630415 0.0001425 0.67716 0.0006373 
0.9 -4 0.636201 0.0001624 0.721831 0.000541 
1 -4 0.642222 0.0002226 0.760206 0.0002343 
1.2 -4 0.652312 9.854e-05 0.826143 0.0003734 
1.4 -4 0.660898 0.0001866 0.87926 0.0003329 
1.6 -4 0.667808 0.0001189 0.922711 0.0001798 
1.8 -4 0.674033 0.0002141 0.959206 0.0001255 
2 -4 0.680138 3.812e-05 0.990428 0.0001294 
2.2 -4 0.685523 9.712e-05 1.01803 7.223e-05 
2.4 -4 0.690883 0.0001317 1.04254 5.291e-05 
2.6 -4 0.696296 7.904e-05 1.0647 5.55e-05 
2.8 -4 0.701514 0.0001295 1.08485 6.213e-05 
3 -4 0.706717 0.0001032 1.10345 5.498e-05 
3.2 -4 0.711949 3.95e-05 1.12046 4.955e-05 
3.4 -4 0.717399 9.347e-05 1.13593 8.323e-05 
3.6 -4 0.722729 9.221e-05 1.15044 4.694e-05 
3.8 -4 0.727809 5.284e-05 1.16382 3.084e-05 
4 -4 0.732873 4.048e-05 1.17624 8.029e-06 
4.2 -4 0.737958 0 1.18777232474429 0 
4.4 -4 0.742736 0 1.19849258234266 0 
4.6 -4 0.74721 0 1.20854954398396 0 
4.8 -4 0.752306 0 1.2176585521681 0 
5 -4 0.757014 0 1.22624350697321 0 
5.2 -4 0.761896 0 1.23414240136097 0 
5.4 -4 0.766428 0 1.24163649799295 0 
5.6 -4 0.770872 0 1.24853071206343 0 
5.8 -4 0.775126 0 1.25504990708175 0 
6 -4 0.779258 0 1.26114560932539 0 
6.2 -4 0.783382 0 1.26680677211009 0 
6.4 -4 0.787358 0 1.27212944128021 0 
6.6 -4 0.791072 0 1.27721082673377 0 
6.8 -4 0.795038 0 1.28181582535337 0 
7 -4 0.798338 0 1.2863937110436 0 
7.2 -4 0.80191 0 1.29054891535371 0 
7.4 -4 0.805422 0 1.29442148633298 0 
7.6 -4 0.808678 0 1.298157707722 0 
7.8 -4 0.81195 0 1.30161400592344 0 
8 -4 0.81513 0 1.30488962390583 0 
8.2 -4 0.818244 0 1.30796286645882 0 
8.4 -4 0.821108 0 1.31097409649554 0 
8.6 -4 0.824056 0 1.31371822309989 0 
8.8 -4 0.82686 0 1.31635006314435 0 
9 -4 0.829654 0 1.3188085935752 0 
9.2 -4 0.832264 0 1.32120209651806 0 
9.4 -4 0.83481 0 1.32346971079916 0 
9.6 -4 0.837374 0 1.32558010454148 0 
9.8 -4 0.839764 0 1.32764615712349 0 
10 -4 0.842124 0 1.32958763730205 0 
10.2 -4 0.844444 0 1.3314276974364 0 
10.4 -4 0.846668 0 1.33320212212816 0 
10.6 -4 0.84888 0 1.33487150594212 0 
10.8 -4 0.850978 0 1.33649136619558 0 
11 -4 0.85302 0 1.33804627221303 0 
11.2 -4 0.855054 0 1.33949063562139 0 
11.4 -4 0.857042 0 1.34088253037167 0 
11.6 -4 0.858906 0 1.3422554345481 0 
11.8 -4 0.860758 0 1.34355119260367 0 
12 -4 0.862582 0 1.3447797929596 0 
12.4 -4 0.866076 0 1.34710655884137 0 
12.8 -4 0.8694 0 1.34924864356917 0 
13.2 -4 0.872646 0 1.35116848740556 0 
13.6 -4 0.87575 0 1.35293787258119 0 
14 -4 0.87861 0 1.35465335505835 0 
14.4 -4 0.88135 0 1.35623937547443 0 
14.8 -4 0.88411 0 1.35760987220642 0 
15.2 -4 0.88672 0 1.35890941592664 0 
15.6 -4 0.889074 0 1.36022819140645 0 
16 -4 0.891406 0 1.36140749493662 0 
16.8 -4 0.895834 0 1.36351132706827 0 
17.6 -4 0.899902 0 1.36537794291751 0 
18.4 -4 0.903682 0 1.36701999122348 0 
19.2 -4 0.907214 0 1.36845808076975 0 
20 -4 0.910496 0 1.36974438197184 0 
20.8 -4 0.913496 0 1.37094708527544 0 
21.6 -4 0.916332 0 1.37200570159647 0 
22.4 -4 0.919008 0 1.3729461689834 0 
23.2 -4 0.921548 0 1.37377256966305 0 
24 -4 0.923908 0 1.37454755922119 0 
24.8 -4 0.926134 0 1.37525040915147 0 
25.6 -4 0.928242 0 1.37588617690566 0 
26.4 -4 0.930222 0 1.37647791596505 0 
27.2 -4 0.932096 0 1.37702288186444 0 
28 -4 0.93388 0 1.37751769917079 0 
28.8 -4 0.935562 0 1.37798237783326 0 
29.6 -4 0.937162 0 1.37841281576041 0 
30.4 -4 0.9387 0 1.37879670521638 0 
31.2 -4 0.940168 0 1.37915036149963 0 
32 -4 0.941542 0 1.37950329177522 0 
32.8 -4 0.942876 0 1.37981182599955 0 
33.6 -4 0.94416 0 1.38009075518679 0 
34.4 -4 0.945356 0 1.38038194511716 0 
35.2 -4 0.946508 0 1.38064643954744 0 
36 -4 0.947638 0 1.38087420196315 0 
36.8 -4 0.948698 0 1.38110673881594 0 
37.6 -4 0.949736 0 1.38130739172915 0 
38.4 -4 0.950714 0 1.38151297828686 0 
39.2 -4 0.951658 0 1.38170494386641 0 
40 -4 0.952584 0 1.38187 0 
0.3 -3 0.733314 0.0005023 0.391856 0.002791 
0.35 -3 0.736439 0.0005145 0.442535 0.003474 
0.4 -3 0.740682 0.0007557 0.493497 0.001836 
0.5 -3 0.746225 0.00046 0.566389 0.0008091 
0.6 -3 0.75147 9.987e-05 0.630493 0.0009435 
0.7 -3 0.755844 0.0005132 0.680396 0.0006631 
0.8 -3 0.759394 0.000129 0.724649 0.001008 
0.9 -3 0.762183 0.0002548 0.763823 0.001177 
1 -3 0.764416 0.0001429 0.798675 0.0003646 
1.2 -3 0.767671 0.0002027 0.854551 0.0001944 
1.4 -3 0.769325 8.974e-05 0.90225 0.0002118 
1.6 -3 0.770932 0.0001923 0.941583 0.0001267 
1.8 -3 0.771756 8.454e-05 0.976494 0.0001038 
2 -3 0.773365 0.0001646 1.00769 0.0001073 
2.2 -3 0.774797 8.537e-05 1.03536 0.0001771 
2.4 -3 0.776737 0.0001116 1.06064 0.000112 
2.6 -3 0.779153 7.361e-05 1.08347 9.43e-05 
2.8 -3 0.781686 5.305e-05 1.10445 3.209e-05 
3 -3 0.784491 7.694e-05 1.12369 8.9e-05 
3.2 -3 0.787747 0.0001804 1.14086 0.0001303 
3.4 -3 0.790871 6.814e-05 1.157 7.836e-05 
3.6 -3 0.794254 6.459e-05 1.17161 5.4e-05 
3.8 -3 0.797583 0.0001167 1.18512 7.706e-05 
4 -3 0.801036 5.834e-05 1.19747 3.85e-05 
4.2 -3 0.804158 0 1.20907689551386 0 
4.4 -3 0.807736 0 1.21954292044562 0 
4.6 -3 0.811 0 1.22934062097641 0 
4.8 -3 0.814548 0 1.23817854940693 0 
5 -3 0.818148 0 1.24615198212666 0 
5.2 -3 0.821342 0 1.25389422858651 0 
5.4 -3 0.824696 0 1.26086094154997 0 
5.6 -3 0.828032 0 1.26731467043046 0 
5.8 -3 0.831106 0 1.27340897950221 0 
6 -3 0.834214 0 1.27903582307354 0 
6.2 -3 0.837198 0 1.28431288568493 0 
6.4 -3 0.840194 0 1.28910820881503 0 
6.6 -3 0.84315 0 1.29358425405988 0 
6.8 -3 0.845754 0 1.29798398357 0 
7 -3 0.84845 0 1.30199701800678 0 
7.2 -3 0.851118 0 1.30569416375679 0 
7.4 -3 0.853668 0 1.3092064381332 0 
7.6 -3 0.856172 0 1.31247756521283 0 
7.8 -3 0.85859 0 1.3155756613823 0 
8 -3 0.86099 0 1.3184223956318 0 
8.2 -3 0.863294 0 1.32115092925207 0 
8.4 -3 0.865522 0 1.32373033111093 0 
8.6 -3 0.867662 0 1.326192562305 0 
8.8 -3 0.869754 0 1.32849151407974 0 
9 -3 0.871856 0 1.33060823233146 0 
9.2 -3 0.873894 0 1.33260985133029 0 
9.4 -3 0.875806 0 1.33457637870286 0 
9.6 -3 0.87767 0 1.33644465820604 0 
9.8 -3 0.879498 0 1.33819688520717 0 
10 -3 0.881312 0 1.33982340515137 0 
10.2 -3 0.883014 0 1.34143870543961 0 
10.4 -3 0.884706 0 1.34293817001197 0 
10.6 -3 0.886314 0 1.34440830968375 0 
10.8 -3 0.887994 0 1.34568423467034 0 
11 -3 0.889526 0 1.347011611349 0 
11.2 -3 0.891054 0 1.34823650934232 0 
11.4 -3 0.892554 0 1.34939299970057 0 
11.6 -3 0.893966 0 1.35055789861845 0 
11.8 -3 0.895374 0 1.3516355316898 0 
12 -3 0.896726 0 1.35269101871307 0 
12.4 -3 0.899338 0 1.35466463810194 0 
12.8 -3 0.901882 0 1.35641399134422 0 
13.2 -3 0.90431 0 1.35801442528449 0 
13.6 -3 0.906652 0 1.35946065206415 0 
14 -3 0.908786 0 1.36091365233126 0 
14.4 -3 0.910906 0 1.36217063684941 0 
14.8 -3 0.912946 0 1.36331865385932 0 
15.2 -3 0.914918 0 1.36436191567955 0 
15.6 -3 0.916714 0 1.36543678130086 0 
16 -3 0.918442 0 1.36643658153398 0 
16.8 -3 0.921756 0 1.36816973012941 0 
17.6 -3 0.92484 0 1.36966488343635 0 
18.4 -3 0.927674 0 1.37100677103028 0 
19.2 -3 0.930336 0 1.37215768942221 0 
20 -3 0.93279 0 1.37320814141642 0 
20.8 -3 0.935064 0 1.3741673820291 0 
21.6 -3 0.937208 0 1.37500823655896 0 
22.4 -3 0.939218 0 1.37576041038198 0 
23.2 -3 0.941118 0 1.37642591728461 0 
24 -3 0.94289 0 1.37704868880957 0 
24.8 -3 0.944554 0 1.37761726435696 0 
25.6 -3 0.946144 0 1.37811436962013 0 
26.4 -3 0.947632 0 1.37858656073994 0 
27.2 -3 0.949034 0 1.37902786218395 0 
28 -3 0.950388 0 1.3794039030221 0 
28.8 -3 0.95165 0 1.37977639245707 0 
29.6 -3 0.95285 0 1.38012079757596 0 
30.4 -3 0.954008 0 1.38041941528559 0 
31.2 -3 0.955112 0 1.38069501520839 0 
32 -3 0.956148 0 1.38097148568236 0 
32.8 -3 0.957138 0 1.38122798020574 0 
33.6 -3 0.958092 0 1.38145624427271 0 
34.4 -3 0.959 0 1.38167778391466 0 
35.2 -3 0.959868 0 1.38188514937729 0 
36 -3 0.960712 0 1.382065718782 0 
36.8 -3 0.961512 0 1.38224495677354 0 
37.6 -3 0.962286 0 1.38240781251944 0 
38.4 -3 0.963024 0 1.38256660786465 0 
39.2 -3 0.963736 0 1.38271403577412 0 
40 -3 0.964424 0 1.38285 0 
0.3 -2 0.859012 0.001144 0.443592 0.01093 
0.35 -2 0.860367 0.0005486 0.497044 0.003528 
0.4 -2 0.861594 0.0008955 0.537103 0.004973 
0.5 -2 0.864907 0.0007743 0.609751 0.003301 
0.6 -2 0.866105 0.0004452 0.657445 0.00156 
0.7 -2 0.867591 0.0003835 0.702735 0.0007753 
0.8 -2 0.866851 0.0002101 0.742532 0.0005614 
0.9 -2 0.866822 0.0002554 0.773554 0.0007265 
1 -2 0.866247 0.000276 0.802358 0.000752 
1.2 -2 0.863752 0.0001734 0.854154 0.0002848 
1.4 -2 0.861397 0.000119 0.898481 0.000322 
1.6 -2 0.859196 2.931e-05 0.938496 0.0001225 
1.8 -2 0.85775 6.809e-05 0.974818 0.0001531 
2 -2 0.856798 5.518e-05 1.00807 0.0001885 
2.2 -2 0.856278 9.953e-05 1.03812 0.0001317 
2.4 -2 0.856325 3.545e-05 1.06573 0.0001111 
2.6 -2 0.856751 5.145e-05 1.09086 0.0001583 
2.8 -2 0.857723 2.362e-05 1.11342 7.717e-05 
3 -2 0.858945 6.833e-05 1.13406 0.0001014 
3.2 -2 0.860414 6.024e-05 1.15259 0.0001169 
3.4 -2 0.862195 4.583e-05 1.16933 8.146e-05 
3.6 -2 0.864013 2.649e-05 1.1847 4.686e-05 
3.8 -2 0.865964 4.497e-05 1.19869 5.903e-05 
4 -2 0.868071 5.912e-05 1.21131 9.766e-05 
4.2 -2 0.870086 0 1.22306830928056 0 
4.4 -2 0.872188 0 1.2337384165942 0 
4.6 -2 0.874396 0 1.24332550392758 0 
4.8 -2 0.876538 0 1.25221424789557 0 
5 -2 0.878718 0 1.26032353566493 0 
5.2 -2 0.881084 0 1.26736616261803 0 
5.4 -2 0.883076 0 1.27440141161743 0 
5.6 -2 0.885298 0 1.28049080911255 0 
5.8 -2 0.887316 0 1.28638334280649 0 
6 -2 0.889324 0 1.29175538206589 0 
6.2 -2 0.89137 0 1.29660368474191 0 
6.4 -2 0.893318 0 1.30116787715558 0 
6.6 -2 0.895226 0 1.30539528722901 0 
6.8 -2 0.897038 0 1.30941588396097 0 
7 -2 0.898812 0 1.31312918713453 0 
7.2 -2 0.900608 0 1.31650124084742 0 
7.4 -2 0.902324 0 1.31967513778841 0 
7.6 -2 0.90394 0 1.32276172050126 0 
7.8 -2 0.905604 0 1.32547667816342 0 
8 -2 0.907084 0 1.32827834663294 0 
8.2 -2 0.90871 0 1.33055204226351 0 
8.4 -2 0.91024 0 1.33280371735892 0 
8.6 -2 0.91166 0 1.33502876108116 0 
8.8 -2 0.913038 0 1.33712632462291 0 
9 -2 0.914372 0 1.33912595924557 0 
9.2 -2 0.915752 0 1.34086053448436 0 
9.4 -2 0.91707 0 1.34254016903982 0 
9.6 -2 0.91833 0 1.34415791293683 0 
9.8 -2 0.919554 0 1.34569858601696 0 
10 -2 0.920734 0 1.34717904035481 0 
10.2 -2 0.921942 0 1.34847769660485 0 
10.4 -2 0.922992 0 1.34993638316788 0 
10.6 -2 0.924096 0 1.35117832543927 0 
10.8 -2 0.925196 0 1.35230882560726 0 
11 -2 0.926256 0 1.35341160880743 0 
11.2 -2 0.927256 0 1.35451362057246 0 
11.4 -2 0.92827 0 1.35548532732712 0 
11.6 -2 0.929206 0 1.35651839681732 0 
11.8 -2 0.93014 0 1.35746577028973 0 
12 -2 0.93103 0 1.35840461589613 0 
12.4 -2 0.932826 0 1.36002180980116 0 
12.8 -2 0.934484 0 1.36159622761351 0 
13.2 -2 0.936106 0 1.36296341229275 0 
13.6 -2 0.937672 0 1.36418021897236 0 
14 -2 0.939132 0 1.36537131677524 0 
14.4 -2 0.940536 0 1.36645364179287 0 
14.8 -2 0.941884 0 1.36744658055178 0 
15.2 -2 0.943194 0 1.36832716601379 0 
15.6 -2 0.944438 0 1.36916253760629 0 
16 -2 0.945578 0 1.37004030596266 0 
16.8 -2 0.947808 0 1.37146571031109 0 
17.6 -2 0.949846 0 1.37275315150499 0 
18.4 -2 0.95175 0 1.37385044307527 0 
19.2 -2 0.953524 0 1.37480718305564 0 
20 -2 0.955162 0 1.37568138594322 0 
20.8 -2 0.956684 0 1.37647384034913 0 
21.6 -2 0.958112 0 1.37717297984001 0 
22.4 -2 0.959454 0 1.37779268442626 0 
23.2 -2 0.960724 0 1.37833379251941 0 
24 -2 0.961904 0 1.37884604491515 0 
24.8 -2 0.963022 0 1.37930379079954 0 
25.6 -2 0.964072 0 1.37972827085975 0 
26.4 -2 0.965066 0 1.38011091640436 0 
27.2 -2 0.966004 0 1.3804713909075 0 
28 -2 0.96691 0 1.38076604919756 0 
28.8 -2 0.967754 0 1.38106902695917 0 
29.6 -2 0.968552 0 1.38135644218063 0 
30.4 -2 0.969332 0 1.38158272224251 0 
31.2 -2 0.970064 0 1.38180987785786 0 
32 -2 0.970752 0 1.38204470051475 0 
32.8 -2 0.971416 0 1.38224680953838 0 
33.6 -2 0.972056 0 1.38242440848449 0 
34.4 -2 0.972658 0 1.38261277010781 0 
35.2 -2 0.973242 0 1.38277139777635 0 
36 -2 0.9738 0 1.38292455028245 0 
36.8 -2 0.974334 0 1.38307224852969 0 
37.6 -2 0.97485 0 1.38319913513537 0 
38.4 -2 0.975344 0 1.3833260871881 0 
39.2 -2 0.975816 0 1.38344939052125 0 
40 -2 0.97628 0 1.38355 0 
0.3 -1.5 0.911921 0.001562 0.460928 0.005364 
0.35 -1.5 0.911539 0.001511 0.504892 0.002443 
0.4 -1.5 0.912541 0.0009336 0.539394 0.003261 
0.5 -1.5 0.912477 0.0009252 0.611989 0.001707 
0.6 -1.5 0.913151 0.0005188 0.664095 0.002802 
0.7 -1.5 0.911923 0.0004321 0.699557 0.001515 
0.8 -1.5 0.910645 0.000332 0.736742 0.001503 
0.9 -1.5 0.90872 0.000208 0.769281 0.0006988 
1 -1.5 0.907056 0.0002869 0.794412 0.0006831 
1.2 -1.5 0.903994 0.0001279 0.845651 0.0006963 
1.4 -1.5 0.900797 0.0001027 0.891234 0.0004184 
1.6 -1.5 0.898317 5.329e-05 0.932588 0.0003687 
1.8 -1.5 0.896321 0.0001001 0.970795 0.0002551 
2 -1.5 0.894914 8.506e-05 1.00553 0.0001603 
2.2 -1.5 0.894136 4.713e-05 1.03694 9.138e-05 
2.4 -1.5 0.893758 4.494e-05 1.06567 5.847e-05 
2.6 -1.5 0.893781 4.978e-05 1.09197 0.0001253 
2.8 -1.5 0.894161 5.302e-05 1.11562 0.0001195 
3 -1.5 0.894968 2.777e-05 1.1366 8.729e-05 
3.2 -1.5 0.895928 3.416e-05 1.15582 5.848e-05 
3.4 -1.5 0.897033 3.042e-05 1.17317 5.86e-05 
3.6 -1.5 0.898383 3.925e-05 1.18887 5.55e-05 
3.8 -1.5 0.899811 2.573e-05 1.20296 5.879e-05 
4 -1.5 0.901242 1.41e-05 1.2159 4.743e-05 
4.2 -1.5 0.902772 0 1.22768600819467 0 
4.4 -1.5 0.904258 0 1.23850214133036 0 
4.6 -1.5 0.905788 0 1.24829552886713 0 
4.8 -1.5 0.907456 0 1.25706731867482 0 
5 -1.5 0.909124 0 1.2649861307342 0 
5.2 -1.5 0.910792 0 1.27217489380632 0 
5.4 -1.5 0.91236 0 1.27893192090596 0 
5.6 -1.5 0.913904 0 1.28523152318958 0 
5.8 -1.5 0.915484 0 1.29084718622069 0 
6 -1.5 0.917024 0 1.2960141209597 0 
6.2 -1.5 0.918566 0 1.30072355861769 0 
6.4 -1.5 0.920012 0 1.30519964828791 0 
6.6 -1.5 0.921332 0 1.30961168821175 0 
6.8 -1.5 0.922796 0 1.31324956988256 0 
7 -1.5 0.92407 0 1.31701606510908 0 
7.2 -1.5 0.925448 0 1.32019641594166 0 
7.4 -1.5 0.926692 0 1.32338264236015 0 
7.6 -1.5 0.927914 0 1.32635521826499 0 
7.8 -1.5 0.929106 0 1.32908576116962 0 
8 -1.5 0.930302 0 1.33159956612415 0 
8.2 -1.5 0.931514 0 1.33379251687292 0 
8.4 -1.5 0.932616 0 1.33606840997065 0 
8.6 -1.5 0.93369 0 1.33819168426022 0 
8.8 -1.5 0.934742 0 1.34016441468984 0 
9 -1.5 0.935754 0 1.34203887547972 0 
9.2 -1.5 0.936774 0 1.34373630634127 0 
9.4 -1.5 0.937778 0 1.34529744168441 0 
9.6 -1.5 0.938684 0 1.34694792361073 0 
9.8 -1.5 0.939626 0 1.34836044780292 0 
10 -1.5 0.940522 0 1.34974635345351 0 
10.2 -1.5 0.941412 0 1.35101599883803 0 
10.4 -1.5 0.942218 0 1.35237031317523 0 
10.6 -1.5 0.943024 0 1.3536032075396 0 
10.8 -1.5 0.943856 0 1.35465445305106 0 
11 -1.5 0.944672 0 1.35564383856299 0 
11.2 -1.5 0.94541 0 1.35672557949787 0 
11.4 -1.5 0.946156 0 1.357680914133 0 
11.6 -1.5 0.946898 0 1.35856241457682 0 
11.8 -1.5 0.947582 0 1.3595010698788 0 
12 -1.5 0.948262 0 1.36036361115986 0 
12.4 -1.5 0.9496 0 1.36190760172346 0 
12.8 -1.5 0.950848 0 1.36338486846532 0 
13.2 -1.5 0.952046 0 1.36471828119993 0 
13.6 -1.5 0.95324 0 1.36581052634982 0 
14 -1.5 0.954334 0 1.36693386574733 0 
14.4 -1.5 0.955386 0 1.36795604590863 0 
14.8 -1.5 0.956396 0 1.36888589849914 0 
15.2 -1.5 0.957376 0 1.36971328078079 0 
15.6 -1.5 0.958316 0 1.3704781289034 0 
16 -1.5 0.95917 0 1.37130735034059 0 
16.8 -1.5 0.960834 0 1.37266054508991 0 
17.6 -1.5 0.962382 0 1.37381319441394 0 
18.4 -1.5 0.963814 0 1.37482247138771 0 
19.2 -1.5 0.965132 0 1.37574393999506 0 
20 -1.5 0.966362 0 1.37655185809241 0 
20.8 -1.5 0.967504 0 1.37728651090665 0 
21.6 -1.5 0.968582 0 1.3779188971366 0 
22.4 -1.5 0.969586 0 1.37849905186058 0 
23.2 -1.5 0.970536 0 1.37900300697613 0 
24 -1.5 0.97142 0 1.37948449367626 0 
24.8 -1.5 0.97226 0 1.37989944880953 0 
25.6 -1.5 0.973046 0 1.38029722024836 0 
26.4 -1.5 0.9738 0 1.38063259280747 0 
27.2 -1.5 0.974498 0 1.3809758645177 0 
28 -1.5 0.975178 0 1.38124921694793 0 
28.8 -1.5 0.975812 0 1.38152229834854 0 
29.6 -1.5 0.97641 0 1.38179002054113 0 
30.4 -1.5 0.976998 0 1.38198996569465 0 
31.2 -1.5 0.977546 0 1.38220380886001 0 
32 -1.5 0.97806 0 1.38242037103608 0 
32.8 -1.5 0.978558 0 1.38260664591116 0 
33.6 -1.5 0.979036 0 1.38277849155691 0 
34.4 -1.5 0.97949 0 1.38294194025743 0 
35.2 -1.5 0.979926 0 1.38309361358849 0 
36 -1.5 0.980348 0 1.3832276922509 0 
36.8 -1.5 0.980748 0 1.38336077451844 0 
37.6 -1.5 0.981136 0 1.38347653165668 0 
38.4 -1.5 0.981506 0 1.38359482548913 0 
39.2 -1.5 0.981862 0 1.38370436544286 0 
40 -1.5 0.982208 0 1.3838 0 
0.3 -1 0.956189 0.001816 0.450162 0.01797 
0.35 -1 0.954296 0.001363 0.491456 0.00446 
0.4 -1 0.953916 0.001047 0.535397 0.006572 
0.5 -1 0.951062 0.0005328 0.605795 0.005299 
0.6 -1 0.94966 0.000427 0.653671 0.001578 
0.7 -1 0.947968 0.0004539 0.694966 0.00104 
0.8 -1 0.945838 0.0002526 0.727745 0.00168 
0.9 -1 0.944172 0.0001969 0.760176 0.0006851 
1 -1 0.942726 0.0002104 0.784776 0.0006896 
1.2 -1 0.939322 8.394e-05 0.83634 0.0006296 
1.4 -1 0.936369 0.0001164 0.883779 0.0004984 
1.6 -1 0.934091 5.033e-05 0.926778 0.0003098 
1.8 -1 0.932367 6.511e-05 0.96659 8.257e-05 
2 -1 0.931141 4.106e-05 1.00257 0.0002 
2.2 -1 0.930319 3.87e-05 1.03554 0.0001469 
2.4 -1 0.929858 2.199e-05 1.06521 5.626e-05 
2.6 -1 0.929774 3.77e-05 1.09219 0.0001635 
2.8 -1 0.929936 3.097e-05 1.11645 0.0001064 
3 -1 0.930258 2.142e-05 1.13854 7.208e-05 
3.2 -1 0.930903 9.894e-06 1.1579 3.196e-05 
3.4 -1 0.931567 2.181e-05 1.17565 8.235e-05 
3.6 -1 0.932402 2.925e-05 1.19159 7.19e-05 
3.8 -1 0.933288 2.549e-05 1.20606 7.565e-05 
4 -1 0.93429 1.56e-05 1.21896 6.379e-05 
4.2 -1 0.93521 0 1.23105181854857 0 
4.4 -1 0.93627 0 1.24172211092351 0 
4.6 -1 0.937288 0 1.25144593102062 0 
4.8 -1 0.938396 0 1.26019618529836 0 
5 -1 0.939396 0 1.26846427001392 0 
5.2 -1 0.940504 0 1.2756259705321 0 
5.4 -1 0.941544 0 1.28236790127552 0 
5.6 -1 0.942614 0 1.28840456530841 0 
5.8 -1 0.943642 0 1.29407040875557 0 
6 -1 0.944674 0 1.2991278413394 0 
6.2 -1 0.945662 0 1.30390925252683 0 
6.4 -1 0.946642 0 1.30824104425455 0 
6.6 -1 0.947542 0 1.31251768878417 0 
6.8 -1 0.94848 0 1.31621796305717 0 
7 -1 0.949376 0 1.31975328260442 0 
7.2 -1 0.950256 0 1.32298110129272 0 
7.4 -1 0.951116 0 1.32596704115155 0 
7.6 -1 0.951912 0 1.3289394836582 0 
7.8 -1 0.952758 0 1.33142819473848 0 
8 -1 0.9535 0 1.33406301876619 0 
8.2 -1 0.954292 0 1.33626214262604 0 
8.4 -1 0.955052 0 1.33837790745852 0 
8.6 -1 0.955768 0 1.3404325903147 0 
8.8 -1 0.956486 0 1.34228485563927 0 
9 -1 0.957146 0 1.34416223787139 0 
9.2 -1 0.957838 0 1.34575438974493 0 
9.4 -1 0.958494 0 1.3473114388848 0 
9.6 -1 0.959114 0 1.34885128512504 0 
9.8 -1 0.959726 0 1.35027401584363 0 
10 -1 0.960334 0 1.3515746660515 0 
10.2 -1 0.960916 0 1.35283866766974 0 
10.4 -1 0.961462 0 1.35411734854722 0 
10.6 -1 0.962006 0 1.35527852644332 0 
10.8 -1 0.962546 0 1.35634622101764 0 
11 -1 0.963098 0 1.35726257694549 0 
11.2 -1 0.963596 0 1.35827900078652 0 
11.4 -1 0.9641 0 1.35917070543135 0 
11.6 -1 0.96458 0 1.36006742363936 0 
11.8 -1 0.965038 0 1.36096607795783 0 
12 -1 0.965494 0 1.36178828214612 0 
12.4 -1 0.966394 0 1.36323398515256 0 
12.8 -1 0.967228 0 1.36464251590605 0 
13.2 -1 0.968028 0 1.36591153889493 0 
13.6 -1 0.968814 0 1.3669917681814 0 
14 -1 0.969538 0 1.36808111965186 0 
14.4 -1 0.97025 0 1.36901554749708 0 
14.8 -1 0.970922 0 1.36990409610217 0 
15.2 -1 0.971576 0 1.37069147598461 0 
15.6 -1 0.972202 0 1.37141917913589 0 
16 -1 0.972772 0 1.37220947442008 0 
16.8 -1 0.97389 0 1.37345959978937 0 
17.6 -1 0.974914 0 1.37458305766787 0 
18.4 -1 0.975864 0 1.37555666198949 0 
19.2 -1 0.97675 0 1.37639987401368 0 
20 -1 0.977572 0 1.37716273475488 0 
20.8 -1 0.97833 0 1.37787194306264 0 
21.6 -1 0.979048 0 1.37846720218649 0 
22.4 -1 0.979724 0 1.3789901687405 0 
23.2 -1 0.980358 0 1.37946591916372 0 
24 -1 0.980946 0 1.37992257293879 0 
24.8 -1 0.981504 0 1.38031744427177 0 
25.6 -1 0.98203 0 1.38068612593636 0 
26.4 -1 0.98253 0 1.38101153614444 0 
27.2 -1 0.982998 0 1.38132305174226 0 
28 -1 0.98345 0 1.38158437432384 0 
28.8 -1 0.983874 0 1.38183861643206 0 
29.6 -1 0.984272 0 1.38209020746205 0 
30.4 -1 0.984662 0 1.38228055203164 0 
31.2 -1 0.985028 0 1.38247673185294 0 
32 -1 0.985376 0 1.38266585584279 0 
32.8 -1 0.985704 0 1.38285413698139 0 
33.6 -1 0.986022 0 1.38301444591436 0 
34.4 -1 0.986326 0 1.38316504107164 0 
35.2 -1 0.986616 0 1.38330993248651 0 
36 -1 0.9869 0 1.38342701604425 0 
36.8 -1 0.987166 0 1.38355235074021 0 
37.6 -1 0.987424 0 1.3836650970033 0 
38.4 -1 0.987668 0 1.38378194340793 0 
39.2 -1 0.987908 0 1.38387792617503 0 
40 -1 0.988138 0 1.38397 0 
0.3 -0.5 0.987409 0.001464 0.402768 0.01635 
0.35 -0.5 0.98444 0.001079 0.471221 0.009773
0.4 -0.5 0.981512 0.0006616 0.527657 0.007841 
0.5 -0.5 0.979822 0.0004572 0.591661 0.003709 
0.6 -0.5 0.977959 0.0002834 0.64383 0.002359 
0.7 -0.5 0.976344 0.0002153 0.683307 0.00266 
0.8 -0.5 0.975035 0.0001329 0.718801 0.002286 
0.9 -0.5 0.973726 0.0001176 0.753157 0.001507 
1 -0.5 0.972506 7.092e-05 0.78276 0.001103 
1.2 -0.5 0.970708 6.852e-05 0.829787 0.0007298 
1.4 -0.5 0.968958 5.4e-05 0.878559 0.0006723 
1.6 -0.5 0.967695 4.226e-05 0.922417 0.0003585 
1.8 -0.5 0.966596 2.303e-05 0.96369 0.0002489 
2 -0.5 0.965932 2.158e-05 1.00035 0.0002431 
2.2 -0.5 0.965452 1.928e-05 1.03417 0.0001608 
2.4 -0.5 0.965142 1.537e-05 1.06494 0.000227 
2.6 -0.5 0.965066 1.393e-05 1.0923 0.0001036 
2.8 -0.5 0.965122 1.578e-05 1.11672 9.002e-05 
3 -0.5 0.965268 8.07e-06 1.13916 5.795e-05 
3.2 -0.5 0.965539 1.382e-05 1.15912 4.822e-05 
3.4 -0.5 0.965892 2.378e-05 1.17687 0.0001618 
3.6 -0.5 0.966273 1.014e-05 1.19312 5.602e-05 
3.8 -0.5 0.966694 9.497e-06 1.20777 4.637e-05 
4 -0.5 0.967174 2.466e-06 1.2208 2.875e-05 
4.2 -0.5 0.9676 0 1.23328684680706 0 
4.4 -0.5 0.968176 0 1.24344216209822 0 
4.6 -0.5 0.968644 0 1.25351181642826 0 
4.8 -0.5 0.969168 0 1.26248295470851 0 
5 -0.5 0.969708 0 1.27043303578012 0 
5.2 -0.5 0.970244 0 1.27771945788313 0 
5.4 -0.5 0.970784 0 1.28427230935513 0 
5.6 -0.5 0.97131 0 1.29029315325873 0 
5.8 -0.5 0.971826 0 1.29591372872763 0 
6 -0.5 0.972342 0 1.30095387136604 0 
6.2 -0.5 0.972824 0 1.30577217096743 0 
6.4 -0.5 0.973306 0 1.3101142809028 0 
6.6 -0.5 0.973766 0 1.31426999271263 0 
6.8 -0.5 0.974244 0 1.31785040724893 0 
7 -0.5 0.974682 0 1.32141804781598 0 
7.2 -0.5 0.975124 0 1.3245817776869 0 
7.4 -0.5 0.975558 0 1.32751305652734 0 
7.6 -0.5 0.975962 0 1.33039829380857 0 
7.8 -0.5 0.976372 0 1.33294402102664 0 
8 -0.5 0.976752 0 1.33546390216017 0 
8.2 -0.5 0.977146 0 1.33763895067939 0 
8.4 -0.5 0.977512 0 1.33982206812749 0 
8.6 -0.5 0.97788 0 1.3417633339521 0 
8.8 -0.5 0.978238 0 1.34357893096277 0 
9 -0.5 0.978566 0 1.34544507673703 0 
9.2 -0.5 0.978906 0 1.34705591065342 0 
9.4 -0.5 0.979242 0 1.3485144613496 0 
9.6 -0.5 0.979554 0 1.35001304288518 0 
9.8 -0.5 0.979858 0 1.3514168038384 0 
10 -0.5 0.98016 0 1.35269917057666 0 
10.2 -0.5 0.980456 0 1.35388891232527 0 
10.4 -0.5 0.980732 0 1.35512215486553 0 
10.6 -0.5 0.980998 0 1.35630552389287 0 
10.8 -0.5 0.98127 0 1.35732798349133 0 
11 -0.5 0.981544 0 1.3582396603754 0 
11.2 -0.5 0.981794 0 1.35922428154202 0 
11.4 -0.5 0.982042 0 1.36012200403132 0 
11.6 -0.5 0.982292 0 1.36092489377745 0 
11.8 -0.5 0.982514 0 1.3618578224243 0 
12 -0.5 0.982742 0 1.36265095028867 0 
12.4 -0.5 0.983188 0 1.36409099698194 0 
12.8 -0.5 0.98361 0 1.36543229980837 0 
13.2 -0.5 0.984008 0 1.36668093652046 0 
13.6 -0.5 0.984404 0 1.36770086277564 0 
14 -0.5 0.984772 0 1.36872499224766 0 
14.4 -0.5 0.985126 0 1.36964005257769 0 
14.8 -0.5 0.985458 0 1.37053914975376 0 
15.2 -0.5 0.985786 0 1.37128826067219 0 
15.6 -0.5 0.986098 0 1.37199505353003 0 
16 -0.5 0.986384 0 1.37275224575629 0 
16.8 -0.5 0.98694 0 1.3739845625464 0 
17.6 -0.5 0.987454 0 1.37505527821976 0 
18.4 -0.5 0.987934 0 1.37596120461936 0 
19.2 -0.5 0.988374 0 1.37680686372198 0 
20 -0.5 0.988786 0 1.37752931060679 0 
20.8 -0.5 0.989164 0 1.37821278025114 0 
21.6 -0.5 0.989524 0 1.37878322504896 0 
22.4 -0.5 0.989858 0 1.37932032947093 0 
23.2 -0.5 0.990176 0 1.37976664700484 0 
24 -0.5 0.990472 0 1.38020109522427 0 
24.8 -0.5 0.990752 0 1.38057522695989 0 
25.6 -0.5 0.991014 0 1.38093934471831 0 
26.4 -0.5 0.991264 0 1.38125033068455 0 
27.2 -0.5 0.991498 0 1.38155098724314 0 
28 -0.5 0.991724 0 1.38178959082179 0 
28.8 -0.5 0.991936 0 1.38204277650293 0 
29.6 -0.5 0.992136 0 1.3822807365264 0 
30.4 -0.5 0.99233 0 1.38246798089688 0 
31.2 -0.5 0.992514 0 1.38264786108691 0 
32 -0.5 0.992686 0 1.38284666912556 0 
32.8 -0.5 0.992852 0 1.38301244911001 0 
33.6 -0.5 0.99301 0 1.38316977596071 0 
34.4 -0.5 0.993162 0 1.38331590031418 0 
35.2 -0.5 0.993308 0 1.38344834864397 0 
36 -0.5 0.993448 0 1.38356975821857 0 
36.8 -0.5 0.993582 0 1.3836870980802 0 
37.6 -0.5 0.993712 0 1.38379089237893 0 
38.4 -0.5 0.993834 0 1.38389681732167 0 
39.2 -0.5 0.993954 0 1.38399280008322 0 
40 -0.5 0.994068 0 1.38408 0 
0.3 0 1 0 0.370984 0.0194 
0.35 0 1 0 0.449406 0.008107 
0.4 0 1 0 0.504512 0.006191 
0.5 0 1 0 0.590765 0.007062 
0.6 0 1 0 0.637465 0.003868 
0.7 0 1 0 0.682416 0.00205 
0.8 0 1 0 0.717505 0.001795 
0.9 0 1 0 0.749315 0.001724 
1 0 1 0 0.779061 0.001255 
1.2 0 1 0 0.827517 0.001111 
1.4 0 1 0 0.875714 0.0005068 
1.6 0 1 0 0.921251 0.0004684 
1.8 0 1 0 0.962372 0.0002763 
2 0 1 0 0.999514 0.0002731 
2.2 0 1 0 1.03376 0.0002332 
2.4 0 1 0 1.06458 9.997e-05 
2.6 0 1 0 1.09205 9.369e-05 
2.8 0 1 0 1.11703 8.594e-05 
3 0 1 0 1.13944 9.222e-05 
3.2 0 1 0 1.15957 0.0001085 
3.4 0 1 0 1.1774 8.756e-05 
3.6 0 1 0 1.1936 5.342e-05 
3.8 0 1 0 1.20845 6.874e-05 
4 0 1 0 1.22144 5.734e-05 
4.2 0 1 0 1.23391382737064 0 
4.4 0 1 0 1.2442654565407 0 
4.6 0 1 0 1.2540955154086 0 
4.8 0 1 0 1.26299983469632 0 
5 0 1 0 1.27105564438775 0 
5.2 0 1 0 1.27828088189165 0 
5.4 0 1 0 1.28495110552979 0 
5.6 0 1 0 1.29091103341806 0 
5.8 0 1 0 1.29659161485586 0 
6 0 1 0 1.30163074028621 0 
6.2 0 1 0 1.30641280699327 0 
6.4 0 1 0 1.31079539639336 0 
6.6 0 1 0 1.31484309957496 0 
6.8 0 1 0 1.31847023389998 0 
7 0 1 0 1.3219493174579 0 
7.2 0 1 0 1.32509205994887 0 
7.4 0 1 0 1.32797662347039 0 
7.6 0 1 0 1.330870127846 0 
7.8 0 1 0 1.33344429816523 0 
8 0 1 0 1.33595835615268 0 
8.2 0 1 0 1.33810315617652 0 
8.4 0 1 0 1.34028109260978 0 
8.6 0 1 0 1.34217717984258 0 
8.8 0 1 0 1.34399886904119 0 
9 0 1 0 1.34587984686877 0 
9.2 0 1 0 1.34747199868611 0 
9.4 0 1 0 1.34896667978026 0 
9.6 0 1 0 1.35046357701903 0 
9.8 0 1 0 1.35178980943129 0 
10 0 1 0 1.35310056095248 0 
10.2 0 1 0 1.35425782637387 0 
10.4 0 1 0 1.35547339843875 0 
10.6 0 1 0 1.35664257654483 0 
10.8 0 1 0 1.35767101761078 0 
11 0 1 0 1.35857416213153 0 
11.2 0 1 0 1.35953310691513 0 
11.4 0 1 0 1.36040498801006 0 
11.6 0 1 0 1.36123700891368 0 
11.8 0 1 0 1.36214882592503 0 
12 0 1 0 1.36293640743058 0 
12.4 0 1 0 1.3643558784396 0 
12.8 0 1 0 1.36568646601813 0 
13.2 0 1 0 1.36689825361487 0 
13.6 0 1 0 1.36793892762987 0 
14 0 1 0 1.36897552169889 0 
14.4 0 1 0 1.36985980530783 0 
14.8 0 1 0 1.37073136648077 0 
15.2 0 1 0 1.37146367637272 0 
15.6 0 1 0 1.37216371557614 0 
16 0 1 0 1.37294046578329 0 
16.8 0 1 0 1.37412923718023 0 
17.6 0 1 0 1.37521826996365 0 
18.4 0 1 0 1.37609774744556 0 
19.2 0 1 0 1.37693234094762 0 
20 0 1 0 1.37764672540304 0 
20.8 0 1 0 1.37831328104246 0 
21.6 0 1 0 1.37889504787534 0 
22.4 0 1 0 1.37941055895537 0 
23.2 0 1 0 1.37985428845758 0 
24 0 1 0 1.38027788813995 0 
24.8 0 1 0 1.38065398722904 0 
25.6 0 1 0 1.38100671511084 0 
26.4 0 1 0 1.38131043124514 0 
27.2 0 1 0 1.38160015413166 0 
28 0 1 0 1.38184466389887 0 
28.8 0 1 0 1.3820976382789 0 
29.6 0 1 0 1.38232463869548 0 
30.4 0 1 0 1.3825178500704 0 
31.2 0 1 0 1.38269526257515 0 
32 0 1 0 1.38289160211481 0 
32.8 0 1 0 1.38305877104716 0 
33.6 0 1 0 1.38320841679297 0 
34.4 0 1 0 1.38335218808723 0 
35.2 0 1 0 1.38348046955823 0 
36 0 1 0 1.38360137348566 0 
36.8 0 1 0 1.38371588355584 0 
37.6 0 1 0 1.38382255430283 0 
38.4 0 1 0 1.38392676865 0 
39.2 0 1 0 1.38402141115228 0 
40 0 1 0 1.38411 0 
