3.6 -24 0.00554822 0 0.0365554761571604 0 
3.8 -24 0.00748806 0 0.0474249981565261 0 
4 -24 0.00978536 0 0.059686064407225 0 
4.2 -24 0.0124314 0 0.0731649124778535 0 
4.4 -24 0.01549358 0 0.0880912216099836 0 
4.6 -24 0.01894968 0 0.104230864642077 0 
4.8 -24 0.022796 0 0.121482344076264 0 
5 -24 0.0269934 0 0.139592792695049 0 
5.2 -24 0.0315538 0 0.15854131481465 0 
5.4 -24 0.0365536 0 0.178577933628545 0 
5.6 -24 0.0418728 0 0.199168885891649 0 
5.8 -24 0.0475238 0 0.220327758119942 0 
6 -24 0.0532592 0 0.241130902433777 0 
6.2 -24 0.0592728 0 0.262270566372318 0 
6.4 -24 0.0654792 0 0.283435327747817 0 
6.6 -24 0.072152 0 0.30552045451855 0 
6.8 -24 0.078858 0 0.327101579197317 0 
7 -24 0.0856972 0 0.34851664354632 0 
7.2 -24 0.0929236 0 0.370534549965714 0 
7.4 -24 0.0999502 0 0.39140900619711 0 
7.6 -24 0.107223 0 0.41246657389199 0 
7.8 -24 0.1147128 0 0.433618464214827 0 
8 -24 0.1220534 0 0.453870988818331 0 
8.2 -24 0.1296798 0 0.474409563025376 0 
8.4 -24 0.137205 0 0.494228401398415 0 
8.6 -24 0.1446558 0 0.513427122356588 0 
8.8 -24 0.1521558 0 0.532331173186961 0 
9 -24 0.1597002 0 0.550946787960811 0 
9.2 -24 0.1674682 0 0.569706048495357 0 
9.4 -24 0.1751072 0 0.587788207689132 0 
9.6 -24 0.1826224 0 0.605234073045675 0 
9.8 -24 0.1901428 0 0.622351215494715 0 
10 -24 0.19771 0 0.639245891055189 0 
10.2 -24 0.205104 0 0.655455529610214 0 
10.4 -24 0.212476 0 0.671322008688995 0 
10.6 -24 0.219862 0 0.68693143298688 0 
10.8 -24 0.227172 0 0.702110865565889 0 
11 -24 0.234418 0 0.716899317153124 0 
11.2 -24 0.241612 0 0.731332860780922 0 
11.4 -24 0.248772 0 0.745458893247117 0 
11.6 -24 0.255838 0 0.759173186733221 0 
11.8 -24 0.262828 0 0.77252458876569 0 
12 -24 0.269828 0 0.785678915207464 0 
12.4 -24 0.283412 0 0.810630986657751 0 
12.8 -24 0.296738 0 0.834377012835043 0 
13.2 -24 0.309712 0 0.856831276827898 0 
13.6 -24 0.322514 0 0.878356269350782 0 
14 -24 0.33483 0 0.898512886529044 0 
14.4 -24 0.34664 0 0.917343452972529 0 
14.8 -24 0.358328 0 0.935485431751743 0 
15.2 -24 0.369642 0 0.952611393438057 0 
15.6 -24 0.380692 0 0.968925507398537 0 
16 -24 0.391538 0 0.98454920605322 0 
16.8 -24 0.411938 0 1.01295729710051 0 
17.6 -24 0.431406 0 1.03886377364097 0 
18.4 -24 0.449874 0 1.0624016717533 0 
19.2 -24 0.46726 0 1.08367390415065 0 
20 -24 0.483642 0 1.10294803003496 0 
20.8 -24 0.49927 0 1.12064084743262 0 
21.6 -24 0.514018 0 1.13674292886267 0 
22.4 -24 0.528038 0 1.15151723037305 0 
23.2 -24 0.541396 0 1.16511834577298 0 
24 -24 0.554044 0 1.17758296371087 0 
24.8 -24 0.566128 0 1.18911299715513 0 
25.6 -24 0.57755 0 1.19968574275804 0 
26.4 -24 0.588372 0 1.2094126183292 0 
27.2 -24 0.598748 0 1.21846644031067 0 
28 -24 0.608632 0 1.22685191185831 0 
28.8 -24 0.618094 0 1.23465954117182 0 
29.6 -24 0.62711 0 1.2419048577196 0 
30.4 -24 0.635776 0 1.24868641989654 0 
31.2 -24 0.64406 0 1.25500704825782 0 
32 -24 0.651892 0 1.26084553757088 0 
32.8 -24 0.659504 0 1.26637568297069 0 
33.6 -24 0.666742 0 1.27151690786393 0 
34.4 -24 0.673718 0 1.27635683724989 0 
35.2 -24 0.68043 0 1.28090906090826 0 
36 -24 0.686874 0 1.28518485900065 0 
36.8 -24 0.693096 0 1.28922327447254 0 
37.6 -24 0.699068 0 1.29301987256267 0 
38.4 -24 0.70479 0 1.29658575178059 0 
39.2 -24 0.710326 0 1.29996484069998 0 
40 -24 0.715666 0 1.30316 0 
3.2 -22 0.00515168 0 0.0340838842101191 0 
3.4 -22 0.00718498 0 0.0455383356046149 0 
3.6 -22 0.00964898 0 0.0586922575169309 0 
3.8 -22 0.01256488 0 0.0734862809827092 0 
4 -22 0.01596316 0 0.0899173174544157 0 
4.2 -22 0.01983366 0 0.107790187992636 0 
4.4 -22 0.0241868 0 0.127021803452238 0 
4.6 -22 0.0290194 0 0.147497004547189 0 
4.8 -22 0.0342572 0 0.168821549622032 0 
5 -22 0.0399182 0 0.19100079164887 0 
5.2 -22 0.045789 0 0.213175005585438 0 
5.4 -22 0.0521436 0 0.236328771653934 0 
5.6 -22 0.0587604 0 0.259621810766544 0 
5.8 -22 0.0657662 0 0.283475415608325 0 
6 -22 0.072944 0 0.307160802018584 0 
6.2 -22 0.080392 0 0.330982279970569 0 
6.4 -22 0.0880304 0 0.354692334479306 0 
6.6 -22 0.0956866 0 0.37779372608574 0 
6.8 -22 0.103587 0 0.400965297244534 0 
7 -22 0.111757 0 0.424270059127034 0 
7.2 -22 0.1197292 0 0.446438060027502 0 
7.4 -22 0.1278172 0 0.468354389672939 0 
7.6 -22 0.1361852 0 0.490452979079967 0 
7.8 -22 0.144604 0 0.512149003919787 0 
8 -22 0.1528082 0 0.532812082125316 0 
8.2 -22 0.1612048 0 0.553462711439261 0 
8.4 -22 0.1693288 0 0.573012958537698 0 
8.6 -22 0.1777566 0 0.592833496436431 0 
8.8 -22 0.186029 0 0.611880220239658 0 
9 -22 0.1942948 0 0.630512509895383 0 
9.2 -22 0.202556 0 0.648753903459177 0 
9.4 -22 0.210724 0 0.666433509528872 0 
9.6 -22 0.218966 0 0.68391352353203 0 
9.8 -22 0.22682 0 0.700276494958884 0 
10 -22 0.234702 0 0.716383507391476 0 
10.2 -22 0.242576 0 0.732172340134922 0 
10.4 -22 0.250334 0 0.747452393039993 0 
10.6 -22 0.258016 0 0.762314785247254 0 
10.8 -22 0.26563 0 0.776788851512819 0 
11 -22 0.273078 0 0.790711921040654 0 
11.2 -22 0.280406 0 0.80418388912208 0 
11.4 -22 0.287756 0 0.817464943793459 0 
11.6 -22 0.29498 0 0.83031232848747 0 
11.8 -22 0.302114 0 0.842797247896004 0 
12 -22 0.309178 0 0.854964525907736 0 
12.4 -22 0.322892 0 0.878056266861687 0 
12.8 -22 0.336246 0 0.899876086905123 0 
13.2 -22 0.349326 0 0.920627752022313 0 
13.6 -22 0.362002 0 0.940180281727687 0 
14 -22 0.374416 0 0.958800785610391 0 
14.4 -22 0.38614 0 0.975951672020178 0 
14.8 -22 0.397786 0 0.992528278404855 0 
15.2 -22 0.408962 0 1.00804990559122 0 
15.6 -22 0.419804 0 1.02274087196873 0 
16 -22 0.4304 0 1.03675105840156 0 
16.8 -22 0.450494 0 1.06242368275852 0 
17.6 -22 0.469406 0 1.08552882648781 0 
18.4 -22 0.487326 0 1.10649427901904 0 
19.2 -22 0.50409 0 1.12533022896548 0 
20 -22 0.519834 0 1.14234330630949 0 
20.8 -22 0.53476 0 1.15786776743593 0 
21.6 -22 0.548932 0 1.17207341630966 0 
22.4 -22 0.562186 0 1.18491357745032 0 
23.2 -22 0.5748 0 1.19671978942691 0 
24 -22 0.586766 0 1.2075563192763 0 
24.8 -22 0.598144 0 1.21753560725866 0 
25.6 -22 0.608934 0 1.22671372780729 0 
26.4 -22 0.619276 0 1.23524327814893 0 
27.2 -22 0.629042 0 1.24307377048942 0 
28 -22 0.638322 0 1.25031000215703 0 
28.8 -22 0.647158 0 1.2570149529242 0 
29.6 -22 0.655636 0 1.26327411189579 0 
30.4 -22 0.663736 0 1.26910047080038 0 
31.2 -22 0.671498 0 1.27454220559153 0 
32 -22 0.678886 0 1.27959865313202 0 
32.8 -22 0.68591 0 1.28429638586842 0 
33.6 -22 0.692696 0 1.28872409430578 0 
34.4 -22 0.699218 0 1.29288136866352 0 
35.2 -22 0.705476 0 1.29678179349843 0 
36 -22 0.711476 0 1.30044112744252 0 
36.8 -22 0.717244 0 1.3038837936554 0 
37.6 -22 0.72282 0 1.30713983327385 0 
38.4 -22 0.72816 0 1.31019668316065 0 
39.2 -22 0.73328 0 1.31307132121538 0 
40 -22 0.738242 0 1.3158 0 
3 -20 0.00683112 0 0.0432041484147673 0 
3.2 -20 0.00950664 0 0.0574653789104315 0 
3.4 -20 0.01279454 0 0.0740415919584913 0 
3.6 -20 0.01665314 0 0.0924837642465569 0 
3.8 -20 0.0211648 0 0.112994238992469 0 
4 -20 0.026167 0 0.134691096117006 0 
4.2 -20 0.0316136 0 0.157282834070902 0 
4.4 -20 0.0375722 0 0.180938726188744 0 
4.6 -20 0.0440204 0 0.205508903575586 0 
4.8 -20 0.0509954 0 0.231044671338632 0 
5 -20 0.0583732 0 0.25705097529414 0 
5.2 -20 0.0660752 0 0.283231506576099 0 
5.4 -20 0.073998 0 0.309240630375779 0 
5.6 -20 0.0822318 0 0.335374127964218 0 
5.8 -20 0.0908166 0 0.361732551221647 0 
6 -20 0.099339 0 0.387115388359429 0 
6.2 -20 0.1079826 0 0.412091920658906 0 
6.4 -20 0.117066 0 0.437546756655082 0 
6.6 -20 0.1261184 0 0.462209256074006 0 
6.8 -20 0.1353146 0 0.486581931384096 0 
7 -20 0.1444276 0 0.510099867667753 0 
7.2 -20 0.1536508 0 0.533283597736311 0 
7.4 -20 0.1628482 0 0.555824130846173 0 
7.6 -20 0.1720976 0 0.577938454563867 0 
7.8 -20 0.1812708 0 0.599350879090137 0 
8 -20 0.190355 0 0.620067529812784 0 
8.2 -20 0.1995156 0 0.640477998814575 0 
8.4 -20 0.208426 0 0.659908432918703 0 
8.6 -20 0.217276 0 0.67879278649153 0 
8.8 -20 0.226082 0 0.69718265381553 0 
9 -20 0.234788 0 0.714990414425348 0 
9.2 -20 0.24351 0 0.732461842960551 0 
9.4 -20 0.252224 0 0.749568093625148 0 
9.6 -20 0.26071 0 0.765914002613845 0 
9.8 -20 0.269096 0 0.78175971862312 0 
10 -20 0.277214 0 0.796830615034777 0 
10.2 -20 0.28522 0 0.811424438458096 0 
10.4 -20 0.29325 0 0.825788501438479 0 
10.6 -20 0.301168 0 0.839703817412053 0 
10.8 -20 0.308898 0 0.853062636274398 0 
11 -20 0.316518 0 0.866006926065328 0 
11.2 -20 0.324016 0 0.878535445215026 0 
11.4 -20 0.331484 0 0.89080298671861 0 
11.6 -20 0.338742 0 0.902541682614243 0 
11.8 -20 0.34593 0 0.91398096973749 0 
12 -20 0.35299 0 0.925044557917732 0 
12.4 -20 0.36679 0 0.946177139842353 0 
12.8 -20 0.380112 0 0.965982451090861 0 
13.2 -20 0.393016 0 0.98461957098782 0 
13.6 -20 0.405498 0 1.00214739219844 0 
14 -20 0.417506 0 1.01856260260934 0 
14.4 -20 0.42918 0 1.03409822168685 0 
14.8 -20 0.44046 0 1.04872793428015 0 
15.2 -20 0.451378 0 1.06253517937482 0 
15.6 -20 0.461814 0 1.0754259536683 0 
16 -20 0.472024 0 1.08772838309549 0 
16.8 -20 0.49132 0 1.1102004021715 0 
17.6 -20 0.509504 0 1.13044337883774 0 
18.4 -20 0.526544 0 1.14862279505565 0 
19.2 -20 0.542578 0 1.16504008220734 0 
20 -20 0.55755 0 1.17978962084995 0 
20.8 -20 0.571684 0 1.19319298664547 0 
21.6 -20 0.585112 0 1.20546033005673 0 
22.4 -20 0.59755 0 1.21645559701032 0 
23.2 -20 0.609434 0 1.22659683115947 0 
24 -20 0.620616 0 1.23583732682738 0 
24.8 -20 0.631216 0 1.24432197272498 0 
25.6 -20 0.641392 0 1.25220720691304 0 
26.4 -20 0.650928 0 1.2593918049915 0 
27.2 -20 0.660054 0 1.26606379339328 0 
28 -20 0.668738 0 1.27223599403853 0 
28.8 -20 0.676988 0 1.27794317459841 0 
29.6 -20 0.684784 0 1.28320153123896 0 
30.4 -20 0.6923 0 1.28813281042968 0 
31.2 -20 0.699458 0 1.29271379552474 0 
32 -20 0.706326 0 1.29699932846653 0 
32.8 -20 0.712892 0 1.3009990380786 0 
33.6 -20 0.719114 0 1.30470802498706 0 
34.4 -20 0.72515 0 1.30821653999571 0 
35.2 -20 0.7309 0 1.31148863830324 0 
36 -20 0.736424 0 1.31456348697093 0 
36.8 -20 0.741762 0 1.31746788975308 0 
37.6 -20 0.746876 0 1.32019433906318 0 
38.4 -20 0.751826 0 1.32277611876632 0 
39.2 -20 0.756538 0 1.32519022503654 0 
40 -20 0.761102 0 1.32748 0 
2.6 -18 0.00650912 0 0.0408563106294488 0 
2.8 -18 0.00947404 0 0.0565904685780463 0 
3 -18 0.0131989 0 0.0751701778230917 0 
3.2 -18 0.01763344 0 0.0960379193069533 0 
3.4 -18 0.0228068 0 0.11908422193792 0 
3.6 -18 0.0285852 0 0.143541539615712 0 
3.8 -18 0.0350628 0 0.169640542701269 0 
4 -18 0.0423032 0 0.197471769833656 0 
4.2 -18 0.0499522 0 0.225613447345796 0 
4.4 -18 0.0580138 0 0.254060156661893 0 
4.6 -18 0.0665366 0 0.282942777289818 0 
4.8 -18 0.0756106 0 0.312500428582515 0 
5 -18 0.0847394 0 0.341181961167178 0 
5.2 -18 0.0943234 0 0.370217054416589 0 
5.4 -18 0.1041696 0 0.399018811545523 0 
5.6 -18 0.1140672 0 0.427060155800049 0 
5.8 -18 0.1241644 0 0.454759488637274 0 
6 -18 0.134495 0 0.482224830321329 0 
6.2 -18 0.1448738 0 0.509004409432968 0 
6.4 -18 0.1549846 0 0.534386096519426 0 
6.6 -18 0.1651646 0 0.5592220250795 0 
6.8 -18 0.1755138 0 0.583773698820976 0 
7 -18 0.1856712 0 0.607258473425392 0 
7.2 -18 0.1958322 0 0.63015328304256 0 
7.4 -18 0.205934 0 0.652346780803054 0 
7.6 -18 0.215916 0 0.67375359598593 0 
7.8 -18 0.225802 0 0.694463955120024 0 
8 -18 0.235394 0 0.714116143980601 0 
8.2 -18 0.245064 0 0.733469621059376 0 
8.4 -18 0.254632 0 0.752199635769507 0 
8.6 -18 0.263986 0 0.770128839432777 0 
8.8 -18 0.273136 0 0.787309412161362 0 
9 -18 0.282234 0 0.804040408392484 0 
9.2 -18 0.291022 0 0.819896343368253 0 
9.4 -18 0.29986 0 0.83551402056931 0 
9.6 -18 0.308508 0 0.850508511253844 0 
9.8 -18 0.317016 0 0.864982261161372 0 
10 -18 0.32539 0 0.87896944397121 0 
10.2 -18 0.333604 0 0.892442913975485 0 
10.4 -18 0.341688 0 0.905469148536627 0 
10.6 -18 0.349562 0 0.917943240005909 0 
10.8 -18 0.357436 0 0.930189802203742 0 
11 -18 0.365002 0 0.941780622847952 0 
11.2 -18 0.37248 0 0.9530425852264 0 
11.4 -18 0.379858 0 0.963970516554841 0 
11.6 -18 0.38708 0 0.974499860244118 0 
11.8 -18 0.394132 0 0.984625317098754 0 
12 -18 0.401136 0 0.994518000418589 0 
12.4 -18 0.414698 0 1.01325061661076 0 
12.8 -18 0.427744 0 1.03074733404303 0 
13.2 -18 0.440194 0 1.04698545242646 0 
13.6 -18 0.452382 0 1.06242510668925 0 
14 -18 0.464072 0 1.07684291063207 0 
14.4 -18 0.475272 0 1.09030542647093 0 
14.8 -18 0.486034 0 1.10291744850897 0 
15.2 -18 0.49651 0 1.11487919760412 0 
15.6 -18 0.506544 0 1.12606863211561 0 
16 -18 0.516172 0 1.13655921796107 0 
16.8 -18 0.534544 0 1.15588597927157 0 
17.6 -18 0.551692 0 1.17314032418617 0 
18.4 -18 0.5678 0 1.18866390326542 0 
19.2 -18 0.582774 0 1.20252957137027 0 
20 -18 0.59681 0 1.21502687898226 0 
20.8 -18 0.610016 0 1.2263467032599 0 
21.6 -18 0.622424 0 1.23660397796305 0 
22.4 -18 0.63424 0 1.2460195981176 0 
23.2 -18 0.645168 0 1.25446200885169 0 
24 -18 0.65552 0 1.26219763159752 0 
24.8 -18 0.665314 0 1.26928746401417 0 
25.6 -18 0.674616 0 1.27581364754939 0 
26.4 -18 0.683418 0 1.28180939797787 0 
27.2 -18 0.691786 0 1.28734504825999 0 
28 -18 0.699772 0 1.29247723405168 0 
28.8 -18 0.707398 0 1.29724149309604 0 
29.6 -18 0.714588 0 1.30162389082459 0 
30.4 -18 0.72141 0 1.30567934477211 0 
31.2 -18 0.727986 0 1.30948267574733 0 
32 -18 0.734238 0 1.31301400384075 0 
32.8 -18 0.740254 0 1.31632639457352 0 
33.6 -18 0.74599 0 1.31941353210649 0 
34.4 -18 0.751446 0 1.32228766489786 0 
35.2 -18 0.756698 0 1.3249901978839 0 
36 -18 0.761766 0 1.32753794571017 0 
36.8 -18 0.766618 0 1.32992683322835 0 
37.6 -18 0.771272 0 1.3321712209417 0 
38.4 -18 0.775766 0 1.33429203624404 0 
39.2 -18 0.780084 0 1.33628963290631 0 
40 -18 0.784226 0 1.33817 0 
2.2 -16 0.00617124 0 0.038163896065916 0 
2.4 -16 0.00953954 0 0.0558370695118364 0 
2.6 -16 0.01386114 0 0.0770126848743532 0 
2.8 -16 0.01906706 0 0.100938663097608 0 
3 -16 0.0251872 0 0.127437856434453 0 
3.2 -16 0.032234 0 0.156258563174163 0 
3.4 -16 0.040127 0 0.186889029842594 0 
3.6 -16 0.0486796 0 0.218489628542361 0 
3.8 -16 0.0579752 0 0.251199538703102 0 
4 -16 0.0675928 0 0.283592791431712 0 
4.2 -16 0.0780076 0 0.317133393272054 0 
4.4 -16 0.088487 0 0.349574590275163 0 
4.6 -16 0.0994502 0 0.382191158990352 0 
4.8 -16 0.1109012 0 0.41497346719975 0 
5 -16 0.122166 0 0.446104237893378 0 
5.2 -16 0.1336224 0 0.476696236683809 0 
5.4 -16 0.1452228 0 0.506633072031016 0 
5.6 -16 0.156874 0 0.535739042801303 0 
5.8 -16 0.1684802 0 0.563847259809389 0 
6 -16 0.180153 0 0.591278835662183 0 
6.2 -16 0.191708 0 0.617642836672686 0 
6.4 -16 0.202998 0 0.642713577104232 0 
6.6 -16 0.214108 0 0.666722302037156 0 
6.8 -16 0.225334 0 0.690309068397652 0 
7 -16 0.236396 0 0.712971524636037 0 
7.2 -16 0.24726 0 0.734678819186663 0 
7.4 -16 0.25806 0 0.755728629038503 0 
7.6 -16 0.26849 0 0.775596633102321 0 
7.8 -16 0.27884 0 0.794851014337829 0 
8 -16 0.288952 0 0.81325230099653 0 
8.2 -16 0.298734 0 0.830675754153654 0 
8.4 -16 0.308476 0 0.847646695848533 0 
8.6 -16 0.318068 0 0.864001191611077 0 
8.8 -16 0.327436 0 0.879650248656923 0 
9 -16 0.336662 0 0.894747648091097 0 
9.2 -16 0.345738 0 0.909305904488532 0 
9.4 -16 0.354602 0 0.923255947559647 0 
9.6 -16 0.3632 0 0.936543385752855 0 
9.8 -16 0.371686 0 0.949406934313635 0 
10 -16 0.379878 0 0.96161732944994 0 
10.2 -16 0.387954 0 0.973434666154205 0 
10.4 -16 0.395882 0 0.984831412646492 0 
10.6 -16 0.4036 0 0.995741342559125 0 
10.8 -16 0.411348 0 1.00648262730498 0 
11 -16 0.418872 0 1.01675259255802 0 
11.2 -16 0.426166 0 1.02655473888174 0 
11.4 -16 0.43333 0 1.03602434896988 0 
11.6 -16 0.440292 0 1.04509004534748 0 
11.8 -16 0.447164 0 1.05389384609948 0 
12 -16 0.45383 0 1.06231050813349 0 
12.4 -16 0.466826 0 1.07834442362635 0 
12.8 -16 0.479406 0 1.09340479681846 0 
13.2 -16 0.491282 0 1.10724656926827 0 
13.6 -16 0.502738 0 1.12022735741154 0 
14 -16 0.513812 0 1.13243342972919 0 
14.4 -16 0.52437 0 1.14378139169155 0 
14.8 -16 0.534462 0 1.15436254699846 0 
15.2 -16 0.54424 0 1.1643532993177 0 
15.6 -16 0.553684 0 1.17376601058199 0 
16 -16 0.562818 0 1.18265040938858 0 
16.8 -16 0.580034 0 1.19883727980344 0 
17.6 -16 0.595932 0 1.2131509317997 0 
18.4 -16 0.610752 0 1.22593823824834 0 
19.2 -16 0.624622 0 1.23742265340515 0 
20 -16 0.637496 0 1.24768612027111 0 
20.8 -16 0.649658 0 1.25701015935267 0 
21.6 -16 0.66106 0 1.26544034930301 0 
22.4 -16 0.671776 0 1.27309015668221 0 
23.2 -16 0.681886 0 1.280063925492 0 
24 -16 0.691292 0 1.28635930861127 0 
24.8 -16 0.700216 0 1.29214040081994 0 
25.6 -16 0.708652 0 1.29744019562618 0 
26.4 -16 0.716616 0 1.30229968716111 0 
27.2 -16 0.724254 0 1.30681515719401 0 
28 -16 0.73146 0 1.31096298419642 0 
28.8 -16 0.73838 0 1.3148281696897 0 
29.6 -16 0.744856 0 1.31836441858554 0 
30.4 -16 0.751056 0 1.32165941412058 0 
31.2 -16 0.75697 0 1.324723482741 0 
32 -16 0.76262 0 1.32757831899334 0 
32.8 -16 0.76802 0 1.33024178785621 0 
33.6 -16 0.773198 0 1.33273443878087 0 
34.4 -16 0.778124 0 1.33505595783004 0 
35.2 -16 0.78286 0 1.33723605400443 0 
36 -16 0.7874 0 1.33928052221455 0 
36.8 -16 0.791754 0 1.34120005017076 0 
37.6 -16 0.795952 0 1.34300990499891 0 
38.4 -16 0.79998 0 1.34471186271711 0 
39.2 -16 0.803866 0 1.34631934245767 0 
40 -16 0.807584 0 1.34783 0 
1.8 -14 0.0060171 0 0.0359744741842718 0 
2 -14 0.0099199 0 0.0559354190832215 0 
2.2 -14 0.01512426 0 0.080549420466613 0 
2.4 -14 0.0215134 0 0.10882658195532 0 
2.6 -14 0.0290972 0 0.140337470740174 0 
2.8 -14 0.0379454 0 0.174863778286804 0 
3 -14 0.0476836 0 0.210852112613787 0 
3.2 -14 0.058336 0 0.248092901717515 0 
3.4 -14 0.0695108 0 0.285287923612103 0 
3.6 -14 0.0816666 0 0.323796916728426 0 
3.8 -14 0.0940186 0 0.36123651936675 0 
4 -14 0.1067114 0 0.398091570690391 0 
4.2 -14 0.1200698 0 0.435220298915752 0 
4.4 -14 0.133494 0 0.471121747833653 0 
4.6 -14 0.1465908 0 0.504899485725584 0 
4.8 -14 0.1598034 0 0.537722055591709 0 
5 -14 0.1730794 0 0.569566558222486 0 
5.2 -14 0.1864316 0 0.600517505154258 0 
5.4 -14 0.1996296 0 0.630143435859816 0 
5.6 -14 0.21278 0 0.658746224069289 0 
5.8 -14 0.225612 0 0.685824651369714 0 
6 -14 0.238186 0 0.711632953290449 0 
6.2 -14 0.250624 0 0.736424944758953 0 
6.4 -14 0.262902 0 0.760209990021346 0 
6.6 -14 0.274834 0 0.782748383670114 0 
6.8 -14 0.286482 0 0.804189199745503 0 
7 -14 0.297992 0 0.824833079968397 0 
7.2 -14 0.309138 0 0.84435589213173 0 
7.4 -14 0.319984 0 0.8629171080503 0 
7.6 -14 0.330738 0 0.880875345676015 0 
7.8 -14 0.341052 0 0.897735462503784 0 
8 -14 0.351312 0 0.914111122042772 0 
8.2 -14 0.361284 0 0.929698086883468 0 
8.4 -14 0.370986 0 0.944550034531088 0 
8.6 -14 0.3804 0 0.95867256854324 0 
8.8 -14 0.389644 0 0.972252936825201 0 
9 -14 0.398656 0 0.985233707899492 0 
9.2 -14 0.407522 0 0.99774906891231 0 
9.4 -14 0.416124 0 1.0096684961206 0 
9.6 -14 0.424598 0 1.02118176354864 0 
9.8 -14 0.432768 0 1.03209654206571 0 
10 -14 0.44072 0 1.04253398803733 0 
10.2 -14 0.448534 0 1.05260219829992 0 
10.4 -14 0.456194 0 1.06229735736673 0 
10.6 -14 0.463602 0 1.07152703459064 0 
10.8 -14 0.470948 0 1.08050756154775 0 
11 -14 0.477884 0 1.0888867067969 0 
11.2 -14 0.484716 0 1.09699813712394 0 
11.4 -14 0.491476 0 1.10488342055617 0 
11.6 -14 0.498086 0 1.11247203136709 0 
11.8 -14 0.504598 0 1.11982563955122 0 
12 -14 0.510894 0 1.12683742482759 0 
12.4 -14 0.522996 0 1.14002779712036 0 
12.8 -14 0.534706 0 1.15240604351326 0 
13.2 -14 0.545868 0 1.16387950299242 0 
13.6 -14 0.55646 0 1.1744865596788 0 
14 -14 0.566738 0 1.18448543400851 0 
14.4 -14 0.576576 0 1.19381106507993 0 
14.8 -14 0.586048 0 1.20255750289651 0 
15.2 -14 0.594884 0 1.21055672388072 0 
15.6 -14 0.60354 0 1.21817894488188 0 
16 -14 0.611834 0 1.22531476929287 0 
16.8 -14 0.62743 0 1.2382882707771 0 
17.6 -14 0.642002 0 1.24986566200502 0 
18.4 -14 0.655436 0 1.2601116167533 0 
19.2 -14 0.667926 0 1.26926019003829 0 
20 -14 0.679624 0 1.27749221157116 0 
20.8 -14 0.690574 0 1.28491073190277 0 
21.6 -14 0.70076 0 1.2915766558558 0 
22.4 -14 0.710416 0 1.29766185442743 0 
23.2 -14 0.71942 0 1.30315805055983 0 
24 -14 0.72793 0 1.30818017612815 0 
24.8 -14 0.735886 0 1.31273904406405 0 
25.6 -14 0.743416 0 1.31692087193445 0 
26.4 -14 0.750536 0 1.32075932904122 0 
27.2 -14 0.75728 0 1.32429093494753 0 
28 -14 0.763714 0 1.32756058450001 0 
28.8 -14 0.769856 0 1.33059233457925 0 
29.6 -14 0.775646 0 1.33338223539937 0 
30.4 -14 0.78114 0 1.33596452201368 0 
31.2 -14 0.786386 0 1.33836673522391 0 
32 -14 0.791396 0 1.34060419671279 0 
32.8 -14 0.79619 0 1.3426922042243 0 
33.6 -14 0.800766 0 1.34463988900599 0 
34.4 -14 0.805152 0 1.34646303210655 0 
35.2 -14 0.809308 0 1.34815896901472 0 
36 -14 0.813334 0 1.34975926121702 0 
36.8 -14 0.817192 0 1.35126097014528 0 
37.6 -14 0.82088 0 1.35266898151841 0 
38.4 -14 0.824438 0 1.35399713594634 0 
39.2 -14 0.827864 0 1.35524975774476 0 
40 -14 0.831154 0 1.35643 0 
1.4 -12 0.00614238 0 0.0347292798096758 0 
1.6 -12 0.01099386 0 0.0582311425819325 0 
1.8 -12 0.0176425 0 0.0880145999832865 0 
2 -12 0.0258974 0 0.122449042583707 0 
2.2 -12 0.0358596 0 0.161086448162376 0 
2.4 -12 0.0472304 0 0.202656823666996 0 
2.6 -12 0.0599676 0 0.246399678119588 0 
2.8 -12 0.073524 0 0.29060908127383 0 
3 -12 0.0879118 0 0.334969010586017 0 
3.2 -12 0.1028762 0 0.378962465303115 0 
3.4 -12 0.1181216 0 0.4216637793348 0 
3.6 -12 0.1336152 0 0.463123175893535 0 
3.8 -12 0.1494504 0 0.503696623136018 0 
4 -12 0.1653796 0 0.542816068563409 0 
4.2 -12 0.1812114 0 0.580242709947386 0 
4.4 -12 0.1965746 0 0.61525860427364 0 
4.6 -12 0.211656 0 0.648410283881342 0 
4.8 -12 0.226656 0 0.68024385373516 0 
5 -12 0.241468 0 0.71061043716409 0 
5.2 -12 0.255728 0 0.738972268239772 0 
5.4 -12 0.269818 0 0.766105224096848 0 
5.6 -12 0.283328 0 0.79140146635657 0 
5.8 -12 0.29697 0 0.816114528342352 0 
6 -12 0.309918 0 0.838985328800632 0 
6.2 -12 0.322638 0 0.860821252328114 0 
6.4 -12 0.335014 0 0.881514038024084 0 
6.6 -12 0.347028 0 0.901096998619271 0 
6.8 -12 0.35878 0 0.919762802764566 0 
7 -12 0.37012 0 0.937349773407758 0 
7.2 -12 0.381 0 0.953857907440455 0 
7.4 -12 0.391816 0 0.969844277437822 0 
7.6 -12 0.402332 0 0.985034351090901 0 
7.8 -12 0.41257 0 0.999491735486153 0 
8 -12 0.422482 0 1.01320046782783 0 
8.2 -12 0.431948 0 1.02604986153756 0 
8.4 -12 0.441282 0 1.03843065351265 0 
8.6 -12 0.450294 0 1.05015557106343 0 
8.8 -12 0.459048 0 1.06132176409638 0 
9 -12 0.46762 0 1.0720315632289 0 
9.2 -12 0.476044 0 1.08234037391063 0 
9.4 -12 0.48406 0 1.09200423034399 0 
9.6 -12 0.492064 0 1.10143426295604 0 
9.8 -12 0.499778 0 1.11037530146519 0 
10 -12 0.507236 0 1.11887582097293 0 
10.2 -12 0.514602 0 1.12710443054476 0 
10.4 -12 0.521632 0 1.1348526853487 0 
10.6 -12 0.528556 0 1.14234163605034 0 
10.8 -12 0.535332 0 1.14954157659881 0 
11 -12 0.541772 0 1.15630563801257 0 
11.2 -12 0.548148 0 1.16287710596486 0 
11.4 -12 0.554374 0 1.16918906904184 0 
11.6 -12 0.56027 0 1.17510848787671 0 
11.8 -12 0.566208 0 1.18094093765926 0 
12 -12 0.57196 0 1.18651384201302 0 
12.4 -12 0.583154 0 1.1971007581545 0 
12.8 -12 0.593804 0 1.20689008872646 0 
13.2 -12 0.603696 0 1.21577959051551 0 
13.6 -12 0.613364 0 1.22418905119037 0 
14 -12 0.622534 0 1.23196866870188 0 
14.4 -12 0.631358 0 1.23925120693294 0 
14.8 -12 0.639838 0 1.24606590748175 0 
15.2 -12 0.647862 0 1.25237662840444 0 
15.6 -12 0.655566 0 1.25828685705098 0 
16 -12 0.663024 0 1.26386168669309 0 
16.8 -12 0.676898 0 1.27391243777846 0 
17.6 -12 0.689692 0 1.28278475985911 0 
18.4 -12 0.701688 0 1.29073064701963 0 
19.2 -12 0.712682 0 1.29774964355991 0 
20 -12 0.722964 0 1.3040533360858 0 
20.8 -12 0.73255 0 1.30971404284357 0 
21.6 -12 0.741552 0 1.31483302844925 0 
22.4 -12 0.749926 0 1.31944191883395 0 
23.2 -12 0.757838 0 1.32364099938052 0 
24 -12 0.765306 0 1.32747102769826 0 
24.8 -12 0.772248 0 1.33093674848466 0 
25.6 -12 0.77885 0 1.33412304826189 0 
26.4 -12 0.785044 0 1.33703250896152 0 
27.2 -12 0.790922 0 1.33971151421012 0 
28 -12 0.796488 0 1.34217849883875 0 
28.8 -12 0.801802 0 1.34446400236115 0 
29.6 -12 0.80684 0 1.34657577854544 0 
30.4 -12 0.811654 0 1.34853736168564 0 
31.2 -12 0.816196 0 1.35034941182335 0 
32 -12 0.82052 0 1.3520336791878 0 
32.8 -12 0.82467 0 1.3536072160973 0 
33.6 -12 0.828634 0 1.35507535958505 0 
34.4 -12 0.83242 0 1.35644659946654 0 
35.2 -12 0.836036 0 1.35772849513605 0 
36 -12 0.839516 0 1.35893236614682 0 
36.8 -12 0.842842 0 1.36006065343654 0 
37.6 -12 0.846034 0 1.36112058686558 0 
38.4 -12 0.849124 0 1.36212146603572 0 
39.2 -12 0.852072 0 1.36306077775408 0 
40 -12 0.85493 0 1.36395 0 
1.2 -11 0.00654164 0 0.034575181214786 0 
1.4 -11 0.0122707 0 0.0612330452939298 0 
1.6 -11 0.01992036 0 0.0939939854272646 0 
1.8 -11 0.0297806 0 0.13318872942603 0 
2 -11 0.0415416 0 0.176757295230748 0 
2.2 -11 0.0546222 0 0.222595098487549 0 
2.4 -11 0.0693194 0 0.270909551501968 0 
2.6 -11 0.0848624 0 0.319348271629968 0 
2.8 -11 0.1009574 0 0.366862520119095 0 
3 -11 0.1176902 0 0.413800713368743 0 
3.2 -11 0.1351418 0 0.460310396197557 0 
3.4 -11 0.1524498 0 0.504474340163947 0 
3.6 -11 0.1693648 0 0.545874463846052 0 
3.8 -11 0.1863142 0 0.585620088254832 0 
4 -11 0.203216 0 0.623634932929605 0 
4.2 -11 0.219616 0 0.659245019257791 0 
4.4 -11 0.23592 0 0.693286133398847 0 
4.6 -11 0.251792 0 0.725284645580113 0 
4.8 -11 0.267248 0 0.755410894142308 0 
5 -11 0.282164 0 0.783603951491648 0 
5.2 -11 0.297 0 0.810685226408077 0 
5.4 -11 0.311244 0 0.835958037114765 0 
5.6 -11 0.325088 0 0.859797173443901 0 
5.8 -11 0.338466 0 0.882205156936215 0 
6 -11 0.3515 0 0.903429155703701 0 
6.2 -11 0.364184 0 0.923513053495726 0 
6.4 -11 0.376308 0 0.942260914008418 0 
6.6 -11 0.388208 0 0.960167065438793 0 
6.8 -11 0.399684 0 0.977024974192777 0 
7 -11 0.410766 0 0.992921507683871 0 
7.2 -11 0.42159 0 1.00806617130653 0 
7.4 -11 0.431844 0 1.02214601112921 0 
7.6 -11 0.442164 0 1.03591114703419 0 
7.8 -11 0.45191 0 1.04868776163928 0 
8 -11 0.461514 0 1.06097464590941 0 
8.2 -11 0.470656 0 1.07246515578464 0 
8.4 -11 0.479692 0 1.0835543190137 0 
8.6 -11 0.488362 0 1.0940011070231 0 
8.8 -11 0.496964 0 1.10412316212896 0 
9 -11 0.505068 0 1.11352450171756 0 
9.2 -11 0.513078 0 1.12261127640693 0 
9.4 -11 0.520692 0 1.1311283101564 0 
9.6 -11 0.528234 0 1.13937828656143 0 
9.8 -11 0.53562 0 1.14729930955958 0 
10 -11 0.5427 0 1.15478342844498 0 
10.2 -11 0.549566 0 1.16191971559758 0 
10.4 -11 0.55636 0 1.16883488442363 0 
10.6 -11 0.56286 0 1.17536263616396 0 
10.8 -11 0.569188 0 1.1816149229579 0 
11 -11 0.57544 0 1.1876699553064 0 
11.2 -11 0.581556 0 1.1934943652118 0 
11.4 -11 0.587468 0 1.19904311190693 0 
11.6 -11 0.593144 0 1.20431009690693 0 
11.8 -11 0.598538 0 1.2092663202277 0 
12 -11 0.603966 0 1.21414223338641 0 
12.4 -11 0.614408 0 1.22331597375624 0 
12.8 -11 0.624372 0 1.23181525947715 0 
13.2 -11 0.634006 0 1.23977299543802 0 
13.6 -11 0.642914 0 1.24699186024114 0 
14 -11 0.65156 0 1.25378056779127 0 
14.4 -11 0.65973 0 1.26005078555864 0 
14.8 -11 0.667656 0 1.26595592235925 0 
15.2 -11 0.675108 0 1.27140163201696 0 
15.6 -11 0.682372 0 1.27655379206384 0 
16 -11 0.689236 0 1.2813292372337 0 
16.8 -11 0.702208 0 1.29003513619627 0 
17.6 -11 0.714184 0 1.29772240735861 0 
18.4 -11 0.725302 0 1.30455415550586 0 
19.2 -11 0.735526 0 1.3106053676565 0 
20 -11 0.745042 0 1.31601918148891 0 
20.8 -11 0.75394 0 1.32088802201435 0 
21.6 -11 0.762254 0 1.32527541133105 0 
22.4 -11 0.770064 0 1.32924848616242 0 
23.2 -11 0.777378 0 1.33284718929111 0 
24 -11 0.784232 0 1.33611402805693 0 
24.8 -11 0.790684 0 1.33909347574686 0 
25.6 -11 0.796762 0 1.34181600639189 0 
26.4 -11 0.80248 0 1.34430643400943 0 
27.2 -11 0.807918 0 1.34660115697117 0 
28 -11 0.813046 0 1.34870971068917 0 
28.8 -11 0.817938 0 1.35066096674052 0 
29.6 -11 0.822584 0 1.35246539491715 0 
30.4 -11 0.827022 0 1.35414036105825 0 
31.2 -11 0.831206 0 1.35568811060916 0 
32 -11 0.835182 0 1.35712527615599 0 
32.8 -11 0.83902 0 1.35847071504578 0 
33.6 -11 0.842694 0 1.35972673982562 0 
34.4 -11 0.84617 0 1.36089514681009 0 
35.2 -11 0.849504 0 1.36198962042354 0 
36 -11 0.852686 0 1.36301342766872 0 
36.8 -11 0.855742 0 1.36397511483795 0 
37.6 -11 0.85869 0 1.36488031111334 0 
38.4 -11 0.861532 0 1.3657326058415 0 
39.2 -11 0.864244 0 1.36653345904013 0 
40 -11 0.86687 0 1.36729 0 
0.9 -10 0.00508764 0 0.0250932571574699 0 
1 -10 0.00768646 0 0.0366974507917616 0 
1.2 -10 0.01441546 0 0.0656824012350785 0 
1.4 -10 0.0240016 0 0.103944677877961 0 
1.6 -10 0.0357252 0 0.148079458736374 0 
1.8 -10 0.0496444 0 0.196979900524917 0 
2 -10 0.0652574 0 0.248790924350202 0 
2.2 -10 0.0820386 0 0.301252689816284 0 
2.4 -10 0.0998632 0 0.353955475094233 0 
2.6 -10 0.1187042 0 0.406632857142058 0 
2.8 -10 0.1373084 0 0.456259109317032 0 
3 -10 0.1562014 0 0.504250410346871 0 
3.2 -10 0.1748884 0 0.549641641339095 0 
3.4 -10 0.1935592 0 0.592966419833515 0 
3.6 -10 0.21212 0 0.634154886275291 0 
3.8 -10 0.230208 0 0.672729036584351 0 
4 -10 0.247776 0 0.708808944692664 0 
4.2 -10 0.264978 0 0.742866821021488 0 
4.4 -10 0.2816 0 0.774622500122415 0 
4.6 -10 0.297726 0 0.804402513976365 0 
4.8 -10 0.313276 0 0.832205433397241 0 
5 -10 0.328466 0 0.858458303150517 0 
5.2 -10 0.343012 0 0.882892807633527 0 
5.4 -10 0.357206 0 0.905984076550666 0 
5.6 -10 0.370806 0 0.927523104974753 0 
5.8 -10 0.383928 0 0.947732336650347 0 
6 -10 0.396658 0 0.966801620683311 0 
6.2 -10 0.409038 0 0.984842581427539 0 
6.4 -10 0.420866 0 1.00167390007918 0 
6.6 -10 0.432364 0 1.01761238862445 0 
6.8 -10 0.443482 0 1.03263822107706 0 
7 -10 0.454234 0 1.04683788217359 0 
7.2 -10 0.46459 0 1.06020592130687 0 
7.4 -10 0.474476 0 1.07271245726281 0 
7.6 -10 0.484338 0 1.08483978946958 0 
7.8 -10 0.493616 0 1.09606379732526 0 
8 -10 0.50262 0 1.1067280633051 0 
8.2 -10 0.511546 0 1.1170202900897 0 
8.4 -10 0.520098 0 1.12671063866069 0 
8.6 -10 0.528192 0 1.13574597332852 0 
8.8 -10 0.536254 0 1.14451585855186 0 
9 -10 0.54404 0 1.15282469374475 0 
9.2 -10 0.551554 0 1.16070619355239 0 
9.4 -10 0.558908 0 1.16825927617635 0 
9.6 -10 0.566132 0 1.1755230014218 0 
9.8 -10 0.573006 0 1.18234348646726 0 
10 -10 0.579574 0 1.18877416589305 0 
10.2 -10 0.586054 0 1.1949847768598 0 
10.4 -10 0.592352 0 1.20091706432162 0 
10.6 -10 0.59853 0 1.20662645608254 0 
10.8 -10 0.604484 0 1.2120504645572 0 
11 -10 0.61025 0 1.21722407768308 0 
11.2 -10 0.615794 0 1.22213714761985 0 
11.4 -10 0.621346 0 1.22694049432588 0 
11.6 -10 0.62672 0 1.23152450558983 0 
11.8 -10 0.631918 0 1.23589999681983 0 
12 -10 0.636958 0 1.24008392730365 0 
12.4 -10 0.646718 0 1.24799411185051 0 
12.8 -10 0.655864 0 1.25522684674991 0 
13.2 -10 0.664706 0 1.26198808830558 0 
13.6 -10 0.673206 0 1.26829387036898 0 
14 -10 0.681102 0 1.27404525890803 0 
14.4 -10 0.688704 0 1.27942598122809 0 
14.8 -10 0.695952 0 1.28442999316088 0 
15.2 -10 0.702968 0 1.28913421886813 0 
15.6 -10 0.709602 0 1.29349394474491 0 
16 -10 0.71601 0 1.29759368292947 0 
16.8 -10 0.727974 0 1.30500561789036 0 
17.6 -10 0.738998 0 1.31153902978953 0 
18.4 -10 0.749156 0 1.31731653765891 0 
19.2 -10 0.758662 0 1.32248502079545 0 
20 -10 0.76741 0 1.32707774098421 0 
20.8 -10 0.775532 0 1.33119003352178 0 
21.6 -10 0.783222 0 1.33491934469999 0 
22.4 -10 0.790346 0 1.33827062370009 0 
23.2 -10 0.797008 0 1.34130374244953 0 
24 -10 0.803318 0 1.34407146559063 0 
24.8 -10 0.809238 0 1.34659038019155 0 
25.6 -10 0.814856 0 1.34889914590037 0 
26.4 -10 0.820058 0 1.35099669634299 0 
27.2 -10 0.825016 0 1.35292982526757 0 
28 -10 0.829736 0 1.35471313880232 0 
28.8 -10 0.834202 0 1.35635690971383 0 
29.6 -10 0.838404 0 1.35787152522476 0 
30.4 -10 0.842476 0 1.35928387578761 0 
31.2 -10 0.846296 0 1.36058771550727 0 
32 -10 0.849956 0 1.36180233750897 0 
32.8 -10 0.853442 0 1.36293239507363 0 
33.6 -10 0.856776 0 1.36398678357971 0 
34.4 -10 0.85996 0 1.36497153502168 0 
35.2 -10 0.863016 0 1.3658934148176 0 
36 -10 0.865914 0 1.36675491185262 0 
36.8 -10 0.868718 0 1.36756483466279 0 
37.6 -10 0.871406 0 1.36832561676254 0 
38.4 -10 0.873978 0 1.36904059062217 0 
39.2 -10 0.876458 0 1.36971411971573 0 
40 -10 0.878856 0 1.37035 0 
0.7 -9 0.00689122 0 0.0287275581899729 0 
0.8 -9 0.01029884 0 0.0415953063603147 0 
0.9 -9 0.0143784 0 0.0575215943056371 0 
1 -9 0.01923526 0 0.0756836572240567 0 
1.2 -9 0.0308808 0 0.118770571995133 0 
1.4 -9 0.0453336 0 0.168955846253784 0 
1.6 -9 0.0621652 0 0.224324087555215 0 
1.8 -9 0.080606 0 0.281973688663659 0 
2 -9 0.1003692 0 0.340094543639818 0 
2.2 -9 0.1207262 0 0.397160458751365 0 
2.4 -9 0.1414074 0 0.452257798147769 0 
2.6 -9 0.1623912 0 0.505154578409022 0 
2.8 -9 0.1837254 0 0.556192069335238 0 
3 -9 0.204136 0 0.603155032455194 0 
3.2 -9 0.223914 0 0.646626501362999 0 
3.4 -9 0.243718 0 0.688202866346828 0 
3.6 -9 0.263166 0 0.727331572685562 0 
3.8 -9 0.281572 0 0.763104933271811 0 
4 -9 0.29936 0 0.796415003870175 0 
4.2 -9 0.31675 0 0.82775897642495 0 
4.4 -9 0.333268 0 0.856572823060059 0 
4.6 -9 0.34907 0 0.883280153526449 0 
4.8 -9 0.364558 0 0.908559713588856 0 
5 -9 0.379322 0 0.931954635679315 0 
5.2 -9 0.393622 0 0.953916117446667 0 
5.4 -9 0.407332 0 0.974376055338419 0 
5.6 -9 0.420406 0 0.993380913684683 0 
5.8 -9 0.43319 0 1.01140521950091 0 
6 -9 0.445452 0 1.02823815384674 0 
6.2 -9 0.457194 0 1.04397038323169 0 
6.4 -9 0.468676 0 1.05890878103773 0 
6.6 -9 0.479542 0 1.07277381372517 0 
6.8 -9 0.49017 0 1.08596136044818 0 
7 -9 0.500198 0 1.09816511371721 0 
7.2 -9 0.509986 0 1.10977258575065 0 
7.4 -9 0.51958 0 1.1208525119352 0 
7.6 -9 0.52854 0 1.1310619705116 0 
7.8 -9 0.537404 0 1.14088714648671 0 
8 -9 0.546062 0 1.15024734282321 0 
8.2 -9 0.554328 0 1.15903909832471 0 
8.4 -9 0.562224 0 1.16729663540726 0 
8.6 -9 0.569804 0 1.17508019938732 0 
8.8 -9 0.57737 0 1.18262755721277 0 
9 -9 0.584524 0 1.1896815157823 0 
9.2 -9 0.591644 0 1.19651139216199 0 
9.4 -9 0.598512 0 1.20298614505711 0 
9.6 -9 0.60507 0 1.20908644207209 0 
9.8 -9 0.611412 0 1.21488603734349 0 
10 -9 0.617626 0 1.22045059034194 0 
10.2 -9 0.623754 0 1.22581306270274 0 
10.4 -9 0.629544 0 1.23084052173515 0 
10.6 -9 0.635196 0 1.23565876274333 0 
10.8 -9 0.640724 0 1.24028020579477 0 
11 -9 0.646018 0 1.24465834706091 0 
11.2 -9 0.651266 0 1.24890051596236 0 
11.4 -9 0.656342 0 1.25294550658762 0 
11.6 -9 0.661184 0 1.25677363792952 0 
11.8 -9 0.666006 0 1.26049359182787 0 
12 -9 0.670726 0 1.26407522241815 0 
12.4 -9 0.679692 0 1.27075683787359 0 
12.8 -9 0.688232 0 1.27692881700004 0 
13.2 -9 0.696208 0 1.28257240113158 0 
13.6 -9 0.703916 0 1.2878433899228 0 
14 -9 0.711356 0 1.29277051783616 0 
14.4 -9 0.718226 0 1.29726109677473 0 
14.8 -9 0.724936 0 1.30149812921041 0 
15.2 -9 0.731236 0 1.30540764114413 0 
15.6 -9 0.737346 0 1.30908371818262 0 
16 -9 0.743122 0 1.31249693867561 0 
16.8 -9 0.754104 0 1.31872712698656 0 
17.6 -9 0.764146 0 1.32419376507203 0 
18.4 -9 0.773402 0 1.32902700630607 0 
19.2 -9 0.782036 0 1.33333770035221 0 
20 -9 0.789974 0 1.33716792685984 0 
20.8 -9 0.797378 0 1.34060425035453 0 
21.6 -9 0.804314 0 1.3437008448884 0 
22.4 -9 0.810798 0 1.34649551705228 0 
23.2 -9 0.81685 0 1.34902261893185 0 
24 -9 0.822596 0 1.35132733159638 0 
24.8 -9 0.82793 0 1.35341710935995 0 
25.6 -9 0.832982 0 1.35532917505511 0 
26.4 -9 0.83773 0 1.35707823643713 0 
27.2 -9 0.842228 0 1.35868514708319 0 
28 -9 0.846464 0 1.36016177245634 0 
28.8 -9 0.850512 0 1.36152636995735 0 
29.6 -9 0.854348 0 1.36278713395422 0 
30.4 -9 0.85802 0 1.36395587006349 0 
31.2 -9 0.861462 0 1.36503664527843 0 
32 -9 0.864768 0 1.36604309158997 0 
32.8 -9 0.867928 0 1.36698005291126 0 
33.6 -9 0.870948 0 1.36785383025635 0 
34.4 -9 0.873816 0 1.36866892680101 0 
35.2 -9 0.87657 0 1.36943177659445 0 
36 -9 0.879188 0 1.37014602023205 0 
36.8 -9 0.88171 0 1.3708157725559 0 
37.6 -9 0.88415 0 1.37144558185775 0 
38.4 -9 0.886466 0 1.37203739326602 0 
39.2 -9 0.888708 0 1.37259457802452 0 
40 -9 0.890858 0 1.37312 0 
0.3 -8 0.00577966 0 0.0154680715647536 0 
0.4 -8 0.00931 0 0.0234046354552494 0 
0.5 -8 0.01346798 0 0.0396259947613402 0 
0.6 -8 0.01828664 0 0.0542502912743422 0 
0.7 -8 0.0236426 0 0.0728213712590114 0 
0.8 -8 0.0299504 0 0.0930780777775335 0 
0.9 -8 0.036913 0 0.116557885001275 0 
1 -8 0.0445534 0 0.141778237886748 0 
1.2 -8 0.0623088 0 0.199037021627397 0 
1.4 -8 0.0823728 0 0.261223541677383 0 
1.6 -8 0.1039342 0 0.324362509990035 0 
1.8 -8 0.1261562 0 0.386889272764423 0 
2 -8 0.1496472 0 0.44904037948898 0 
2.2 -8 0.1729082 0 0.507516982129627 0 
2.4 -8 0.1959164 0 0.562607187995887 0 
2.6 -8 0.218736 0 0.614500153865282 0 
2.8 -8 0.240802 0 0.662304092921319 0 
3 -8 0.262224 0 0.706844372214013 0 
3.2 -8 0.283122 0 0.748313598651344 0 
3.4 -8 0.302934 0 0.786136208988463 0 
3.6 -8 0.32202 0 0.821196722967468 0 
3.8 -8 0.340482 0 0.853830832945538 0 
4 -8 0.3582 0 0.883956103224596 0 
4.2 -8 0.374778 0 0.911352854251624 0 
4.4 -8 0.390758 0 0.936854755131724 0 
4.6 -8 0.40606 0 0.96047437745535 0 
4.8 -8 0.420854 0 0.982545368356433 0 
5 -8 0.434956 0 1.00298845215649 0 
5.2 -8 0.448722 0 1.02227500294811 0 
5.4 -8 0.46167 0 1.03998487871431 0 
5.6 -8 0.474168 0 1.0565733253801 0 
5.8 -8 0.48614 0 1.07205077345364 0 
6 -8 0.497498 0 1.08640408056392 0 
6.2 -8 0.508756 0 1.10012950724733 0 
6.4 -8 0.519418 0 1.11286759330342 0 
6.6 -8 0.529526 0 1.12469480369694 0 
6.8 -8 0.5392 0 1.13577329830854 0 
7 -8 0.548836 0 1.1464200730087 0 
7.2 -8 0.557946 0 1.15632388310148 0 
7.4 -8 0.566794 0 1.16570962112965 0 
7.6 -8 0.575352 0 1.174568759688 0 
7.8 -8 0.58339 0 1.18278974158404 0 
8 -8 0.59134 0 1.19067193493305 0 
8.2 -8 0.598856 0 1.1980260322117 0 
8.4 -8 0.606176 0 1.20502978814631 0 
8.6 -8 0.61331 0 1.21169452403533 0 
8.8 -8 0.620118 0 1.21795989896728 0 
9 -8 0.62678 0 1.22395078493292 0 
9.2 -8 0.633096 0 1.22957090580365 0 
9.4 -8 0.639296 0 1.23495042508933 0 
9.6 -8 0.645356 0 1.24009490995704 0 
9.8 -8 0.651242 0 1.24499871266519 0 
10 -8 0.65702 0 1.24970408492435 0 
10.2 -8 0.662436 0 1.25409781275704 0 
10.4 -8 0.66779 0 1.25833196530707 0 
10.6 -8 0.67298 0 1.26237090655997 0 
10.8 -8 0.677994 0 1.26621460733865 0 
11 -8 0.682836 0 1.26987643492664 0 
11.2 -8 0.687582 0 1.27339440405246 0 
11.4 -8 0.692174 0 1.27675155370988 0 
11.6 -8 0.696656 0 1.27997027838402 0 
11.8 -8 0.701002 0 1.28304867819581 0 
12 -8 0.705206 0 1.28599015926128 0 
12.4 -8 0.713394 0 1.2915523629331 0 
12.8 -8 0.721174 0 1.29668228626195 0 
13.2 -8 0.728408 0 1.30136604079532 0 
13.6 -8 0.735248 0 1.30568442151402 0 
14 -8 0.741912 0 1.30973157475253 0 
14.4 -8 0.748314 0 1.31350309203664 0 
14.8 -8 0.754234 0 1.31695859611656 0 
15.2 -8 0.759956 0 1.32019438810761 0 
15.6 -8 0.765462 0 1.32322222089207 0 
16 -8 0.77073 0 1.32604938475086 0 
16.8 -8 0.780512 0 1.33114949517437 0 
17.6 -8 0.789556 0 1.33564316703701 0 
18.4 -8 0.797908 0 1.33961737787362 0 
19.2 -8 0.80566 0 1.34314961393673 0 
20 -8 0.812766 0 1.34628760140445 0 
20.8 -8 0.819384 0 1.34909894277457 0 
21.6 -8 0.8256 0 1.35163169675426 0 
22.4 -8 0.831406 0 1.35391576714548 0 
23.2 -8 0.836854 0 1.35598404997477 0 
24 -8 0.841946 0 1.35785982321779 0 
24.8 -8 0.846768 0 1.3595703046703 0 
25.6 -8 0.851266 0 1.36112884857783 0 
26.4 -8 0.855516 0 1.36255588452295 0 
27.2 -8 0.859514 0 1.36386508646778 0 
28 -8 0.863332 0 1.36507053340958 0 
28.8 -8 0.86693 0 1.36618159299621 0 
29.6 -8 0.870338 0 1.36720754776451 0 
30.4 -8 0.873608 0 1.36815813759458 0 
31.2 -8 0.876712 0 1.36903896648633 0 
32 -8 0.879648 0 1.36985774453102 0 
32.8 -8 0.882458 0 1.3706196352151 0 
33.6 -8 0.885142 0 1.3713299106599 0 
34.4 -8 0.887716 0 1.37199323548442 0 
35.2 -8 0.89018 0 1.3726130329898 0 
36 -8 0.892504 0 1.37319463058564 0 
36.8 -8 0.894768 0 1.37373882839552 0 
37.6 -8 0.896926 0 1.37425024602898 0 
38.4 -8 0.898986 0 1.37473173756502 0 
39.2 -8 0.900988 0 1.37518422788529 0 
40 -8 0.902912 0 1.37561 0 
0.3 -7 0.0392686 0 0.0512446920335887 0 
0.4 -7 0.043961 0 0.0717816706143944 0 
0.5 -7 0.0492536 0 0.0934912768532472 0 
0.6 -7 0.0562298 0 0.118959026889778 0 
0.7 -7 0.063733 0 0.143943141717167 0 
0.8 -7 0.0723664 0 0.173606062821969 0 
0.9 -7 0.0822546 0 0.204713262103315 0 
1 -7 0.0926064 0 0.237516831486881 0 
1.2 -7 0.1152948 0 0.306344644077341 0 
1.4 -7 0.1396842 0 0.376184283422267 0 
1.6 -7 0.1647242 0 0.444549671747382 0 
1.8 -7 0.1901626 0 0.509325621292241 0 
2 -7 0.21561 0 0.570900934956454 0 
2.2 -7 0.24073 0 0.628026040918532 0 
2.4 -7 0.264712 0 0.680383394958213 0 
2.6 -7 0.287562 0 0.727918356990916 0 
2.8 -7 0.309502 0 0.771563505906484 0 
3 -7 0.330666 0 0.811685620537738 0 
3.2 -7 0.350864 0 0.848359635568917 0 
3.4 -7 0.36989 0 0.881650434718528 0 
3.6 -7 0.388684 0 0.91300125367892 0 
3.8 -7 0.40602 0 0.941090581544537 0 
4 -7 0.422472 0 0.966882799781175 0 
4.2 -7 0.438338 0 0.990796909073721 0 
4.4 -7 0.45373 0 1.01312856406427 0 
4.6 -7 0.468222 0 1.03355690556861 0 
4.8 -7 0.481902 0 1.05234620983055 0 
5 -7 0.495282 0 1.07002882878536 0 
5.2 -7 0.5078 0 1.08619984308545 0 
5.4 -7 0.52009 0 1.101482713878 0 
5.6 -7 0.531552 0 1.11547676558601 0 
5.8 -7 0.54257 0 1.12855445869347 0 
6 -7 0.55317 0 1.14076450972535 0 
6.2 -7 0.56322 0 1.15208480293133 0 
6.4 -7 0.572974 0 1.16277078013624 0 
6.6 -7 0.58221 0 1.17268897837749 0 
6.8 -7 0.59112 0 1.18201110375873 0 
7 -7 0.599848 0 1.19085149111635 0 
7.2 -7 0.608112 0 1.19908820505374 0 
7.4 -7 0.616046 0 1.20682200413192 0 
7.6 -7 0.623668 0 1.21409680879988 0 
7.8 -7 0.631108 0 1.22100741052332 0 
8 -7 0.63834 0 1.22755155113404 0 
8.2 -7 0.645104 0 1.23363501743122 0 
8.4 -7 0.651694 0 1.23941465629715 0 
8.6 -7 0.658142 0 1.24491224656703 0 
8.8 -7 0.664304 0 1.25009541751028 0 
9 -7 0.670284 0 1.25501342236496 0 
9.2 -7 0.676068 0 1.25968200602487 0 
9.4 -7 0.681666 0 1.2641104348851 0 
9.6 -7 0.686932 0 1.26826574637046 0 
9.8 -7 0.692182 0 1.27227223893276 0 
10 -7 0.697404 0 1.27612946112783 0 
10.2 -7 0.70219 0 1.27971025149935 0 
10.4 -7 0.706986 0 1.28317327301841 0 
10.6 -7 0.711634 0 1.28647150615638 0 
10.8 -7 0.71614 0 1.28961671930335 0 
11 -7 0.72051 0 1.29261889535094 0 
11.2 -7 0.724718 0 1.29547681057833 0 
11.4 -7 0.728792 0 1.29820265171502 0 
11.6 -7 0.732792 0 1.30082351783698 0 
11.8 -7 0.736642 0 1.30332152744284 0 
12 -7 0.740474 0 1.30573600450172 0 
12.4 -7 0.747654 0 1.31022224289481 0 
12.8 -7 0.75457 0 1.31437643344697 0 
13.2 -7 0.761122 0 1.31820510509837 0 
13.6 -7 0.767216 0 1.32171393313401 0 
14 -7 0.77305 0 1.32496697277456 0 
14.4 -7 0.778734 0 1.32800869529602 0 
14.8 -7 0.784078 0 1.33082237838224 0 
15.2 -7 0.78909 0 1.33342533284907 0 
15.6 -7 0.793954 0 1.33586243110214 0 
16 -7 0.798636 0 1.33814186948455 0 
16.8 -7 0.807294 0 1.34225085637938 0 
17.6 -7 0.815256 0 1.34586139214879 0 
18.4 -7 0.822638 0 1.34905358525015 0 
19.2 -7 0.829424 0 1.35188220439838 0 
20 -7 0.83576 0 1.35440602487875 0 
20.8 -7 0.841618 0 1.35666190282854 0 
21.6 -7 0.847068 0 1.3586884645971 0 
22.4 -7 0.852172 0 1.36051575732231 0 
23.2 -7 0.85697 0 1.36216882206071 0 
24 -7 0.861476 0 1.36366837278996 0 
24.8 -7 0.865666 0 1.36503316749595 0 
25.6 -7 0.869632 0 1.36627858983082 0 
26.4 -7 0.873386 0 1.36741783380628 0 
27.2 -7 0.876912 0 1.36846380721964 0 
28 -7 0.880236 0 1.36942575882556 0 
28.8 -7 0.883402 0 1.37031222607185 0 
29.6 -7 0.886402 0 1.37113077058399 0 
30.4 -7 0.889296 0 1.37188608215522 0 
31.2 -7 0.89199 0 1.37258930364075 0 
32 -7 0.894574 0 1.37324199684866 0 
32.8 -7 0.897044 0 1.373848509253 0 
33.6 -7 0.899406 0 1.37441365717965 0 
34.4 -7 0.90166 0 1.37494115219522 0 
35.2 -7 0.90381 0 1.37543513955043 0 
36 -7 0.90587 0 1.37589740627095 0 
36.8 -7 0.907838 0 1.37633148974821 0 
37.6 -7 0.909732 0 1.37673854851164 0 
38.4 -7 0.911542 0 1.37712208905286 0 
39.2 -7 0.913304 0 1.37747998838522 0 
40 -7 0.914976 0 1.37782 0 
0.3 -6 0.1059584 0 0.0924903623203369 0 
0.4 -6 0.1102438 0 0.122482646494263 0 
0.5 -6 0.117132 0 0.159749282977378 0 
0.6 -6 0.125203 0 0.196672987662278 0 
0.7 -6 0.1344334 0 0.235583053130464 0 
0.8 -6 0.1454892 0 0.275379660929942 0 
0.9 -6 0.1566328 0 0.315537066844613 0 
1 -6 0.1687788 0 0.354908175292794 0 
1.2 -6 0.1941414 0 0.432535543801348 0 
1.4 -6 0.220864 0 0.506452619691646 0 
1.6 -6 0.247618 0 0.575878247024116 0 
1.8 -6 0.27359 0 0.638833271886866 0 
2 -6 0.299334 0 0.696806837640193 0 
2.2 -6 0.32304 0 0.748283863857276 0 
2.4 -6 0.34668 0 0.79593303317297 0 
2.6 -6 0.36873 0 0.838499745065019 0 
2.8 -6 0.389768 0 0.8772107857535 0 
3 -6 0.409616 0 0.912237087367026 0 
3.2 -6 0.428548 0 0.944077812897591 0 
3.4 -6 0.446086 0 0.972721735050977 0 
3.6 -6 0.462916 0 0.999006604060762 0 
3.8 -6 0.478878 0 1.02299709601882 0 
4 -6 0.494328 0 1.0452313036712 0 
4.2 -6 0.508654 0 1.06532650932134 0 
4.4 -6 0.522294 0 1.08386622487412 0 
4.6 -6 0.53517 0 1.10081345999754 0 
4.8 -6 0.547584 0 1.11656196494872 0 
5 -6 0.559686 0 1.13129380686727 0 
5.2 -6 0.570828 0 1.14466454069839 0 
5.4 -6 0.581788 0 1.15727622656097 0 
5.6 -6 0.591998 0 1.16881415304858 0 
5.8 -6 0.601894 0 1.17960115497333 0 
6 -6 0.611312 0 1.18962998016075 0 
6.2 -6 0.620354 0 1.19898898288951 0 
6.4 -6 0.628882 0 1.2076775224778 0 
6.6 -6 0.637266 0 1.21588081616421 0 
6.8 -6 0.645084 0 1.22346233466217 0 
7 -6 0.652958 0 1.23071866326639 0 
7.2 -6 0.660202 0 1.23738490150649 0 
7.4 -6 0.667184 0 1.24366522553962 0 
7.6 -6 0.67399 0 1.24959617241905 0 
7.8 -6 0.68053 0 1.25518105803394 0 
8 -6 0.686684 0 1.26039373156621 0 
8.2 -6 0.692826 0 1.26537235504751 0 
8.4 -6 0.698738 0 1.27007282360813 0 
8.6 -6 0.704342 0 1.27448450964681 0 
8.8 -6 0.709814 0 1.27868037272767 0 
9 -6 0.71501 0 1.28261393164743 0 
9.2 -6 0.72011 0 1.28636911589048 0 
9.4 -6 0.724968 0 1.28990968256364 0 
9.6 -6 0.729658 0 1.29326976466572 0 
9.8 -6 0.73421 0 1.29646076440936 0 
10 -6 0.738638 0 1.29950458519349 0 
10.2 -6 0.742928 0 1.30240273938703 0 
10.4 -6 0.747122 0 1.30516360291273 0 
10.6 -6 0.751178 0 1.30779213960351 0 
10.8 -6 0.755182 0 1.31031210089298 0 
11 -6 0.75895 0 1.31269411274421 0 
11.2 -6 0.762606 0 1.31496603012823 0 
11.4 -6 0.766198 0 1.31714523751852 0 
11.6 -6 0.769674 0 1.31922640307386 0 
11.8 -6 0.773024 0 1.32121075913961 0 
12 -6 0.776304 0 1.32311604773586 0 
12.4 -6 0.782622 0 1.32668718770615 0 
12.8 -6 0.788586 0 1.32996581261365 0 
13.2 -6 0.79433 0 1.33299679051791 0 
13.6 -6 0.799646 0 1.33577914665858 0 
14 -6 0.804706 0 1.33835295030147 0 
14.4 -6 0.809524 0 1.34073629122702 0 
14.8 -6 0.814212 0 1.34295610151924 0 
15.2 -6 0.81859 0 1.34501355696551 0 
15.6 -6 0.822772 0 1.34693132729465 0 
16 -6 0.826784 0 1.34872053693869 0 
16.8 -6 0.834298 0 1.35195313034861 0 
17.6 -6 0.841236 0 1.35478945661908 0 
18.4 -6 0.847584 0 1.35729142485721 0 
19.2 -6 0.853464 0 1.35950814304467 0 
20 -6 0.8589 0 1.36148229527774 0 
20.8 -6 0.863958 0 1.36324801228487 0 
21.6 -6 0.86865 0 1.36483367260132 0 
22.4 -6 0.873056 0 1.36626073934028 0 
23.2 -6 0.877186 0 1.36755069659187 0 
24 -6 0.88103 0 1.36872216500572 0 
24.8 -6 0.884676 0 1.36978504737442 0 
25.6 -6 0.888112 0 1.37075338290574 0 
26.4 -6 0.89134 0 1.37164037617422 0 
27.2 -6 0.894348 0 1.37245849681467 0 
28 -6 0.897232 0 1.37320594061931 0 
28.8 -6 0.899942 0 1.37389824007032 0 
29.6 -6 0.902524 0 1.37453526635513 0 
30.4 -6 0.904984 0 1.3751239680315 0 
31.2 -6 0.907332 0 1.37566789482743 0 
32 -6 0.90956 0 1.37617437767666 0 
32.8 -6 0.911668 0 1.37664822900373 0 
33.6 -6 0.9137 0 1.37708620208721 0 
34.4 -6 0.915632 0 1.37749669169087 0 
35.2 -6 0.917484 0 1.37787992702963 0 
36 -6 0.919248 0 1.37824005460884 0 
36.8 -6 0.920946 0 1.37857622204614 0 
37.6 -6 0.922578 0 1.37889096541394 0 
38.4 -6 0.924128 0 1.37918992387468 0 
39.2 -6 0.925636 0 1.37946776881611 0 
40 -6 0.927082 0 1.37973 0 
0.3 -5 0.203276 0 0.138165668249735 0 
0.4 -5 0.209792 0 0.188267540057222 0 
0.5 -5 0.21819 0 0.241719034499929 0 
0.6 -5 0.227984 0 0.292597547771405 0 
0.7 -5 0.238666 0 0.343050991263199 0 
0.8 -5 0.250004 0 0.389789607874307 0 
0.9 -5 0.261944 0 0.436629539205642 0 
1 -5 0.274982 0 0.48140984859599 0 
1.2 -5 0.300584 0 0.564517406992061 0 
1.4 -5 0.326342 0 0.638970606155624 0 
1.6 -5 0.351276 0 0.704656014298628 0 
1.8 -5 0.376138 0 0.764137614473755 0 
2 -5 0.399132 0 0.816081396962841 0 
2.2 -5 0.420884 0 0.862268707437142 0 
2.4 -5 0.441656 0 0.903512098969542 0 
2.6 -5 0.46123 0 0.940434999292861 0 
2.8 -5 0.479418 0 0.973229259384912 0 
3 -5 0.496828 0 1.00295483854561 0 
3.2 -5 0.513456 0 1.02991516097064 0 
3.4 -5 0.529056 0 1.05419047272681 0 
3.6 -5 0.543912 0 1.07627419819729 0 
3.8 -5 0.557804 0 1.09628382868011 0 
4 -5 0.570852 0 1.11447397034335 0 
4.2 -5 0.58334 0 1.13110897745376 0 
4.4 -5 0.59557 0 1.14658572203507 0 
4.6 -5 0.606552 0 1.16046400739031 0 
4.8 -5 0.61719 0 1.17333454602049 0 
5 -5 0.627406 0 1.18521456334036 0 
5.2 -5 0.637246 0 1.1962111888895 0 
5.4 -5 0.646382 0 1.20628159197393 0 
5.6 -5 0.65537 0 1.21571841412453 0 
5.8 -5 0.663986 0 1.22446008332769 0 
6 -5 0.671994 0 1.23251699081093 0 
6.2 -5 0.679806 0 1.24005235470628 0 
6.4 -5 0.687254 0 1.24705484787676 0 
6.6 -5 0.69434 0 1.25358691427852 0 
6.8 -5 0.701192 0 1.25969086032553 0 
7 -5 0.707786 0 1.2654079274986 0 
7.2 -5 0.713986 0 1.27073670824708 0 
7.4 -5 0.720118 0 1.27576774642888 0 
7.6 -5 0.725918 0 1.28045874459753 0 
7.8 -5 0.731382 0 1.28485493997689 0 
8 -5 0.736758 0 1.28900731381141 0 
8.2 -5 0.741956 0 1.29292563648435 0 
8.4 -5 0.74687 0 1.29660359771437 0 
8.6 -5 0.751708 0 1.30008568790091 0 
8.8 -5 0.756348 0 1.30337397076155 0 
9 -5 0.76078 0 1.30647684301846 0 
9.2 -5 0.765122 0 1.30941634605777 0 
9.4 -5 0.769278 0 1.31219666835953 0 
9.6 -5 0.773316 0 1.31483188156706 0 
9.8 -5 0.777152 0 1.31733250632162 0 
10 -5 0.780894 0 1.31970280923526 0 
10.2 -5 0.784544 0 1.32196387329019 0 
10.4 -5 0.788052 0 1.32410902813711 0 
10.6 -5 0.791496 0 1.32615648058026 0 
10.8 -5 0.794776 0 1.32809889233295 0 
11 -5 0.79805 0 1.32995578852307 0 
11.2 -5 0.80112 0 1.33172693559199 0 
11.4 -5 0.804152 0 1.33341526290149 0 
11.6 -5 0.807104 0 1.33502765141473 0 
11.8 -5 0.809986 0 1.33656833854841 0 
12 -5 0.812724 0 1.33804185226695 0 
12.4 -5 0.81808 0 1.34080118174323 0 
12.8 -5 0.823084 0 1.3433334899445 0 
13.2 -5 0.827874 0 1.34566241240677 0 
13.6 -5 0.83241 0 1.34780884068097 0 
14 -5 0.836656 0 1.34979550172299 0 
14.4 -5 0.840752 0 1.35162914428852 0 
14.8 -5 0.844656 0 1.35333034676294 0 
15.2 -5 0.848386 0 1.35490897380123 0 
15.6 -5 0.851862 0 1.35638542058724 0 
16 -5 0.855252 0 1.35775473435922 0 
16.8 -5 0.861558 0 1.36023120201091 0 
17.6 -5 0.867368 0 1.36239915179565 0 
18.4 -5 0.872714 0 1.36430824451235 0 
19.2 -5 0.877612 0 1.36600456489494 0 
20 -5 0.882198 0 1.36750630449322 0 
20.8 -5 0.886432 0 1.36885128120996 0 
21.6 -5 0.890354 0 1.37006189693814 0 
22.4 -5 0.894046 0 1.37114601672343 0 
23.2 -5 0.897504 0 1.37212515254882 0 
24 -5 0.90073 0 1.37301515327588 0 
24.8 -5 0.903782 0 1.37382014364015 0 
25.6 -5 0.906638 0 1.37455671363092 0 
26.4 -5 0.909328 0 1.37523022847914 0 
27.2 -5 0.911864 0 1.37584893129155 0 
28 -5 0.914268 0 1.37641665233671 0 
28.8 -5 0.916538 0 1.37694112376041 0 
29.6 -5 0.918694 0 1.37742430478001 0 
30.4 -5 0.920766 0 1.37786526434489 0 
31.2 -5 0.922708 0 1.37828054752364 0 
32 -5 0.924562 0 1.37866506181405 0 
32.8 -5 0.926332 0 1.37902242572409 0 
33.6 -5 0.928032 0 1.37935208029755 0 
34.4 -5 0.929644 0 1.37966315353527 0 
35.2 -5 0.931188 0 1.37995247667889 0 
36 -5 0.932668 0 1.38022338700827 0 
36.8 -5 0.93408 0 1.38047867205766 0 
37.6 -5 0.935436 0 1.38071803616584 0 
38.4 -5 0.936736 0 1.38094267608263 0 
39.2 -5 0.937994 0 1.38115201343353 0 
40 -5 0.939202 0 1.38135 0 
0.3 -4 0.336182 0 0.206881705209411 0 
0.4 -4 0.344618 0 0.271688971235788 0 
0.5 -4 0.353976 0 0.337488905422124 0 
0.6 -4 0.363556 0 0.396371194750905 0 
0.7 -4 0.373882 0 0.453486959771811 0 
0.8 -4 0.385116 0 0.506744539021602 0 
0.9 -4 0.395948 0 0.555808191592268 0 
1 -4 0.406782 0 0.602385937114785 0 
1.2 -4 0.429448 0 0.685859900094027 0 
1.4 -4 0.451196 0 0.757080530644674 0 
1.6 -4 0.471982 0 0.818801376059135 0 
1.8 -4 0.492338 0 0.872350236195905 0 
2 -4 0.511516 0 0.918930109292284 0 
2.2 -4 0.52896 0 0.959463616350476 0 
2.4 -4 0.545892 0 0.995115654378351 0 
2.6 -4 0.561874 0 1.02687499785808 0 
2.8 -4 0.57707 0 1.05497822196349 0 
3 -4 0.591168 0 1.08016889866943 0 
3.2 -4 0.604554 0 1.10279739477392 0 
3.4 -4 0.617506 0 1.12320364251859 0 
3.6 -4 0.629518 0 1.14147490128049 0 
3.8 -4 0.641028 0 1.15810879030035 0 
4 -4 0.651704 0 1.1731870700119 0 
4.2 -4 0.662198 0 1.18688539683238 0 
4.4 -4 0.67204 0 1.19937239280238 0 
4.6 -4 0.681374 0 1.21085312765267 0 
4.8 -4 0.69014 0 1.22128951150017 0 
5 -4 0.698582 0 1.23088317038015 0 
5.2 -4 0.706514 0 1.23970100672356 0 
5.4 -4 0.714054 0 1.24781313953391 0 
5.6 -4 0.721368 0 1.25530902039892 0 
5.8 -4 0.728266 0 1.26224496036247 0 
6 -4 0.73489 0 1.26865642881781 0 
6.2 -4 0.741416 0 1.27460439795735 0 
6.4 -4 0.74747 0 1.28012749695489 0 
6.6 -4 0.753304 0 1.28527346007573 0 
6.8 -4 0.758844 0 1.29005911114732 0 
7 -4 0.764226 0 1.29452713428587 0 
7.2 -4 0.76948 0 1.29869569177855 0 
7.4 -4 0.774352 0 1.30260251164227 0 
7.6 -4 0.778982 0 1.30625787505842 0 
7.8 -4 0.783572 0 1.30968310671412 0 
8 -4 0.78796 0 1.31289710127526 0 
8.2 -4 0.792136 0 1.31592199580419 0 
8.4 -4 0.796202 0 1.31876377196155 0 
8.6 -4 0.800046 0 1.32144968420728 0 
8.8 -4 0.803888 0 1.32397071485862 0 
9 -4 0.807542 0 1.32635557934475 0 
9.2 -4 0.810992 0 1.3286118021075 0 
9.4 -4 0.814442 0 1.33073936804559 0 
9.6 -4 0.81767 0 1.3327578005559 0 
9.8 -4 0.820822 0 1.33466714661071 0 
10 -4 0.82384 0 1.33648761262317 0 
10.2 -4 0.826788 0 1.33820695598836 0 
10.4 -4 0.829676 0 1.33983667714793 0 
10.6 -4 0.832416 0 1.34139817202554 0 
10.8 -4 0.835122 0 1.34287451411921 0 
11 -4 0.837668 0 1.34429007681238 0 
11.2 -4 0.840256 0 1.34562297777775 0 
11.4 -4 0.842692 0 1.34690357761707 0 
11.6 -4 0.845076 0 1.34812395623816 0 
11.8 -4 0.847382 0 1.3492893521711 0 
12 -4 0.849636 0 1.35040023549468 0 
12.4 -4 0.853882 0 1.35249189852326 0 
12.8 -4 0.85797 0 1.35439555068204 0 
13.2 -4 0.861832 0 1.35614553509765 0 
13.6 -4 0.865528 0 1.35774983350663 0 
14 -4 0.868986 0 1.35923834367813 0 
14.4 -4 0.87224 0 1.3606251960898 0 
14.8 -4 0.875378 0 1.36189815255693 0 
15.2 -4 0.878398 0 1.36307315563864 0 
15.6 -4 0.881212 0 1.36418075048378 0 
16 -4 0.883926 0 1.36520662815939 0 
16.8 -4 0.88903 0 1.36704821358238 0 
17.6 -4 0.89367 0 1.36867199529925 0 
18.4 -4 0.897968 0 1.37009156282375 0 
19.2 -4 0.901946 0 1.37134430549116 0 
20 -4 0.905608 0 1.37246344082967 0 
20.8 -4 0.909008 0 1.37346278491134 0 
21.6 -4 0.912162 0 1.37436100498733 0 
22.4 -4 0.915132 0 1.37516182074825 0 
23.2 -4 0.917898 0 1.37588768490578 0 
24 -4 0.92049 0 1.37654554469864 0 
24.8 -4 0.922942 0 1.3771372372132 0 
25.6 -4 0.925234 0 1.37768045758479 0 
26.4 -4 0.9274 0 1.37817541984223 0 
27.2 -4 0.92943 0 1.37863396147024 0 
28 -4 0.931364 0 1.37905022260209 0 
28.8 -4 0.933176 0 1.37944010763113 0 
29.6 -4 0.934906 0 1.37979656836817 0 
30.4 -4 0.936552 0 1.38012458788219 0 
31.2 -4 0.938128 0 1.38042356579866 0 
32 -4 0.939618 0 1.38070560624122 0 
32.8 -4 0.941034 0 1.38096919993667 0 
33.6 -4 0.94239 0 1.38121294672205 0 
34.4 -4 0.943684 0 1.38144107494117 0 
35.2 -4 0.94492 0 1.38165418781791 0 
36 -4 0.946102 0 1.38185453336708 0 
36.8 -4 0.94724 0 1.38203992548137 0 
37.6 -4 0.94832 0 1.38221756676969 0 
38.4 -4 0.949368 0 1.38238104652277 0 
39.2 -4 0.950376 0 1.38253373237284 0 
40 -4 0.951338 0 1.38268 0 
0.3 -3 0.503704 0 0.275754733995956 0 
0.4 -3 0.509722 0 0.352764026490426 0 
0.5 -3 0.515798 0 0.421571431562555 0 
0.6 -3 0.523682 0 0.487469227318966 0 
0.7 -3 0.5319 0 0.548016273134637 0 
0.8 -3 0.539708 0 0.602950943870756 0 
0.9 -3 0.547774 0 0.654033359540263 0 
1 -3 0.556514 0 0.701188456764196 0 
1.2 -3 0.572422 0 0.781519091789817 0 
1.4 -3 0.58825 0 0.849323690596415 0 
1.6 -3 0.603014 0 0.906800879356935 0 
1.8 -3 0.61696 0 0.955858655041723 0 
2 -3 0.630606 0 0.997873246040557 0 
2.2 -3 0.643906 0 1.03472014783039 0 
2.4 -3 0.65628 0 1.06652018706204 0 
2.6 -3 0.668324 0 1.09429179922818 0 
2.8 -3 0.679324 0 1.11903644729571 0 
3 -3 0.690094 0 1.14082922304724 0 
3.2 -3 0.700312 0 1.16044570477715 0 
3.4 -3 0.710038 0 1.17776918928154 0 
3.6 -3 0.719074 0 1.19332107835341 0 
3.8 -3 0.727896 0 1.2072934535456 0 
4 -3 0.736202 0 1.21982450761144 0 
4.2 -3 0.744074 0 1.23122286554974 0 
4.4 -3 0.751512 0 1.24153970233619 0 
4.6 -3 0.758652 0 1.25088106237999 0 
4.8 -3 0.765426 0 1.25936591734248 0 
5 -3 0.77194 0 1.26715663173117 0 
5.2 -3 0.777988 0 1.27428962443517 0 
5.4 -3 0.783844 0 1.2807884334941 0 
5.6 -3 0.789348 0 1.28679103688321 0 
5.8 -3 0.794638 0 1.29230393944658 0 
6 -3 0.799666 0 1.2973982917927 0 
6.2 -3 0.804548 0 1.30207838328347 0 
6.4 -3 0.80925 0 1.30638706270853 0 
6.6 -3 0.813788 0 1.31038817847581 0 
6.8 -3 0.817924 0 1.3141598019137 0 
7 -3 0.822006 0 1.31762068198847 0 
7.2 -3 0.825942 0 1.32084923358343 0 
7.4 -3 0.829808 0 1.32382651578171 0 
7.6 -3 0.833358 0 1.32666428401626 0 
7.8 -3 0.836736 0 1.32932199194253 0 
8 -3 0.840122 0 1.331771793736 0 
8.2 -3 0.843262 0 1.33410243072156 0 
8.4 -3 0.846334 0 1.33627853607039 0 
8.6 -3 0.84933 0 1.33831067693626 0 
8.8 -3 0.852162 0 1.34024607256301 0 
9 -3 0.85497 0 1.34203450742104 0 
9.2 -3 0.857626 0 1.34374631263272 0 
9.4 -3 0.860206 0 1.34535235306494 0 
9.6 -3 0.86268 0 1.34688011479324 0 
9.8 -3 0.865088 0 1.34831492854715 0 
10 -3 0.867406 0 1.349675904161 0 
10.2 -3 0.869596 0 1.35099091745983 0 
10.4 -3 0.871768 0 1.35221608219814 0 
10.6 -3 0.873872 0 1.35337920310712 0 
10.8 -3 0.875878 0 1.35449979650723 0 
11 -3 0.877868 0 1.35554221109989 0 
11.2 -3 0.87974 0 1.3565642207553 0 
11.4 -3 0.88165 0 1.35749539552902 0 
11.6 -3 0.88347 0 1.35839559215302 0 
11.8 -3 0.885182 0 1.35927766493427 0 
12 -3 0.88688 0 1.36010474324567 0 
12.4 -3 0.89012 0 1.36165373461684 0 
12.8 -3 0.89321 0 1.36306131328437 0 
13.2 -3 0.89611 0 1.36436233912816 0 
13.6 -3 0.898876 0 1.36554974084235 0 
14 -3 0.901498 0 1.36664532489378 0 
14.4 -3 0.903992 0 1.36765623690053 0 
14.8 -3 0.906342 0 1.36859944666595 0 
15.2 -3 0.908612 0 1.36946203119029 0 
15.6 -3 0.91075 0 1.37027337557421 0 
16 -3 0.912792 0 1.37102847925796 0 
16.8 -3 0.916624 0 1.37238216279114 0 
17.6 -3 0.920134 0 1.37356667905275 0 
18.4 -3 0.923366 0 1.37460351672545 0 
19.2 -3 0.926354 0 1.37551833590431 0 
20 -3 0.929122 0 1.3763274280663 0 
20.8 -3 0.931678 0 1.37705654132348 0 
21.6 -3 0.934052 0 1.37771180794203 0 
22.4 -3 0.93628 0 1.37829314488673 0 
23.2 -3 0.93837 0 1.37881451430512 0 
24 -3 0.940318 0 1.37929133974775 0 
24.8 -3 0.942162 0 1.37971662385482 0 
25.6 -3 0.943882 0 1.38011126026799 0 
26.4 -3 0.945502 0 1.38047205804889 0 
27.2 -3 0.947034 0 1.38080058998268 0 
28 -3 0.948482 0 1.38110394462269 0 
28.8 -3 0.949852 0 1.38138248422866 0 
29.6 -3 0.95115 0 1.38164065111701 0 
30.4 -3 0.9524 0 1.38186833132562 0 
31.2 -3 0.953572 0 1.3820892528818 0 
32 -3 0.954686 0 1.38229464363933 0 
32.8 -3 0.955752 0 1.38248397428307 0 
33.6 -3 0.95677 0 1.38265850083391 0 
34.4 -3 0.957744 0 1.38282068481798 0 
35.2 -3 0.958674 0 1.3829739674588 0 
36 -3 0.959564 0 1.38311650157282 0 
36.8 -3 0.960412 0 1.38325156197828 0 
37.6 -3 0.961226 0 1.3833789325005 0 
38.4 -3 0.962012 0 1.38349677897862 0 
39.2 -3 0.962768 0 1.38360585502656 0 
40 -3 0.963492 0 1.38371 0 
0.3 -2 0.680565 0.0001109 0.309922 0.0007973 
0.4 -2 0.683542 0.0002616 0.3996 0.0003205 
0.5 -2 0.687394 0.0001998 0.478067 0.0006118 
0.6 -2 0.691782 9.033e-05 0.54907 0.0002028 
0.7 -2 0.696533 8.88e-05 0.612159 0.0004285 
0.8 -2 0.701524 0.0001174 0.667873 0.0003619 
0.9 -2 0.706283 7.597e-05 0.718837 0.0001827 
1 -2 0.710841 0.0001106 0.764742 9.246e-05 
1.2 -2 0.719903 0.0001437 0.844181 9.864e-05 
1.4 -2 0.729032 8.918e-05 0.909627 0.0001536 
1.6 -2 0.737678 0.0001183 0.964854 9.62e-05 
1.8 -2 0.746185 8.217e-05 1.01162 7.932e-05 
2 -2 0.754533 4.546e-05 1.0517 2.641e-05 
2.2 -2 0.76254 6.878e-05 1.086 6.974e-05 
2.4 -2 0.770445 7.257e-05 1.11576 4.643e-05 
2.6 -2 0.77804 2.542e-05 1.14167 1.539e-05 
2.8 -2 0.785288 2.706e-05 1.16423 2.161e-05 
3 -2 0.792273 1.871e-05 1.18405 2.079e-05 
3.2 -2 0.799017 1.489e-05 1.20147 1.12e-05 
3.4 -2 0.805445 1.953e-05 1.21689 8.515e-06 
3.6 -2 0.81156 2.154e-05 1.23055 7.858e-06 
3.8 -2 0.817365 8.636e-06 1.24269 5.866e-06 
4 -2 0.822929 1.569e-05 1.25354 1.018e-05 
4.2 -2 0.828204 0 1.26332895762419 0 
4.4 -2 0.833212 0 1.2720627176258 0 
4.6 -2 0.838088 0 1.27992961215633 0 
4.8 -2 0.842584 0 1.28703943360723 0 
5 -2 0.846986 0 1.29346863203086 0 
5.2 -2 0.851026 0 1.29941469971685 0 
5.4 -2 0.854978 0 1.30476339463079 0 
5.6 -2 0.858828 0 1.30956515997964 0 
5.8 -2 0.862334 0 1.31411060866687 0 
6 -2 0.865746 0 1.31822273116105 0 
6.2 -2 0.869032 0 1.32198713388706 0 
6.4 -2 0.872166 0 1.32545796500982 0 
6.6 -2 0.875186 0 1.32863298469287 0 
6.8 -2 0.878088 0 1.33157977063908 0 
7 -2 0.88078 0 1.33437063267611 0 
7.2 -2 0.883394 0 1.33693108365461 0 
7.4 -2 0.886004 0 1.33924596816502 0 
7.6 -2 0.8885 0 1.34139297538563 0 
7.8 -2 0.89073 0 1.34353003058866 0 
8 -2 0.89296 0 1.34545813356439 0 
8.2 -2 0.895152 0 1.34722582830897 0 
8.4 -2 0.897186 0 1.34893304344387 0 
8.6 -2 0.899208 0 1.35049311542057 0 
8.8 -2 0.90112 0 1.35198435350917 0 
9 -2 0.90297 0 1.35338063698975 0 
9.2 -2 0.904778 0 1.35467545834444 0 
9.4 -2 0.906524 0 1.35589490319571 0 
9.6 -2 0.908184 0 1.35706631488659 0 
9.8 -2 0.9098 0 1.35815748756917 0 
10 -2 0.911348 0 1.35920600808289 0 
10.2 -2 0.912844 0 1.36019534734687 0 
10.4 -2 0.914282 0 1.3611417848559 0 
10.6 -2 0.915694 0 1.36202219243215 0 
10.8 -2 0.917044 0 1.36287380601679 0 
11 -2 0.918384 0 1.36365658027732 0 
11.2 -2 0.91963 0 1.36444146638153 0 
11.4 -2 0.920916 0 1.36512644002042 0 
11.6 -2 0.922128 0 1.3658081963395 0 
11.8 -2 0.923292 0 1.36646701580579 0 
12 -2 0.924432 0 1.36708484547975 0 
12.4 -2 0.926614 0 1.36824003097376 0 
12.8 -2 0.928682 0 1.36928996046148 0 
13.2 -2 0.93063 0 1.37025896002529 0 
13.6 -2 0.932468 0 1.37115186218359 0 
14 -2 0.934228 0 1.37196090436676 0 
14.4 -2 0.93588 0 1.37272630712068 0 
14.8 -2 0.937454 0 1.37342799487487 0 
15.2 -2 0.93898 0 1.37405683216518 0 
15.6 -2 0.940428 0 1.37464543670949 0 
16 -2 0.94178 0 1.3752171128342 0 
16.8 -2 0.944356 0 1.37620462590828 0 
17.6 -2 0.94669 0 1.37708804113585 0 
18.4 -2 0.948856 0 1.37784594380334 0 
19.2 -2 0.95086 0 1.37850817150552 0 
20 -2 0.952702 0 1.37910560148426 0 
20.8 -2 0.954416 0 1.37963547339752 0 
21.6 -2 0.956004 0 1.38011251121254 0 
22.4 -2 0.957488 0 1.38054055844592 0 
23.2 -2 0.958884 0 1.38091814110211 0 
24 -2 0.960184 0 1.3812659710711 0 
24.8 -2 0.961416 0 1.38157140831468 0 
25.6 -2 0.962566 0 1.38185730538214 0 
26.4 -2 0.963652 0 1.3821142487673 0 
27.2 -2 0.964672 0 1.38235546074116 0 
28 -2 0.965642 0 1.38257199767028 0 
28.8 -2 0.966552 0 1.3827770816804 0 
29.6 -2 0.96742 0 1.38296394270782 0 
30.4 -2 0.968244 0 1.38313448616929 0 
31.2 -2 0.969038 0 1.38328345560348 0 
32 -2 0.96978 0 1.38343359022251 0 
32.8 -2 0.97049 0 1.38357051077555 0 
33.6 -2 0.971172 0 1.38369581805867 0 
34.4 -2 0.97182 0 1.38381311760193 0 
35.2 -2 0.97244 0 1.38392231782607 0 
36 -2 0.973034 0 1.38402535588172 0 
36.8 -2 0.973602 0 1.38412239276554 0 
37.6 -2 0.974144 0 1.38421562217498 0 
38.4 -2 0.97467 0 1.38429688834365 0 
39.2 -2 0.975172 0 1.38437565402923 0 
40 -2 0.975656 0 1.38445 0 
0.3 -1.5 0.765656 0.0003113 0.320904 0.001449 
0.4 -1.5 0.767802 0.0003584 0.413445 0.0005953 
0.5 -1.5 0.770729 0.0002537 0.497458 0.0002518 
0.6 -1.5 0.773596 0.0001712 0.567117 0.0002385 
0.7 -1.5 0.776797 8.117e-05 0.631668 0.0002618 
0.8 -1.5 0.779647 0.0002248 0.689135 0.0002897 
0.9 -1.5 0.783185 8.91e-05 0.737941 0.0001868 
1 -1.5 0.786229 6.042e-05 0.783906 0.0001721 
1.2 -1.5 0.792254 8.861e-05 0.86281 0.0002474 
1.4 -1.5 0.79826 6.903e-05 0.92792 8.38e-05 
1.6 -1.5 0.804387 5.159e-05 0.982956 0.0001659 
1.8 -1.5 0.810356 7.364e-05 1.02961 6.866e-05 
2 -1.5 0.816228 6.12e-05 1.06918 6.799e-05 
2.2 -1.5 0.822044 1.626e-05 1.10325 6.344e-05 
2.4 -1.5 0.827828 2.265e-05 1.13242 1.557e-05 
2.6 -1.5 0.833322 1.456e-05 1.15781 3.346e-05 
2.8 -1.5 0.838746 2.555e-05 1.1798 1.065e-05 
3 -1.5 0.843922 1.661e-05 1.19902 2.653e-05 
3.2 -1.5 0.84896 1.494e-05 1.21579 2.328e-05 
3.4 -1.5 0.853747 1.729e-05 1.23057 1.074e-05 
3.6 -1.5 0.858348 1.116e-05 1.24359 4.045e-06 
3.8 -1.5 0.862704 1.168e-05 1.25515 1.678e-05 
4 -1.5 0.866871 7.639e-06 1.26541 9.863e-06 
4.2 -1.5 0.870792 0 1.2747029113004 0 
4.4 -1.5 0.874606 0 1.28281911769566 0 
4.6 -1.5 0.87823 0 1.29022105533877 0 
4.8 -1.5 0.881678 0 1.29680988724284 0 
5 -1.5 0.88503 0 1.30273714226417 0 
5.2 -1.5 0.88805 0 1.30826569348434 0 
5.4 -1.5 0.89107 0 1.31316627466333 0 
5.6 -1.5 0.8939 0 1.31764054921931 0 
5.8 -1.5 0.89658 0 1.32177255184401 0 
6 -1.5 0.899098 0 1.32560163016322 0 
6.2 -1.5 0.90159 0 1.3290163621161 0 
6.4 -1.5 0.90391 0 1.33224012477525 0 
6.6 -1.5 0.906192 0 1.33511115116187 0 
6.8 -1.5 0.908414 0 1.33772516605754 0 
7 -1.5 0.910446 0 1.34026685116294 0 
7.2 -1.5 0.912442 0 1.34256407340985 0 
7.4 -1.5 0.914364 0 1.34468828840599 0 
7.6 -1.5 0.916244 0 1.34661160232343 0 
7.8 -1.5 0.917976 0 1.34849144821893 0 
8 -1.5 0.91961 0 1.35027703721401 0 
8.2 -1.5 0.921258 0 1.35185914224752 0 
8.4 -1.5 0.92278 0 1.35341172336178 0 
8.6 -1.5 0.924318 0 1.35478442195901 0 
8.8 -1.5 0.925742 0 1.35613712518392 0 
9 -1.5 0.92713 0 1.35739133524535 0 
9.2 -1.5 0.928492 0 1.35854072215199 0 
9.4 -1.5 0.929804 0 1.35962377462921 0 
9.6 -1.5 0.931066 0 1.36065549693126 0 
9.8 -1.5 0.932274 0 1.36163821214544 0 
10 -1.5 0.933444 0 1.36256016268174 0 
10.2 -1.5 0.934578 0 1.36343118123271 0 
10.4 -1.5 0.935656 0 1.36427984866541 0 
10.6 -1.5 0.936718 0 1.36505939603635 0 
10.8 -1.5 0.937748 0 1.3657982025864 0 
11 -1.5 0.93874 0 1.36650647933252 0 
11.2 -1.5 0.939686 0 1.36719577725463 0 
11.4 -1.5 0.940638 0 1.36781420047368 0 
11.6 -1.5 0.941552 0 1.36841065028566 0 
11.8 -1.5 0.942426 0 1.3689962200964 0 
12 -1.5 0.943286 0 1.36953791351638 0 
12.4 -1.5 0.944916 0 1.37056726800646 0 
12.8 -1.5 0.946472 0 1.37148909144489 0 
13.2 -1.5 0.947932 0 1.37234500511718 0 
13.6 -1.5 0.949312 0 1.37313267553951 0 
14 -1.5 0.950648 0 1.37382779666673 0 
14.4 -1.5 0.951884 0 1.3745048836886 0 
14.8 -1.5 0.953068 0 1.37512108661396 0 
15.2 -1.5 0.95422 0 1.3756621853451 0 
15.6 -1.5 0.955304 0 1.37617896764553 0 
16 -1.5 0.956316 0 1.37668646310523 0 
16.8 -1.5 0.95825 0 1.37754913419635 0 
17.6 -1.5 0.960008 0 1.37831677261031 0 
18.4 -1.5 0.961632 0 1.3789795484008 0 
19.2 -1.5 0.963132 0 1.37956208313588 0 
20 -1.5 0.96452 0 1.38007552178581 0 
20.8 -1.5 0.9658 0 1.38054303270018 0 
21.6 -1.5 0.966992 0 1.38096195035427 0 
22.4 -1.5 0.968108 0 1.38133153655157 0 
23.2 -1.5 0.969156 0 1.38165630672957 0 
24 -1.5 0.970136 0 1.38195455564268 0 
24.8 -1.5 0.971054 0 1.38222576847619 0 
25.6 -1.5 0.971924 0 1.38246328843652 0 
26.4 -1.5 0.972738 0 1.38268780616111 0 
27.2 -1.5 0.973502 0 1.38289864272256 0 
28 -1.5 0.974226 0 1.38309003294339 0 
28.8 -1.5 0.974914 0 1.38326229786416 0 
29.6 -1.5 0.975566 0 1.38342196539375 0 
30.4 -1.5 0.976184 0 1.38357100756657 0 
31.2 -1.5 0.976778 0 1.38370072265843 0 
32 -1.5 0.977332 0 1.38383348291994 0 
32.8 -1.5 0.977866 0 1.38395080370111 0 
33.6 -1.5 0.978378 0 1.3840574353721 0 
34.4 -1.5 0.978864 0 1.38415911653888 0 
35.2 -1.5 0.97933 0 1.38425426441194 0 
36 -1.5 0.979774 0 1.38434331310746 0 
36.8 -1.5 0.9802 0 1.3844269153778 0 
37.6 -1.5 0.980606 0 1.38450748300273 0 
38.4 -1.5 0.981 0 1.38457893301364 0 
39.2 -1.5 0.98138 0 1.38464527557344 0 
40 -1.5 0.981742 0 1.38471 0 
0.3 -1 0.847555 0.0004626 0.331751 0.001757 
0.4 -1 0.84883 0.0004541 0.424799 0.000743 
0.5 -1 0.85047 0.0002363 0.509257 0.0006583 
0.6 -1 0.852158 0.0002228 0.580167 0.0004056 
0.7 -1 0.854037 0.0001597 0.643778 0.0003924 
0.8 -1 0.855723 0.0001601 0.700339 0.0004717 
0.9 -1 0.857618 8.496e-05 0.751035 0.0001101 
1 -1 0.859191 0.0001038 0.796227 0.000218 
1.2 -1 0.862839 4.105e-05 0.874958 0.0001943 
1.4 -1 0.866396 7.882e-05 0.939972 0.0002599 
1.6 -1 0.870198 3.526e-05 0.995034 0.0001478 
1.8 -1 0.873888 3.329e-05 1.0418 0.0001304 
2 -1 0.876256 0.000697 1.0793 0.0008223 
2.2 -1 0.881526 1.307e-05 1.11493 4.392e-05 
2.4 -1 0.88521 1.679e-05 1.14416 5.66e-05 
2.6 -1 0.888854 2.405e-05 1.16919 2.11e-05 
2.8 -1 0.89239 1.239e-05 1.19085 1.987e-05 
3 -1 0.895857 1.716e-05 1.20962 3.082e-05 
3.2 -1 0.899191 1.722e-05 1.22596 3.174e-05 
3.4 -1 0.902348 1.203e-05 1.24032 9.88e-06 
3.6 -1 0.905421 7.347e-06 1.2529 8.355e-06 
3.8 -1 0.908333 9.82e-06 1.26404 1.368e-05 
4 -1 0.911118 3.496e-06 1.27389 7.869e-06 
4.2 -1 0.913788 0 1.28267544032148 0 
4.4 -1 0.916302 0 1.29051001407804 0 
4.6 -1 0.918686 0 1.29755090523383 0 
4.8 -1 0.920976 0 1.30382768121022 0 
5 -1 0.923226 0 1.30939033023523 0 
5.2 -1 0.925228 0 1.31465398452405 0 
5.4 -1 0.927238 0 1.31926600295539 0 
5.6 -1 0.929144 0 1.32345941002299 0 
5.8 -1 0.930982 0 1.32724449971339 0 
6 -1 0.932632 0 1.3308847123548 0 
6.2 -1 0.93433 0 1.33401417273584 0 
6.4 -1 0.935874 0 1.33703734701685 0 
6.6 -1 0.937368 0 1.33977030087903 0 
6.8 -1 0.938852 0 1.34217776304322 0 
7 -1 0.940234 0 1.34449299744057 0 
7.2 -1 0.941566 0 1.34661691238864 0 
7.4 -1 0.942844 0 1.34858152830284 0 
7.6 -1 0.944094 0 1.35036995417458 0 
7.8 -1 0.94527 0 1.35206667284527 0 
8 -1 0.94637 0 1.35370488683817 0 
8.2 -1 0.947458 0 1.35517310950387 0 
8.4 -1 0.94848 0 1.35659221424536 0 
8.6 -1 0.949498 0 1.35786639061791 0 
8.8 -1 0.950458 0 1.3590926514639 0 
9 -1 0.951376 0 1.36026101518914 0 
9.2 -1 0.9523 0 1.36127819894806 0 
9.4 -1 0.953162 0 1.36229350685605 0 
9.6 -1 0.954008 0 1.36322301483604 0 
9.8 -1 0.954818 0 1.3641197476036 0 
10 -1 0.955598 0 1.36496260452317 0 
10.2 -1 0.956356 0 1.36575253129917 0 
10.4 -1 0.957076 0 1.36652653617671 0 
10.6 -1 0.957784 0 1.36723741479079 0 
10.8 -1 0.958466 0 1.36791949070405 0 
11 -1 0.959128 0 1.36856446290967 0 
11.2 -1 0.959768 0 1.36917601096947 0 
11.4 -1 0.960396 0 1.36974947725203 0 
11.6 -1 0.96102 0 1.37026322931787 0 
11.8 -1 0.961598 0 1.37080324245445 0 
12 -1 0.962168 0 1.37130157350051 0 
12.4 -1 0.963262 0 1.37222050820028 0 
12.8 -1 0.964292 0 1.37306930957697 0 
13.2 -1 0.965272 0 1.37383275436652 0 
13.6 -1 0.966192 0 1.37454743425051 0 
14 -1 0.96708 0 1.37517443462736 0 
14.4 -1 0.96792 0 1.37575841686699 0 
14.8 -1 0.968708 0 1.37631817787435 0 
15.2 -1 0.969464 0 1.37682380780843 0 
15.6 -1 0.970192 0 1.37728019707793 0 
16 -1 0.970872 0 1.37772958814567 0 
16.8 -1 0.972156 0 1.37851462172908 0 
17.6 -1 0.973332 0 1.37920032663454 0 
18.4 -1 0.974416 0 1.37979042368358 0 
19.2 -1 0.975416 0 1.38031390686084 0 
20 -1 0.97634 0 1.38077437889405 0 
20.8 -1 0.977196 0 1.38119011839989 0 
21.6 -1 0.977992 0 1.38156129448135 0 
22.4 -1 0.978734 0 1.38189451298425 0 
23.2 -1 0.979434 0 1.38218594636481 0 
24 -1 0.980086 0 1.38245393810495 0 
24.8 -1 0.9807 0 1.38269125442592 0 
25.6 -1 0.981278 0 1.38290706618421 0 
26.4 -1 0.98182 0 1.38310946675308 0 
27.2 -1 0.98233 0 1.38329448047843 0 
28 -1 0.982816 0 1.38346137621016 0 
28.8 -1 0.983272 0 1.38361871054766 0 
29.6 -1 0.983706 0 1.38376111670705 0 
30.4 -1 0.984122 0 1.38388752419052 0 
31.2 -1 0.984514 0 1.38400818031801 0 
32 -1 0.984886 0 1.38412489540669 0 
32.8 -1 0.985242 0 1.3842284809112 0 
33.6 -1 0.985582 0 1.38432294330872 0 
34.4 -1 0.985908 0 1.38441088853864 0 
35.2 -1 0.986218 0 1.38449612217371 0 
36 -1 0.986514 0 1.38457444007303 0 
36.8 -1 0.986798 0 1.3846499376146 0 
37.6 -1 0.98707 0 1.38472026290298 0 
38.4 -1 0.987332 0 1.38478452843216 0 
39.2 -1 0.987584 0 1.38484267481994 0 
40 -1 0.987826 0 1.3849 0 
0.3 -0.5 0.925314 0.0004698 0.336803 0.001887 
0.4 -0.5 0.926022 0.0003498 0.428551 0.0007274 
0.5 -0.5 0.926669 0.0002242 0.512949 0.001364 
0.6 -0.5 0.927349 0.0001762 0.585748 0.0008095 
0.7 -0.5 0.928101 8.527e-05 0.650415 0.0006952 
0.8 -0.5 0.928828 8.255e-05 0.70684 0.0005202 
0.9 -0.5 0.92955 2.456e-05 0.757745 0.0006719 
1 -0.5 0.930198 3.387e-05 0.801773 0.0003744 
1.2 -0.5 0.931801 2.244e-05 0.881028 0.0003388 
1.4 -0.5 0.933535 2.84e-05 0.946861 0.0002092 
1.6 -0.5 0.935255 2.697e-05 1.00202 0.0001594 
1.8 -0.5 0.937095 1.15e-05 1.0487 0.0001703 
2 -0.5 0.938163 0.0003538 1.08613 0.0009273 
2.2 -0.5 0.940767 9.638e-06 1.12205 5.703e-05 
2.4 -0.5 0.942582 2.252e-05 1.1511 4.062e-05 
2.6 -0.5 0.944418 3.865e-06 1.1759 2.387e-05 
2.8 -0.5 0.946187 1.042e-05 1.19735 3.057e-05 
3 -0.5 0.947901 3.301e-06 1.21589 1.007e-05 
3.2 -0.5 0.949554 4.725e-06 1.23205 1.053e-05 
3.4 -0.5 0.951138 4.208e-06 1.24617 1.657e-05 
3.6 -0.5 0.952661 6.9e-06 1.25851 2.29e-05 
3.8 -0.5 0.954122 7.025e-06 1.26939 1.173e-05 
4 -0.5 0.95551 3.664e-06 1.27899 1.355e-05 
4.2 -0.5 0.956834 0 1.28759937993425 0 
4.4 -0.5 0.958118 0 1.29513152656636 0 
4.6 -0.5 0.95931 0 1.30193193326398 0 
4.8 -0.5 0.960468 0 1.30797637594994 0 
5 -0.5 0.961558 0 1.31346362644216 0 
5.2 -0.5 0.962584 0 1.31846391338839 0 
5.4 -0.5 0.96358 0 1.32293546209596 0 
5.6 -0.5 0.964544 0 1.32693415660683 0 
5.8 -0.5 0.965458 0 1.33056937110412 0 
6 -0.5 0.966294 0 1.33405872169592 0 
6.2 -0.5 0.967142 0 1.33703977521228 0 
6.4 -0.5 0.967914 0 1.33993620857774 0 
6.6 -0.5 0.968656 0 1.34256229237008 0 
6.8 -0.5 0.96941 0 1.3448126980087 0 
7 -0.5 0.970096 0 1.34704378150773 0 
7.2 -0.5 0.970768 0 1.34904312476867 0 
7.4 -0.5 0.971404 0 1.35092844798859 0 
7.6 -0.5 0.972024 0 1.35263228212421 0 
7.8 -0.5 0.97262 0 1.35421860492754 0 
8 -0.5 0.973168 0 1.35578906842015 0 
8.2 -0.5 0.973712 0 1.357182225502 0 
8.4 -0.5 0.974228 0 1.35850783170604 0 
8.6 -0.5 0.974738 0 1.3597091811548 0 
8.8 -0.5 0.975216 0 1.3608792325972 0 
9 -0.5 0.975676 0 1.36198107664052 0 
9.2 -0.5 0.976142 0 1.36292803776638 0 
9.4 -0.5 0.97657 0 1.36389560187452 0 
9.6 -0.5 0.976994 0 1.36477184470705 0 
9.8 -0.5 0.977404 0 1.36559218299544 0 
10 -0.5 0.977792 0 1.36639928110403 0 
10.2 -0.5 0.978172 0 1.36713455261136 0 
10.4 -0.5 0.978528 0 1.36788040124806 0 
10.6 -0.5 0.978886 0 1.36853556387705 0 
10.8 -0.5 0.979228 0 1.36917698438711 0 
11 -0.5 0.97956 0 1.36977608373323 0 
11.2 -0.5 0.97988 0 1.37035447773083 0 
11.4 -0.5 0.98019 0 1.37090697000317 0 
11.6 -0.5 0.9805 0 1.37139663449479 0 
11.8 -0.5 0.980796 0 1.3718783556041 0 
12 -0.5 0.981078 0 1.37235710634806 0 
12.4 -0.5 0.981624 0 1.37322120000267 0 
12.8 -0.5 0.98214 0 1.37401793345562 0 
13.2 -0.5 0.98263 0 1.37472698928696 0 
13.6 -0.5 0.983092 0 1.37539502387018 0 
14 -0.5 0.98354 0 1.3759623098807 0 
14.4 -0.5 0.983954 0 1.37653579843139 0 
14.8 -0.5 0.984344 0 1.37706863991367 0 
15.2 -0.5 0.98473 0 1.37751113274407 0 
15.6 -0.5 0.985094 0 1.37793648128079 0 
16 -0.5 0.985434 0 1.37835637707826 0 
16.8 -0.5 0.986076 0 1.37909390107307 0 
17.6 -0.5 0.986664 0 1.379731108725 0 
18.4 -0.5 0.987206 0 1.38028203254336 0 
19.2 -0.5 0.987706 0 1.38076582878369 0 
20 -0.5 0.98817 0 1.38118976505003 0 
20.8 -0.5 0.988596 0 1.38158182498001 0 
21.6 -0.5 0.988994 0 1.38192483728169 0 
22.4 -0.5 0.989366 0 1.38223187102897 0 
23.2 -0.5 0.989716 0 1.38250238116498 0 
24 -0.5 0.990044 0 1.3827454552255 0 
24.8 -0.5 0.99035 0 1.38296535191861 0 
25.6 -0.5 0.990638 0 1.3831680673084 0 
26.4 -0.5 0.990912 0 1.38334858150845 0 
27.2 -0.5 0.991166 0 1.38352273619459 0 
28 -0.5 0.991408 0 1.38368220384869 0 
28.8 -0.5 0.991636 0 1.3838283402437 0 
29.6 -0.5 0.991852 0 1.38395999228881 0 
30.4 -0.5 0.99206 0 1.38407946601275 0 
31.2 -0.5 0.992258 0 1.38418320559121 0 
32 -0.5 0.992444 0 1.38429298991754 0 
32.8 -0.5 0.992622 0 1.38438919849282 0 
33.6 -0.5 0.992792 0 1.38447597978561 0 
34.4 -0.5 0.992954 0 1.38456001306103 0 
35.2 -0.5 0.99311 0 1.38463616582801 0 
36 -0.5 0.993258 0 1.38470858459495 0 
36.8 -0.5 0.9934 0 1.38477877971821 0 
37.6 -0.5 0.993536 0 1.38484480375905 0 
38.4 -0.5 0.993666 0 1.38490304274391 0 
39.2 -0.5 0.993792 0 1.38495724568753 0 
40 -0.5 0.993914 0 1.38501 0 
0.15 0 1 0 0.145254 0.005391 
0.2 0 1 0 0.223637 0.005798 
0.25 0 1 0 0.286409 0.003732 
0.3 0 1 0 0.336681 0.002644 
0.4 0 1 0 0.431943 0.00191 
0.5 0 1 0 0.515104 0.001007 
0.6 0 1 0 0.588477 0.001293 
0.7 0 1 0 0.651169 0.0004899 
0.8 0 1 0 0.708358 0.0006502 
0.9 0 1 0 0.758374 0.0006859 
1 0 1 0 0.80404 0.0003226 
1.2 0 1 0 0.882502 0.0003905 
1.4 0 1 0 0.948547 0.0001281 
1.6 0 1 0 1.00397 0.0001585 
1.8 0 1 0 1.05094 0.0001027 
2 0 1 0 1.09048 4.784e-05 
2.2 0 1 0 1.1243 2.175e-05 
2.4 0 1 0 1.15333 4.589e-05 
2.6 0 1 0 1.17809 3.481e-05 
2.8 0 1 0 1.19948 4.113e-05 
3 0 1 0 1.21801 2.351e-05 
3.2 0 1 0 1.23407 2.238e-05 
3.4 0 1 0 1.24809 1.314e-05 
3.6 0 1 0 1.26033 1.019e-05 
3.8 0 1 0 1.27116 1.512e-05 
4 0 1 0 1.28066 7.361e-06 
4.2 0 1 0 1.28922841293844 0 
4.4 0 1 0 1.29667254314179 0 
4.6 0 1 0 1.30344014396911 0 
4.8 0 1 0 1.3094068298477 0 
5 0 1 0 1.31479149433747 0 
5.2 0 1 0 1.31973204785419 0 
5.4 0 1 0 1.32414758967197 0 
5.6 0 1 0 1.32806845721572 0 
5.8 0 1 0 1.33167058041588 0 
6 0 1 0 1.33510514594199 0 
6.2 0 1 0 1.33807708374762 0 
6.4 0 1 0 1.34087319110637 0 
6.6 0 1 0 1.34343400810371 0 
6.8 0 1 0 1.34570880351591 0 
7 0 1 0 1.34789040520499 0 
7.2 0 1 0 1.34984771744195 0 
7.4 0 1 0 1.35169659995848 0 
7.6 0 1 0 1.35336283180498 0 
7.8 0 1 0 1.35493382901618 0 
8 0 1 0 1.35647061977479 0 
8.2 0 1 0 1.35781834240503 0 
8.4 0 1 0 1.35913937003319 0 
8.6 0 1 0 1.36031589477021 0 
8.8 0 1 0 1.36145433559149 0 
9 0 1 0 1.36251775102077 0 
9.2 0 1 0 1.36347119589547 0 
9.4 0 1 0 1.36441187722134 0 
9.6 0 1 0 1.36527211943908 0 
9.8 0 1 0 1.36608328212268 0 
10 0 1 0 1.36686553088121 0 
10.2 0 1 0 1.36759545566041 0 
10.4 0 1 0 1.36831314805556 0 
10.6 0 1 0 1.3689672630177 0 
10.8 0 1 0 1.36959644016583 0 
11 0 1 0 1.37018985126512 0 
11.2 0 1 0 1.37074842489396 0 
11.4 0 1 0 1.37128932393139 0 
11.6 0 1 0 1.37176064012342 0 
11.8 0 1 0 1.37223244645099 0 
12 0 1 0 1.37269733131268 0 
12.4 0 1 0 1.37354068533408 0 
12.8 0 1 0 1.37432202060642 0 
13.2 0 1 0 1.37501838307383 0 
13.6 0 1 0 1.37565663927835 0 
14 0 1 0 1.37622798350047 0 
14.4 0 1 0 1.3767843582051 0 
14.8 0 1 0 1.37729507498157 0 
15.2 0 1 0 1.37773590101541 0 
15.6 0 1 0 1.37815124896205 0 
16 0 1 0 1.37856722047405 0 
16.8 0 1 0 1.3792812640294 0 
17.6 0 1 0 1.37989486263052 0 
18.4 0 1 0 1.38043739605865 0 
19.2 0 1 0 1.3809042747519 0 
20 0 1 0 1.38132331229333 0 
20.8 0 1 0 1.38170139977181 0 
21.6 0 1 0 1.38203766592743 0 
22.4 0 1 0 1.38233606230547 0 
23.2 0 1 0 1.38259714160274 0 
24 0 1 0 1.38284208020765 0 
24.8 0 1 0 1.38305406632049 0 
25.6 0 1 0 1.38324646335221 0 
26.4 0 1 0 1.38343170866686 0 
27.2 0 1 0 1.38359455651894 0 
28 0 1 0 1.38375021953705 0 
28.8 0 1 0 1.38388727080495 0 
29.6 0 1 0 1.38401399101735 0 
30.4 0 1 0 1.38413399809053 0 
31.2 0 1 0 1.38424010791795 0 
32 0 1 0 1.38434454384472 0 
32.8 0 1 0 1.38443751150312 0 
33.6 0 1 0 1.38452161193289 0 
34.4 0 1 0 1.38460326273597 0 
35.2 0 1 0 1.38467797864942 0 
36 0 1 0 1.38474798157648 0 
36.8 0 1 0 1.38481611617002 0 
37.6 0 1 0 1.38488052723886 0 
38.4 0 1 0 1.38493589769065 0 
39.2 0 1 0 1.38498878614911 0 
40 0 1 0 1.38504 0 
