7.000000000000000000e+00 5.000000000000000000e+01 5.555555555555555713e+01 0.000000000000000000e+00 1.296541571511833268e+01 1.970323955987322552e+04 2.004779400479273388e+00 8.620689655172419918e+00 1.724137931034483984e-01 8.708560510961561363e+00 9.000000000000000222e-01 2.000000000000000111e-01
7.000000000000000000e+00 5.000000000000000000e+01 5.555555555555555713e+01 1.282051282051281937e-01 1.261309673425438937e+01 2.028329882345537044e+04 2.005476654613770560e+00 8.620689655172419918e+00 1.724137931034483984e-01 8.452138900792405707e+00 9.000000000000000222e-01 2.000000000000000111e-01
7.000000000000000000e+00 5.000000000000000000e+01 5.555555555555555713e+01 2.564102564102563875e-01 1.226077775339044607e+01 2.089262657044380467e+04 2.006209624192291763e+00 8.934169278996868968e+00 1.786833855799373760e-01 8.195717290623250051e+00 9.000000000000000222e-01 2.000000000000000111e-01
7.000000000000000000e+00 5.000000000000000000e+01 5.555555555555555713e+01 3.846153846153845812e-01 1.190845877252650276e+01 2.153335085128443461e+04 2.006981337103662000e+00 8.934169278996868968e+00 1.786833855799373760e-01 7.939295680454094395e+00 9.000000000000000222e-01 2.000000000000000111e-01
7.000000000000000000e+00 5.000000000000000000e+01 5.555555555555555713e+01 5.128205128205127750e-01 1.155613979166255767e+01 2.220780497291961365e+04 2.007795142868896932e+00 8.934169278996868968e+00 1.786833855799373760e-01 7.682874070284938739e+00 9.000000000000000222e-01 2.000000000000000111e-01
7.000000000000000000e+00 5.000000000000000000e+01 5.555555555555555713e+01 6.410256410256409687e-01 1.120382081079862679e+01 2.291855250598768907e+04 2.008654751107004977e+00 8.934169278996868968e+00 1.786833855799373760e-01 7.426452460115791965e+00 9.000000000000000222e-01 2.000000000000000111e-01
7.000000000000000000e+00 5.000000000000000000e+01 5.555555555555555713e+01 7.692307692307691624e-01 1.085150182993469059e+01 2.366841601231931054e+04 2.009564275572675029e+00 9.247648902821316241e+00 1.849529780564263259e-01 7.170030849946641638e+00 9.000000000000000222e-01 2.000000000000000111e-01
7.000000000000000000e+00 5.000000000000000000e+01 5.555555555555555713e+01 8.974358974358973562e-01 1.049918284907074728e+01 2.446051015177676163e+04 2.010528284886834438e+00 9.247648902821316241e+00 1.849529780564263259e-01 6.913609239777485982e+00 9.000000000000000222e-01 2.000000000000000111e-01
7.000000000000000000e+00 5.000000000000000000e+01 5.555555555555555713e+01 1.025641025641025550e+00 1.014686386820680220e+01 2.529827996404438818e+04 2.011551861394083929e+00 9.247648902821316241e+00 1.849529780564263259e-01 6.657187629608330326e+00 9.000000000000000222e-01 2.000000000000000111e-01
7.000000000000000000e+00 5.000000000000000000e+01 5.555555555555555713e+01 1.153846153846153744e+00 9.794544887342858885e+00 2.618554529027414901e+04 2.012640669997666443e+00 9.561128526645774173e+00 1.912225705329154701e-01 6.400766019439174670e+00 9.000000000000000222e-01 2.000000000000000111e-01
7.000000000000000000e+00 5.000000000000000000e+01 5.555555555555555713e+01 1.282051282051281937e+00 9.442225906478917352e+00 2.712655251060093360e+04 2.013801039375494373e+00 9.561128526645774173e+00 1.912225705329154701e-01 6.144344409270020790e+00 9.000000000000000222e-01 2.000000000000000111e-01
7.000000000000000000e+00 5.000000000000000000e+01 5.555555555555555713e+01 1.410256410256410131e+00 9.091217816160732212e+00 2.812603503838433244e+04 2.015040058715536375e+00 9.561128526645774173e+00 1.912225705329154701e-01 5.888876879586890212e+00 9.000000000000000222e-01 2.000000000000000111e-01
7.000000000000000000e+00 5.000000000000000000e+01 5.555555555555555713e+01 1.538461538461538325e+00 8.742112337239081654e+00 2.918928434647348331e+04 2.016365694083498195e+00 9.874608150470223222e+00 1.974921630094044755e-01 5.634794091300972418e+00 9.000000000000000222e-01 2.000000000000000111e-01
7.000000000000000000e+00 5.000000000000000000e+01 5.555555555555555713e+01 1.666666666666666519e+00 8.394375671641219228e+00 3.032223372607844431e+04 2.017786929827040776e+00 9.874608150470223222e+00 1.974921630094044755e-01 5.381707540332870465e+00 9.000000000000000222e-01 2.000000000000000111e-01
7.000000000000000000e+00 5.000000000000000000e+01 5.555555555555555713e+01 1.794871794871794712e+00 8.048520667840659115e+00 3.153155752370183836e+04 2.019313942130365636e+00 1.018808777429467227e+01 2.037617554858934532e-01 5.129990483414363922e+00 9.000000000000000222e-01 2.000000000000000111e-01
7.000000000000000000e+00 5.000000000000000000e+01 5.555555555555555713e+01 1.923076923076922906e+00 7.704895831502331482e+00 3.282478930524168391e+04 2.020958314096559238e+00 1.018808777429467227e+01 2.037617554858934532e-01 4.879896566782567113e+00 9.000000000000000222e-01 2.000000000000000111e-01
7.000000000000000000e+00 5.000000000000000000e+01 5.555555555555555713e+01 2.051282051282051100e+00 7.364228791858855594e+00 3.421046331285989436e+04 2.022733304739418259e+00 1.018808777429467227e+01 2.037617554858934532e-01 4.631955366956391096e+00 9.000000000000000222e-01 2.000000000000000111e-01
7.000000000000000000e+00 5.000000000000000000e+01 5.555555555555555713e+01 2.179487179487179294e+00 7.027114115161638530e+00 3.569828478466824163e+04 2.024654188276833633e+00 1.050156739811912843e+01 2.100313479623825696e-01 4.386599615760752080e+00 9.000000000000000222e-01 2.000000000000000111e-01
7.000000000000000000e+00 5.000000000000000000e+01 5.555555555555555713e+01 2.307692307692307487e+00 6.694273619169281986e+00 3.729933630547373468e+04 2.026738685524307915e+00 1.050156739811912843e+01 2.100313479623825696e-01 4.144354660060169060e+00 9.000000000000000222e-01 2.000000000000000111e-01
7.000000000000000000e+00 5.000000000000000000e+01 5.555555555555555713e+01 2.435897435897435681e+00 6.366611552707873045e+00 3.902632949925692810e+04 2.029007516589157678e+00 1.081504702194357748e+01 2.163009404388715473e-01 3.905878622046668802e+00 9.000000000000000222e-01 2.000000000000000111e-01
7.000000000000000000e+00 5.000000000000000000e+01 5.555555555555555713e+01 2.564102564102563875e+00 6.045029910543537000e+00 4.089391427760465012e+04 2.031485114421123228e+00 1.081504702194357748e+01 2.163009404388715473e-01 3.671827983382768501e+00 9.000000000000000222e-01 2.000000000000000111e-01
7.000000000000000000e+00 5.000000000000000000e+01 5.555555555555555713e+01 2.692307692307692069e+00 5.726272322186077623e+00 4.291906184031891462e+04 2.034200553662825151e+00 1.112852664576803363e+01 2.225705329153606638e-01 3.439832721986899600e+00 9.000000000000000222e-01 2.000000000000000111e-01
7.000000000000000000e+00 5.000000000000000000e+01 5.555555555555555713e+01 2.820512820512820262e+00 5.412801338702712073e+00 4.512154315648835473e+04 2.037188771353327432e+00 1.112852664576803363e+01 2.225705329153606638e-01 3.211685109476762889e+00 9.000000000000000222e-01 2.000000000000000111e-01
7.000000000000000000e+00 5.000000000000000000e+01 5.555555555555555713e+01 2.948717948717948456e+00 5.107621353053065860e+00 4.752453245110892021e+04 2.040492190065850142e+00 1.144200626959248268e+01 2.288401253918496414e-01 2.989571775929450226e+00 9.000000000000000222e-01 2.000000000000000111e-01
7.000000000000000000e+00 5.000000000000000000e+01 5.555555555555555713e+01 3.076923076923076650e+00 4.810354317187432116e+00 5.015537639057484921e+04 2.044162908428688752e+00 1.175548589341693173e+01 2.351097178683386468e-01 2.773217573836903149e+00 9.000000000000000222e-01 2.000000000000000111e-01
7.000000000000000000e+00 5.000000000000000000e+01 5.555555555555555713e+01 3.205128205128204844e+00 4.517505174794370859e+00 5.304658595819991024e+04 2.048265714222534228e+00 1.175548589341693173e+01 2.351097178683386468e-01 2.560078762964591359e+00 9.000000000000000222e-01 2.000000000000000111e-01
7.000000000000000000e+00 5.000000000000000000e+01 5.555555555555555713e+01 3.333333333333333037e+00 4.232374104674463844e+00 5.623713231643173640e+04 2.052882330928730514e+00 1.206896551724138789e+01 2.413793103448277633e-01 2.352557249561838315e+00 9.000000000000000222e-01 2.000000000000000111e-01
7.000000000000000000e+00 5.000000000000000000e+01 5.555555555555555713e+01 3.461538461538461231e+00 3.956952103930511111e+00 5.977416514590521547e+04 2.058117587861485909e+00 1.238244514106583694e+01 2.476489028213167409e-01 2.152102103110197451e+00 9.000000000000000222e-01 2.000000000000000111e-01
7.000000000000000000e+00 5.000000000000000000e+01 5.555555555555555713e+01 3.589743589743589425e+00 3.686970932704260573e+00 6.371533066113783570e+04 2.064108724967317787e+00 1.269592476489028599e+01 2.539184952978057463e-01 1.955606851927791823e+00 9.000000000000000222e-01 2.000000000000000111e-01
7.000000000000000000e+00 5.000000000000000000e+01 5.555555555555555713e+01 3.717948717948717618e+00 3.425994303797155638e+00 6.813196275081226486e+04 2.071040052802254561e+00 1.269592476489028599e+01 2.539184952978057463e-01 1.765665205193973630e+00 9.000000000000000222e-01 2.000000000000000111e-01
7.000000000000000000e+00 5.000000000000000000e+01 5.555555555555555713e+01 3.846153846153845812e+00 3.173417681706140137e+00 7.311358597249936429e+04 2.079167211790875935e+00 1.300940438871474214e+01 2.601880877742948628e-01 1.581837175353380642e+00 9.000000000000000222e-01 2.000000000000000111e-01
7.000000000000000000e+00 5.000000000000000000e+01 5.555555555555555713e+01 3.974358974358974006e+00 2.927551546290795059e+00 7.877446943782160815e+04 2.088859438919240308e+00 1.332288401253919119e+01 2.664576802507838127e-01 1.402893111157142991e+00 9.000000000000000222e-01 2.000000000000000111e-01
7.000000000000000000e+00 5.000000000000000000e+01 5.555555555555555713e+01 4.102564102564102200e+00 2.693199506475020488e+00 8.526355395969511301e+04 2.100676933022127102e+00 1.363636363636364024e+01 2.727272727272728181e-01 1.232329131752373685e+00 9.000000000000000222e-01 2.000000000000000111e-01
7.000000000000000000e+00 5.000000000000000000e+01 5.555555555555555713e+01 4.230769230769229949e+00 2.463765652048806487e+00 9.278029654658952495e+04 2.115518400194093651e+00 1.394984326018809639e+01 2.789968652037619345e-01 1.065344661500386758e+00 9.000000000000000222e-01 2.000000000000000111e-01
7.000000000000000000e+00 5.000000000000000000e+01 5.263157894736842479e+01 0.000000000000000000e+00 1.296541571511833268e+01 1.970323955987322552e+04 2.004779400479273388e+00 8.620689655172419918e+00 1.724137931034483984e-01 8.708560510961561363e+00 9.499999999999999556e-01 2.000000000000000111e-01
7.000000000000000000e+00 5.000000000000000000e+01 5.263157894736842479e+01 1.282051282051281937e-01 1.261309225502024667e+01 2.034962148766105747e+04 2.005501877680570200e+00 8.620689655172419918e+00 1.724137931034483984e-01 8.452135640756774038e+00 9.499999999999999556e-01 2.000000000000000111e-01
7.000000000000000000e+00 5.000000000000000000e+01 5.263157894736842479e+01 2.564102564102563875e-01 1.226076879492215355e+01 2.103235047980450690e+04 2.006263614109500271e+00 8.934169278996868968e+00 1.786833855799373760e-01 8.195710770551983160e+00 9.499999999999999556e-01 2.000000000000000111e-01
7.000000000000000000e+00 5.000000000000000000e+01 5.263157894736842479e+01 3.846153846153845812e-01 1.190844533482406042e+01 2.175437193893893345e+04 2.007068239671274235e+00 8.934169278996868968e+00 1.786833855799373760e-01 7.939285900347190505e+00 9.499999999999999556e-01 2.000000000000000111e-01
7.000000000000000000e+00 5.000000000000000000e+01 5.263157894736842479e+01 5.128205128205127750e-01 1.155612187472596908e+01 2.251894794248059770e+04 2.007919802959207800e+00 8.934169278996868968e+00 1.786833855799373760e-01 7.682861030142399628e+00 9.499999999999999556e-01 2.000000000000000111e-01
7.000000000000000000e+00 5.000000000000000000e+01 5.263157894736842479e+01 6.410256410256409687e-01 1.120379841462788129e+01 2.332970025627846553e+04 2.008822824304527632e+00 9.247648902821316241e+00 1.849529780564263259e-01 7.426436159937612302e+00 9.499999999999999556e-01 2.000000000000000111e-01
7.000000000000000000e+00 5.000000000000000000e+01 5.263157894736842479e+01 7.692307692307691624e-01 1.085147495452979527e+01 2.419066048327990211e+04 2.009782356916433255e+00 9.247648902821316241e+00 1.849529780564263259e-01 7.170011289732824977e+00 9.499999999999999556e-01 2.000000000000000111e-01
7.000000000000000000e+00 5.000000000000000000e+01 5.263157894736842479e+01 8.974358974358973562e-01 1.049915149443169327e+01 2.510632875659773345e+04 2.010804057928639033e+00 9.247648902821316241e+00 1.849529780564263259e-01 6.913586419528026994e+00 9.499999999999999556e-01 2.000000000000000111e-01
7.000000000000000000e+00 5.000000000000000000e+01 5.263157894736842479e+01 1.025641025641025550e+00 1.014682803433360547e+01 2.608174271203131138e+04 2.011894271768660758e+00 9.561128526645774173e+00 1.912225705329154701e-01 6.657161549323239669e+00 9.499999999999999556e-01 2.000000000000000111e-01
7.000000000000000000e+00 5.000000000000000000e+01 5.263157894736842479e+01 1.153846153846153744e+00 9.794504574235521233e+00 2.712255888794408384e+04 2.013060129093104056e+00 9.561128526645774173e+00 1.912225705329154701e-01 6.400736679118454120e+00 9.499999999999999556e-01 2.000000000000000111e-01
7.000000000000000000e+00 5.000000000000000000e+01 5.263157894736842479e+01 1.282051282051281937e+00 9.442181114137429887e+00 2.823514922734086576e+04 2.014309665668953642e+00 9.561128526645774173e+00 1.912225705329154701e-01 6.144311808913663242e+00 9.499999999999999556e-01 2.000000000000000111e-01
7.000000000000000000e+00 5.000000000000000000e+01 5.263157894736842479e+01 1.410256410256410131e+00 9.089857654039333212e+00 2.942671603464136206e+04 2.015651967132454647e+00 9.874608150470223222e+00 1.974921630094044755e-01 5.887886938708868811e+00 9.499999999999999556e-01 2.000000000000000111e-01
7.000000000000000000e+00 5.000000000000000000e+01 5.263157894736842479e+01 1.538461538461538325e+00 8.737534193941241867e+00 3.070542961799789191e+04 2.017097347663685536e+00 9.874608150470223222e+00 1.974921630094044755e-01 5.631462068504077934e+00 9.499999999999999556e-01 2.000000000000000111e-01
7.000000000000000000e+00 5.000000000000000000e+01 5.263157894736842479e+01 1.666666666666666519e+00 8.385210733843157627e+00 3.208059399638052491e+04 2.018657573453759291e+00 1.018808777429467227e+01 2.037617554858934532e-01 5.375037198299292385e+00 9.499999999999999556e-01 2.000000000000000111e-01
7.000000000000000000e+00 5.000000000000000000e+01 5.263157894736842479e+01 1.794871794871794712e+00 8.032887273745068057e+00 3.356284756582544651e+04 2.020346145646672031e+00 1.018808777429467227e+01 2.037617554858934532e-01 5.118612328094503283e+00 9.499999999999999556e-01 2.000000000000000111e-01
7.000000000000000000e+00 5.000000000000000000e+01 5.263157894736842479e+01 1.923076923076922906e+00 7.680563813646958948e+00 3.516440763804230664e+04 2.022178662520849546e+00 1.050156739811912843e+01 2.100313479623825696e-01 4.862187457889712405e+00 9.499999999999999556e-01 2.000000000000000111e-01
7.000000000000000000e+00 5.000000000000000000e+01 5.263157894736842479e+01 2.051282051282051100e+00 7.328240353548874708e+00 3.689937048241969023e+04 2.024173287474372973e+00 1.050156739811912843e+01 2.100313479623825696e-01 4.605762587684920639e+00 9.499999999999999556e-01 2.000000000000000111e-01
7.000000000000000000e+00 5.000000000000000000e+01 5.263157894736842479e+01 2.179487179487179294e+00 6.975916893450783363e+00 3.878408220193421585e+04 2.026351358545872117e+00 1.081504702194357748e+01 2.163009404388715473e-01 4.349337717480129761e+00 9.499999999999999556e-01 2.000000000000000111e-01
7.000000000000000000e+00 5.000000000000000000e+01 5.263157894736842479e+01 2.307692307692307487e+00 6.623593433352697346e+00 4.083760086830894579e+04 2.028738187782544777e+00 1.081504702194357748e+01 2.163009404388715473e-01 4.092912847275342436e+00 9.499999999999999556e-01 2.000000000000000111e-01
7.000000000000000000e+00 5.000000000000000000e+01 5.263157894736842479e+01 2.435897435897435681e+00 6.274108077141616668e+00 4.308227744656609138e+04 2.031364116517390794e+00 1.112852664576803363e+01 2.225705329153606638e-01 3.838553580140673382e+00 9.499999999999999556e-01 2.000000000000000111e-01
7.000000000000000000e+00 5.000000000000000000e+01 5.263157894736842479e+01 2.564102564102563875e+00 5.926640123878574862e+00 4.554449308162705711e+04 2.034265918630119518e+00 1.144200626959248268e+01 2.288401253918496414e-01 3.585662600950716872e+00 9.499999999999999556e-01 2.000000000000000111e-01
7.000000000000000000e+00 5.000000000000000000e+01 5.263157894736842479e+01 2.692307692307692069e+00 5.582079333328838544e+00 4.825560472657930222e+04 2.037488683705954706e+00 1.144200626959248268e+01 2.288401253918496414e-01 3.334887486600462303e+00 9.499999999999999556e-01 2.000000000000000111e-01
7.000000000000000000e+00 5.000000000000000000e+01 5.263157894736842479e+01 2.820512820512820262e+00 5.241818807831071680e+00 5.125317210554554913e+04 2.041088375859789750e+00 1.175548589341693173e+01 2.351097178683386468e-01 3.087242152218565128e+00 9.499999999999999556e-01 2.000000000000000111e-01
7.000000000000000000e+00 5.000000000000000000e+01 5.263157894736842479e+01 2.948717948717948456e+00 4.907927836053903370e+00 5.458257023544245021e+04 2.045135370785369666e+00 1.206896551724138789e+01 2.413793103448277633e-01 2.844232648745038894e+00 9.499999999999999556e-01 2.000000000000000111e-01
7.000000000000000000e+00 5.000000000000000000e+01 5.263157894736842479e+01 3.076923076923076650e+00 4.579832770682449983e+00 5.829913916916546441e+04 2.049719459126454257e+00 1.206896551724138789e+01 2.413793103448277633e-01 2.605441469385924247e+00 9.499999999999999556e-01 2.000000000000000111e-01
7.000000000000000000e+00 5.000000000000000000e+01 5.263157894736842479e+01 3.205128205128204844e+00 4.255397809325061509e+00 6.247109653474788502e+04 2.054957137922158505e+00 1.238244514106583694e+01 2.476489028213167409e-01 2.369314153785642585e+00 9.499999999999999556e-01 2.000000000000000111e-01
7.000000000000000000e+00 5.000000000000000000e+01 5.263157894736842479e+01 3.333333333333333037e+00 3.941977790255818626e+00 6.718355712215980748e+04 2.061002631846216460e+00 1.269592476489028599e+01 2.539184952978057463e-01 2.141203633733875566e+00 9.499999999999999556e-01 2.000000000000000111e-01
7.000000000000000000e+00 5.000000000000000000e+01 5.263157894736842479e+01 3.461538461538461231e+00 3.636040667546653893e+00 7.254420127804113145e+04 2.068065275323200503e+00 1.300940438871474214e+01 2.601880877742948628e-01 1.918539247548285420e+00 9.499999999999999556e-01 2.000000000000000111e-01
7.000000000000000000e+00 5.000000000000000000e+01 5.263157894736842479e+01 3.589743589743589425e+00 3.337455876946223476e+00 7.869147697757394053e+04 2.076438237738649661e+00 1.332288401253919119e+01 2.664576802507838127e-01 1.701225969137805993e+00 9.499999999999999556e-01 2.000000000000000111e-01
7.000000000000000000e+00 5.000000000000000000e+01 5.263157894736842479e+01 3.717948717948717618e+00 3.050749075976455504e+00 8.580684783564420650e+04 2.086548333844580938e+00 1.363636363636364024e+01 2.727272727272728181e-01 1.492557621577200955e+00 9.499999999999999556e-01 2.000000000000000111e-01
7.000000000000000000e+00 5.000000000000000000e+01 5.263157894736842479e+01 3.846153846153845812e+00 2.772084511644249183e+00 9.413381819220069156e+04 2.099046397459692237e+00 1.426332288401253656e+01 2.852664576802507179e-01 1.289742501858332391e+00 9.499999999999999556e-01 2.000000000000000111e-01
7.000000000000000000e+00 5.000000000000000000e+01 5.263157894736842479e+01 3.974358974358974006e+00 2.505860267718253986e+00 1.040090052939497255e+05 2.114977304909244182e+00 1.457680250783700160e+01 2.915360501567400564e-01 1.095981583482117605e+00 9.499999999999999556e-01 2.000000000000000111e-01
7.000000000000000000e+00 5.000000000000000000e+01 5.263157894736842479e+01 4.102564102564102200e+00 2.248769739777997767e+00 1.159162369429549435e+05 2.136105703803562239e+00 1.520376175548589970e+01 3.040752351097180117e-01 9.088682835627561740e-01 9.499999999999999556e-01 2.000000000000000111e-01
7.000000000000000000e+00 5.000000000000000000e+01 5.263157894736842479e+01 4.230769230769229949e+00 2.002682570395563300e+00 1.305885305688622757e+05 2.165530831274572243e+00 1.551724137931034875e+01 3.103448275862069616e-01 7.297633484262016079e-01 9.499999999999999556e-01 2.000000000000000111e-01
7.000000000000000000e+00 5.000000000000000000e+01 5.000000000000000000e+01 0.000000000000000000e+00 1.296541571511833268e+01 1.970323955987322552e+04 2.004779400479273388e+00 8.620689655172419918e+00 1.724137931034483984e-01 8.708560510961561363e+00 1.000000000000000000e+00 2.000000000000000111e-01
7.000000000000000000e+00 5.000000000000000000e+01 5.000000000000000000e+01 1.282051282051281937e-01 1.261308693531461422e+01 2.041953493331330901e+04 2.005516344479230995e+00 8.620689655172419918e+00 1.724137931034483984e-01 8.452131769016794749e+00 1.000000000000000000e+00 2.000000000000000111e-01
7.000000000000000000e+00 5.000000000000000000e+01 5.000000000000000000e+01 2.564102564102563875e-01 1.226075815551089931e+01 2.118046748074346033e+04 2.006294929006851024e+00 8.934169278996868968e+00 1.786833855799373760e-01 8.195703027072029911e+00 1.000000000000000000e+00 2.000000000000000111e-01
7.000000000000000000e+00 5.000000000000000000e+01 5.000000000000000000e+01 3.846153846153845812e-01 1.190842937570717730e+01 2.199004597814547014e+04 2.007119296863017599e+00 8.934169278996868968e+00 1.786833855799373760e-01 7.939274285127261521e+00 1.000000000000000000e+00 2.000000000000000111e-01
7.000000000000000000e+00 5.000000000000000000e+01 5.000000000000000000e+01 5.128205128205127750e-01 1.155610059590346417e+01 2.285275688419220751e+04 2.007994101155572420e+00 8.934169278996868968e+00 1.786833855799373760e-01 7.682845543182498460e+00 1.000000000000000000e+00 2.000000000000000111e-01
7.000000000000000000e+00 5.000000000000000000e+01 5.000000000000000000e+01 6.410256410256409687e-01 1.120377181609974571e+01 2.377363625216730361e+04 2.008924571478909016e+00 9.247648902821316241e+00 1.849529780564263259e-01 7.426416801237731846e+00 1.000000000000000000e+00 2.000000000000000111e-01
7.000000000000000000e+00 5.000000000000000000e+01 5.000000000000000000e+01 7.692307692307691624e-01 1.085144303629602902e+01 2.475835486152887825e+04 2.009916590211212828e+00 9.247648902821316241e+00 1.849529780564263259e-01 7.169988059292967009e+00 1.000000000000000000e+00 2.000000000000000111e-01
7.000000000000000000e+00 5.000000000000000000e+01 5.000000000000000000e+01 8.974358974358973562e-01 1.049911425649231056e+01 2.581331946232849805e+04 2.010976781475032116e+00 9.561128526645774173e+00 1.912225705329154701e-01 6.913559317348200395e+00 1.000000000000000000e+00 2.000000000000000111e-01
7.000000000000000000e+00 5.000000000000000000e+01 5.000000000000000000e+01 1.025641025641025550e+00 1.014678547668859032e+01 2.694579376627111560e+04 2.012112616346694693e+00 9.561128526645774173e+00 1.912225705329154701e-01 6.657130575403432005e+00 1.000000000000000000e+00 2.000000000000000111e-01
7.000000000000000000e+00 5.000000000000000000e+01 5.000000000000000000e+01 1.153846153846153744e+00 9.794456696884877189e+00 2.816404377849791854e+04 2.013332539399685039e+00 9.561128526645774173e+00 1.912225705329154701e-01 6.400701833458668943e+00 1.000000000000000000e+00 2.000000000000000111e-01
7.000000000000000000e+00 5.000000000000000000e+01 5.000000000000000000e+01 1.282051282051281937e+00 9.442127917081162281e+00 2.947751331957900402e+04 2.014646123801736799e+00 9.874608150470223222e+00 1.974921630094044755e-01 6.144273091513905882e+00 1.000000000000000000e+00 2.000000000000000111e-01
7.000000000000000000e+00 5.000000000000000000e+01 5.000000000000000000e+01 1.410256410256410131e+00 9.089799137277442043e+00 3.089703724303196941e+04 2.016064265173146630e+00 9.874608150470223222e+00 1.974921630094044755e-01 5.887844349569137492e+00 1.000000000000000000e+00 2.000000000000000111e-01
7.000000000000000000e+00 5.000000000000000000e+01 5.000000000000000000e+01 1.538461538461538325e+00 8.737470357473723581e+00 3.243510205864298041e+04 2.017599428524273986e+00 1.018808777429467227e+01 2.037617554858934532e-01 5.631415607624370878e+00 1.000000000000000000e+00 2.000000000000000111e-01
7.000000000000000000e+00 5.000000000000000000e+01 5.000000000000000000e+01 1.666666666666666519e+00 8.385141577670005120e+00 3.410616663842870184e+04 2.019265968143653112e+00 1.018808777429467227e+01 2.037617554858934532e-01 5.374986865679604264e+00 1.000000000000000000e+00 2.000000000000000111e-01
7.000000000000000000e+00 5.000000000000000000e+01 5.000000000000000000e+01 1.794871794871794712e+00 8.032812797866272447e+00 3.592705971726254211e+04 2.021080547693496765e+00 1.050156739811912843e+01 2.100313479623825696e-01 5.118558123734839427e+00 1.000000000000000000e+00 2.000000000000000111e-01
7.000000000000000000e+00 5.000000000000000000e+01 5.000000000000000000e+01 1.923076923076922906e+00 7.680484018062553986e+00 3.791747645318035211e+04 2.023062697480331629e+00 1.050156739811912843e+01 2.100313479623825696e-01 4.862129381790072813e+00 1.000000000000000000e+00 2.000000000000000111e-01
7.000000000000000000e+00 5.000000000000000000e+01 5.000000000000000000e+01 2.051282051282051100e+00 7.328155238258845294e+00 4.010060404837415263e+04 2.025235558623488696e+00 1.081504702194357748e+01 2.163009404388715473e-01 4.605700639845307087e+00 1.000000000000000000e+00 2.000000000000000111e-01
7.000000000000000000e+00 5.000000000000000000e+01 5.000000000000000000e+01 2.179487179487179294e+00 6.975826458455129497e+00 4.250391734954393178e+04 2.027626880854632052e+00 1.112852664576803363e+01 2.225705329153606638e-01 4.349271897900542250e+00 1.000000000000000000e+00 2.000000000000000111e-01
7.000000000000000000e+00 5.000000000000000000e+01 5.000000000000000000e+01 2.307692307692307487e+00 6.623497678651411924e+00 4.516020096749639197e+04 2.030270364231576252e+00 1.112852664576803363e+01 2.225705329153606638e-01 4.092843155955775636e+00 1.000000000000000000e+00 2.000000000000000111e-01
7.000000000000000000e+00 5.000000000000000000e+01 5.000000000000000000e+01 2.435897435897435681e+00 6.271168898847696127e+00 4.810887714051128569e+04 2.033207469633211417e+00 1.144200626959248268e+01 2.288401253918496414e-01 3.836414414011010798e+00 1.000000000000000000e+00 2.000000000000000111e-01
7.000000000000000000e+00 5.000000000000000000e+01 5.000000000000000000e+01 2.564102564102563875e+00 5.918840119043987436e+00 5.139775204775088787e+04 2.036489877361524314e+00 1.175548589341693173e+01 2.351097178683386468e-01 3.579985672066251290e+00 1.000000000000000000e+00 2.000000000000000111e-01
7.000000000000000000e+00 5.000000000000000000e+01 5.000000000000000000e+01 2.692307692307692069e+00 5.566511339240269862e+00 5.508534360663787083e+04 2.040182864622375636e+00 1.206896551724138789e+01 2.413793103448277633e-01 3.323556930121484676e+00 1.000000000000000000e+00 2.000000000000000111e-01
7.000000000000000000e+00 5.000000000000000000e+01 5.000000000000000000e+01 2.820512820512820262e+00 5.214182559436543407e+00 5.924403103271326108e+04 2.044370033689393296e+00 1.238244514106583694e+01 2.476489028213167409e-01 3.067128188176712289e+00 1.000000000000000000e+00 2.000000000000000111e-01
7.000000000000000000e+00 5.000000000000000000e+01 5.000000000000000000e+01 2.948717948717948456e+00 4.861853779632836492e+00 6.396438790460139717e+04 2.049160114863040061e+00 1.269592476489028599e+01 2.539184952978057463e-01 2.810699446231953669e+00 1.000000000000000000e+00 2.000000000000000111e-01
7.000000000000000000e+00 5.000000000000000000e+01 5.000000000000000000e+01 3.076923076923076650e+00 4.509524999829110925e+00 6.936125696039307513e+04 2.054697109293509349e+00 1.300940438871474214e+01 2.601880877742948628e-01 2.554270704287181282e+00 1.000000000000000000e+00 2.000000000000000111e-01
7.000000000000000000e+00 5.000000000000000000e+01 5.000000000000000000e+01 3.205128205128204844e+00 4.157196220025405786e+00 7.558245340558237513e+04 2.061176053412532738e+00 1.332288401253919119e+01 2.664576802507838127e-01 2.297841962342423106e+00 1.000000000000000000e+00 2.000000000000000111e-01
7.000000000000000000e+00 5.000000000000000000e+01 5.000000000000000000e+01 3.333333333333333037e+00 3.804867440221689101e+00 8.282155461033812026e+04 2.068868627890827927e+00 1.363636363636364024e+01 2.727272727272728181e-01 2.041413220397657380e+00 1.000000000000000000e+00 2.000000000000000111e-01
7.000000000000000000e+00 5.000000000000000000e+01 5.000000000000000000e+01 3.461538461538461231e+00 3.452538660417963090e+00 9.133727256482304074e+04 2.078166597212704136e+00 1.394984326018809639e+01 2.789968652037619345e-01 1.784984478452884993e+00 1.000000000000000000e+00 2.000000000000000111e-01
7.000000000000000000e+00 5.000000000000000000e+01 5.000000000000000000e+01 3.589743589743589425e+00 3.100209880614246405e+00 1.014838954274344869e+05 2.089658404304730155e+00 1.457680250783700160e+01 2.915360501567400564e-01 1.528555736508119711e+00 1.000000000000000000e+00 2.000000000000000111e-01
7.000000000000000000e+00 5.000000000000000000e+01 5.000000000000000000e+01 3.717948717948717618e+00 2.763345387494382521e+00 1.137613355357633263e+05 2.104268215754681925e+00 1.520376175548589970e+01 3.040752351097180117e-01 1.283382071658170975e+00 1.000000000000000000e+00 2.000000000000000111e-01
7.000000000000000000e+00 5.000000000000000000e+01 5.000000000000000000e+01 3.846153846153845812e+00 2.443907281145506705e+00 1.289021531229014945e+05 2.123510753215785307e+00 1.551724137931034875e+01 3.103448275862069616e-01 1.050891521820333852e+00 1.000000000000000000e+00 2.000000000000000111e-01
7.000000000000000000e+00 5.000000000000000000e+01 5.000000000000000000e+01 3.974358974358974006e+00 2.139483352708746899e+00 1.480336615198038053e+05 2.149943861943316215e+00 1.645768025078371011e+01 3.291536050156741999e-01 8.293284549871027256e-01 1.000000000000000000e+00 2.000000000000000111e-01
7.000000000000000000e+00 5.000000000000000000e+01 5.000000000000000000e+01 4.102564102564102200e+00 1.849904693031912961e+00 1.730056510339844681e+05 2.187874545889010314e+00 1.708463949843260821e+01 3.416927899686521553e-01 6.185699372289159559e-01 1.000000000000000000e+00 2.000000000000000111e-01
7.000000000000000000e+00 5.000000000000000000e+01 5.000000000000000000e+01 4.230769230769229949e+00 1.576845097411307961e+00 2.071158510244466888e+05 2.244012321782795638e+00 1.802507836990595536e+01 3.605015673981191160e-01 4.198341750809964079e-01 1.000000000000000000e+00 2.000000000000000111e-01
7.000000000000000000e+00 5.000000000000000000e+01 4.761904761904762040e+01 0.000000000000000000e+00 1.296541571511833268e+01 1.970323955987322552e+04 2.004779400479273388e+00 8.620689655172419918e+00 1.724137931034483984e-01 8.708560510961561363e+00 1.050000000000000044e+00 2.000000000000000111e-01
7.000000000000000000e+00 5.000000000000000000e+01 4.761904761904762040e+01 1.282051282051281937e-01 1.261308068079474687e+01 2.049303610816377477e+04 2.005518138194089417e+00 8.620689655172419918e+00 1.724137931034483984e-01 8.452127216908783325e+00 1.050000000000000044e+00 2.000000000000000111e-01
7.000000000000000000e+00 5.000000000000000000e+01 4.761904761904762040e+01 2.564102564102563875e-01 1.226074564647115039e+01 2.133710114508277184e+04 2.006299130973252076e+00 8.934169278996868968e+00 1.786833855799373760e-01 8.195693922855998181e+00 1.050000000000000044e+00 2.000000000000000111e-01
7.000000000000000000e+00 5.000000000000000000e+01 4.761904761904762040e+01 3.846153846153845812e-01 1.190841061214756458e+01 2.224080839123976330e+04 2.007126819565497211e+00 8.934169278996868968e+00 1.786833855799373760e-01 7.939260628803220143e+00 1.050000000000000044e+00 2.000000000000000111e-01
7.000000000000000000e+00 5.000000000000000000e+01 4.761904761904762040e+01 5.128205128205127750e-01 1.155607557782398054e+01 2.321023753431456498e+04 2.008006214058908778e+00 9.247648902821316241e+00 1.849529780564263259e-01 7.682827334750443882e+00 1.050000000000000044e+00 2.000000000000000111e-01
7.000000000000000000e+00 5.000000000000000000e+01 4.761904761904762040e+01 6.410256410256409687e-01 1.120374054350039295e+01 2.425229138425048222e+04 2.008942964303941370e+00 9.247648902821316241e+00 1.849529780564263259e-01 7.426394040697665844e+00 1.050000000000000044e+00 2.000000000000000111e-01
7.000000000000000000e+00 5.000000000000000000e+01 4.761904761904762040e+01 7.692307692307691624e-01 1.085140550917680002e+01 2.537483676105707855e+04 2.009943439730896841e+00 9.247648902821316241e+00 1.849529780564263259e-01 7.169960746644882477e+00 1.050000000000000044e+00 2.000000000000000111e-01
7.000000000000000000e+00 5.000000000000000000e+01 4.761904761904762040e+01 8.974358974358973562e-01 1.049907047485321598e+01 2.658687483534392959e+04 2.011014821313191092e+00 9.561128526645774173e+00 1.912225705329154701e-01 6.913527452592106215e+00 1.050000000000000044e+00 2.000000000000000111e-01
7.000000000000000000e+00 5.000000000000000000e+01 4.761904761904762040e+01 1.025641025641025550e+00 1.014673544052962484e+01 2.789874825324042467e+04 2.012165210021831019e+00 9.561128526645774173e+00 1.912225705329154701e-01 6.657094158539324624e+00 1.050000000000000044e+00 2.000000000000000111e-01
7.000000000000000000e+00 5.000000000000000000e+01 4.761904761904762040e+01 1.153846153846153744e+00 9.794400406206030141e+00 2.932239451513953099e+04 2.013403758561761236e+00 9.874608150470223222e+00 1.974921630094044755e-01 6.400660864486541257e+00 1.050000000000000044e+00 2.000000000000000111e-01
7.000000000000000000e+00 5.000000000000000000e+01 4.761904761904762040e+01 1.282051282051281937e+00 9.442065371882446101e+00 3.087165794091628413e+04 2.014740836791836909e+00 9.874608150470223222e+00 1.974921630094044755e-01 6.144227570433764996e+00 1.050000000000000044e+00 2.000000000000000111e-01
7.000000000000000000e+00 5.000000000000000000e+01 4.761904761904762040e+01 1.410256410256410131e+00 9.089730337558863837e+00 3.256267642913981399e+04 2.016188246363520786e+00 1.018808777429467227e+01 2.037617554858934532e-01 5.887794276380988734e+00 1.050000000000000044e+00 2.000000000000000111e-01
7.000000000000000000e+00 5.000000000000000000e+01 4.761904761904762040e+01 1.538461538461538325e+00 8.737395303235263810e+00 3.441436452110589744e+04 2.017759507113287221e+00 1.018808777429467227e+01 2.037617554858934532e-01 5.631360982328201814e+00 1.050000000000000044e+00 2.000000000000000111e-01
7.000000000000000000e+00 5.000000000000000000e+01 4.761904761904762040e+01 1.666666666666666519e+00 8.385060268911660231e+00 3.644902162666753429e+04 2.019470246881878595e+00 1.050156739811912843e+01 2.100313479623825696e-01 5.374927688275423776e+00 1.050000000000000044e+00 2.000000000000000111e-01
7.000000000000000000e+00 5.000000000000000000e+01 4.761904761904762040e+01 1.794871794871794712e+00 8.032725234588093954e+00 3.869310457501528435e+04 2.021338737847365952e+00 1.081504702194357748e+01 2.163009404388715473e-01 5.118494394222647514e+00 1.050000000000000044e+00 2.000000000000000111e-01
7.000000000000000000e+00 5.000000000000000000e+01 4.761904761904762040e+01 1.923076923076922906e+00 7.680390200264500145e+00 4.117821830639590917e+04 2.023386636182356479e+00 1.081504702194357748e+01 2.163009404388715473e-01 4.862061100169864147e+00 1.050000000000000044e+00 2.000000000000000111e-01
7.000000000000000000e+00 5.000000000000000000e+01 4.761904761904762040e+01 2.051282051282051100e+00 7.328055165940904558e+00 4.394239964517284534e+04 2.025639998089251659e+00 1.112852664576803363e+01 2.225705329153606638e-01 4.605627806117085221e+00 1.050000000000000044e+00 2.000000000000000111e-01
7.000000000000000000e+00 5.000000000000000000e+01 4.761904761904762040e+01 2.179487179487179294e+00 6.975720131617321407e+00 4.703179999585924816e+04 2.028130665247381170e+00 1.144200626959248268e+01 2.288401253918496414e-01 4.349194512064308960e+00 1.050000000000000044e+00 2.000000000000000111e-01
7.000000000000000000e+00 5.000000000000000000e+01 4.761904761904762040e+01 2.307692307692307487e+00 6.623385097293738255e+00 5.050291871436914516e+04 2.030898140435462906e+00 1.175548589341693173e+01 2.351097178683386468e-01 4.092761218011532698e+00 1.050000000000000044e+00 2.000000000000000111e-01
7.000000000000000000e+00 5.000000000000000000e+01 4.761904761904762040e+01 2.435897435897435681e+00 6.271050062970140004e+00 5.442560828605738061e+04 2.033992119733164294e+00 1.206896551724138789e+01 2.413793103448277633e-01 3.836327923958745778e+00 1.050000000000000044e+00 2.000000000000000111e-01
7.000000000000000000e+00 5.000000000000000000e+01 4.761904761904762040e+01 2.564102564102563875e+00 5.918715028646555965e+00 5.888717931145813054e+04 2.037475933202076206e+00 1.238244514106583694e+01 2.476489028213167409e-01 3.579894629905969516e+00 1.050000000000000044e+00 2.000000000000000111e-01
7.000000000000000000e+00 5.000000000000000000e+01 4.761904761904762040e+01 2.692307692307692069e+00 5.566379994322970148e+00 6.399810158743767533e+04 2.041431313836341577e+00 1.269592476489028599e+01 2.539184952978057463e-01 3.323461335853191478e+00 1.050000000000000044e+00 2.000000000000000111e-01
7.000000000000000000e+00 5.000000000000000000e+01 4.761904761904762040e+01 2.820512820512820262e+00 5.214044959999383444e+00 6.990006947587357718e+04 2.045965241167448934e+00 1.300940438871474214e+01 2.601880877742948628e-01 3.067028041800412996e+00 1.050000000000000044e+00 2.000000000000000111e-01
7.000000000000000000e+00 5.000000000000000000e+01 4.761904761904762040e+01 2.948717948717948456e+00 4.861709925675790522e+00 7.677765244113514200e+04 2.051220221001859745e+00 1.332288401253919119e+01 2.664576802507838127e-01 2.810594747747629629e+00 1.050000000000000044e+00 2.000000000000000111e-01
7.000000000000000000e+00 5.000000000000000000e+01 4.761904761904762040e+01 3.076923076923076650e+00 4.509374891352206483e+00 8.487553176637343131e+04 2.057390481873559551e+00 1.363636363636364024e+01 2.727272727272728181e-01 2.554161453694852923e+00 1.050000000000000044e+00 2.000000000000000111e-01
7.000000000000000000e+00 5.000000000000000000e+01 4.761904761904762040e+01 3.205128205128204844e+00 4.157039857028622443e+00 9.452472238205967005e+04 2.064748553533771513e+00 1.426332288401253656e+01 2.852664576802507179e-01 2.297728159642074885e+00 1.050000000000000044e+00 2.000000000000000111e-01
7.000000000000000000e+00 5.000000000000000000e+01 4.761904761904762040e+01 3.333333333333333037e+00 3.804704822705037959e+00 1.061837956221209170e+05 2.073690156228473747e+00 1.489028213166145065e+01 2.978056426332290063e-01 2.041294865589298180e+00 1.050000000000000044e+00 2.000000000000000111e-01
7.000000000000000000e+00 5.000000000000000000e+01 4.761904761904762040e+01 3.461538461538461231e+00 3.452369788381442817e+00 1.205062648246488679e+05 2.084811161806932489e+00 1.551724137931034875e+01 3.103448275862069616e-01 1.784861571536513924e+00 1.050000000000000044e+00 2.000000000000000111e-01
7.000000000000000000e+00 5.000000000000000000e+01 4.761904761904762040e+01 3.589743589743589425e+00 3.100034754057849007e+00 1.384560010074084857e+05 2.099038698479226639e+00 1.614420062695924329e+01 3.228840125391848614e-01 1.528428277483730113e+00 1.050000000000000044e+00 2.000000000000000111e-01
7.000000000000000000e+00 5.000000000000000000e+01 4.761904761904762040e+01 3.717948717948717618e+00 2.747699719734264079e+00 1.615162729632225528e+05 2.117841911133730992e+00 1.677115987460815916e+01 3.354231974921632053e-01 1.271994983430952963e+00 1.050000000000000044e+00 2.000000000000000111e-01
7.000000000000000000e+00 5.000000000000000000e+01 4.761904761904762040e+01 3.846153846153845812e+00 2.395364685410675598e+00 1.920942231197641522e+05 2.143503838604778000e+00 1.771159874608150631e+01 3.542319749216301106e-01 1.015561689378173815e+00 1.050000000000000044e+00 2.000000000000000111e-01
7.000000000000000000e+00 5.000000000000000000e+01 4.761904761904762040e+01 3.974358974358974006e+00 2.043029651087091558e+00 2.343642523821999785e+05 2.179175937291318199e+00 1.896551724137931672e+01 3.793103448275863543e-01 7.591283953253971095e-01 1.050000000000000044e+00 2.000000000000000111e-01
7.000000000000000000e+00 5.000000000000000000e+01 4.761904761904762040e+01 4.102564102564102200e+00 1.690694616763496860e+00 2.961665972352111712e+05 2.227450674615081283e+00 2.021943573667712712e+01 4.043887147335425425e-01 5.026951012726128543e-01 1.050000000000000044e+00 2.000000000000000111e-01
7.000000000000000000e+00 5.000000000000000000e+01 4.761904761904762040e+01 4.230769230769229949e+00 1.338359582439918816e+00 3.935561036595884943e+05 2.283501054520587381e+00 2.178683385579937237e+01 4.357366771159874586e-01 2.462618072198405894e-01 1.050000000000000044e+00 2.000000000000000111e-01
7.000000000000000000e+00 5.000000000000000000e+01 4.545454545454545325e+01 0.000000000000000000e+00 1.296541571511833268e+01 1.970323955987322552e+04 2.004779400479273388e+00 8.620689655172419918e+00 1.724137931034483984e-01 8.708560510961561363e+00 1.100000000000000089e+00 2.000000000000000111e-01
7.000000000000000000e+00 5.000000000000000000e+01 4.545454545454545325e+01 1.282051282051281937e-01 1.261307339233262503e+01 2.057012079491127224e+04 2.005505247969339599e+00 8.620689655172419918e+00 1.724137931034483984e-01 8.452121912286283845e+00 1.100000000000000089e+00 2.000000000000000111e-01
7.000000000000000000e+00 5.000000000000000000e+01 4.545454545454545325e+01 2.564102564102563875e-01 1.226073106954691916e+01 2.150237857049076410e+04 2.006271468906269728e+00 8.934169278996868968e+00 1.786833855799373760e-01 8.195683313611008103e+00 1.100000000000000089e+00 2.000000000000000111e-01
7.000000000000000000e+00 5.000000000000000000e+01 4.545454545454545325e+01 3.846153846153845812e-01 1.190838874676122572e+01 2.250711727913634604e+04 2.007082409268878376e+00 8.934169278996868968e+00 1.786833855799373760e-01 7.939244714935741243e+00 1.100000000000000089e+00 2.000000000000000111e-01
7.000000000000000000e+00 5.000000000000000000e+01 4.545454545454545325e+01 5.128205128205127750e-01 1.155604642397551807e+01 2.359246536997882504e+04 2.007942965774312416e+00 9.247648902821316241e+00 1.849529780564263259e-01 7.682806116260463725e+00 1.100000000000000089e+00 2.000000000000000111e-01
7.000000000000000000e+00 5.000000000000000000e+01 4.545454545454545325e+01 6.410256410256409687e-01 1.120370410118981219e+01 2.476776174236011502e+04 2.008858637711572470e+00 9.247648902821316241e+00 1.849529780564263259e-01 7.426367517585187983e+00 1.100000000000000089e+00 2.000000000000000111e-01
7.000000000000000000e+00 5.000000000000000000e+01 4.545454545454545325e+01 7.692307692307691624e-01 1.085136177840410454e+01 2.604378352554580488e+04 2.009835580002278910e+00 9.561128526645774173e+00 1.912225705329154701e-01 7.169928918909910465e+00 1.100000000000000089e+00 2.000000000000000111e-01
7.000000000000000000e+00 5.000000000000000000e+01 4.545454545454545325e+01 8.974358974358973562e-01 1.049901945561840044e+01 2.743302616620927074e+04 2.010880658571103208e+00 9.561128526645774173e+00 1.912225705329154701e-01 6.913490320234636499e+00 1.100000000000000089e+00 2.000000000000000111e-01
7.000000000000000000e+00 5.000000000000000000e+01 4.545454545454545325e+01 1.025641025641025550e+00 1.014667713283269990e+01 2.895005011038576777e+04 2.012001511164279943e+00 9.874608150470223222e+00 1.974921630094044755e-01 6.657051721559364310e+00 1.100000000000000089e+00 2.000000000000000111e-01
7.000000000000000000e+00 5.000000000000000000e+01 4.545454545454545325e+01 1.153846153846153744e+00 9.794334810046997575e+00 3.061191293296451477e+04 2.013206620226148491e+00 9.874608150470223222e+00 1.974921630094044755e-01 6.400613122884090345e+00 1.100000000000000089e+00 2.000000000000000111e-01
7.000000000000000000e+00 5.000000000000000000e+01 4.545454545454545325e+01 1.282051282051281937e+00 9.441992487261289924e+00 3.243871203304708615e+04 2.014505409775405376e+00 1.018808777429467227e+01 2.037617554858934532e-01 6.144174524208812826e+00 1.100000000000000089e+00 2.000000000000000111e-01
7.000000000000000000e+00 5.000000000000000000e+01 4.545454545454545325e+01 1.410256410256410131e+00 9.089650164475592931e+00 3.445427171340248606e+04 2.015908385704482608e+00 1.018808777429467227e+01 2.037617554858934532e-01 5.887735925533544190e+00 1.100000000000000089e+00 2.000000000000000111e-01
7.000000000000000000e+00 5.000000000000000000e+01 4.545454545454545325e+01 1.538461538461538325e+00 8.737307841689890608e+00 3.668702069972115714e+04 2.017427348402350162e+00 1.050156739811912843e+01 2.100313479623825696e-01 5.631297326858270225e+00 1.100000000000000089e+00 2.000000000000000111e-01
7.000000000000000000e+00 5.000000000000000000e+01 4.545454545454545325e+01 1.666666666666666519e+00 8.384965518904179405e+00 3.917112360522009840e+04 2.019075717088495647e+00 1.081504702194357748e+01 2.163009404388715473e-01 5.374858728182990930e+00 1.100000000000000089e+00 2.000000000000000111e-01
7.000000000000000000e+00 5.000000000000000000e+01 4.545454545454545325e+01 1.794871794871794712e+00 8.032623196118453990e+00 4.194795508350704040e+04 2.020869014580618739e+00 1.112852664576803363e+01 2.225705329153606638e-01 5.118420129507713412e+00 1.100000000000000089e+00 2.000000000000000111e-01
7.000000000000000000e+00 5.000000000000000000e+01 4.545454545454545325e+01 1.923076923076922906e+00 7.680280873332768543e+00 4.506804244672194181e+04 2.022825566090995952e+00 1.112852664576803363e+01 2.225705329153606638e-01 4.861981530832439446e+00 1.100000000000000089e+00 2.000000000000000111e-01
7.000000000000000000e+00 5.000000000000000000e+01 4.545454545454545325e+01 2.051282051282051100e+00 7.327938550547066221e+00 4.859365768617486174e+04 2.024967462608861180e+00 1.144200626959248268e+01 2.288401253918496414e-01 4.605542932157171698e+00 1.100000000000000089e+00 2.000000000000000111e-01
7.000000000000000000e+00 5.000000000000000000e+01 4.545454545454545325e+01 2.179487179487179294e+00 6.975596227761358570e+00 5.260232327674635599e+04 2.027321827682504907e+00 1.175548589341693173e+01 2.351097178683386468e-01 4.349104333481894180e+00 1.100000000000000089e+00 2.000000000000000111e-01
7.000000000000000000e+00 5.000000000000000000e+01 4.545454545454545325e+01 2.307692307692307487e+00 6.623253904975653583e+00 5.719162451352324570e+04 2.029922413032856809e+00 1.206896551724138789e+01 2.413793103448277633e-01 4.092665734806618438e+00 1.100000000000000089e+00 2.000000000000000111e-01
7.000000000000000000e+00 5.000000000000000000e+01 4.545454545454545325e+01 2.435897435897435681e+00 6.270911582189948597e+00 6.248592237416779244e+04 2.032811555692688010e+00 1.238244514106583694e+01 2.476489028213167409e-01 3.836227136131342697e+00 1.100000000000000089e+00 2.000000000000000111e-01
7.000000000000000000e+00 5.000000000000000000e+01 4.545454545454545325e+01 2.564102564102563875e+00 5.918569259404250715e+00 6.864588341829724959e+04 2.036042601439896238e+00 1.300940438871474214e+01 2.601880877742948628e-01 3.579788537456072284e+00 1.100000000000000089e+00 2.000000000000000111e-01
7.000000000000000000e+00 5.000000000000000000e+01 4.545454545454545325e+01 2.692307692307692069e+00 5.566226936618545729e+00 7.588227366775035625e+04 2.039683100012752437e+00 1.332288401253919119e+01 2.664576802507838127e-01 3.323349938780796542e+00 1.100000000000000089e+00 2.000000000000000111e-01
7.000000000000000000e+00 5.000000000000000000e+01 4.545454545454545325e+01 2.820512820512820262e+00 5.213884613832838077e+00 8.447636237183658523e+04 2.043819463689177773e+00 1.394984326018809639e+01 2.789968652037619345e-01 3.066911340105519468e+00 1.100000000000000089e+00 2.000000000000000111e-01
7.000000000000000000e+00 5.000000000000000000e+01 4.545454545454545325e+01 2.948717948717948456e+00 4.861542291047133091e+00 9.481085693119723874e+04 2.048564335930169733e+00 1.426332288401253656e+01 2.852664576802507179e-01 2.810472741430243726e+00 1.100000000000000089e+00 2.000000000000000111e-01
7.000000000000000000e+00 5.000000000000000000e+01 4.545454545454545325e+01 3.076923076923076650e+00 4.509199968261438762e+00 1.074181512213148380e+05 2.054068466360026157e+00 1.489028213166145065e+01 2.978056426332290063e-01 2.554034142754975534e+00 1.100000000000000089e+00 2.000000000000000111e-01
7.000000000000000000e+00 5.000000000000000000e+01 4.545454545454545325e+01 3.205128205128204844e+00 4.156857645475734664e+00 1.230580632649352483e+05 2.060539051317593628e+00 1.551724137931034875e+01 3.103448275862069616e-01 2.297595544079699348e+00 1.100000000000000089e+00 2.000000000000000111e-01
7.000000000000000000e+00 5.000000000000000000e+01 4.545454545454545325e+01 3.333333333333333037e+00 3.804515322690028345e+00 1.428478311601446185e+05 2.068265384829849562e+00 1.645768025078371011e+01 3.291536050156741999e-01 2.041156945404423162e+00 1.100000000000000089e+00 2.000000000000000111e-01
7.000000000000000000e+00 5.000000000000000000e+01 4.545454545454545325e+01 3.461538461538461231e+00 3.452172999904323802e+00 1.684889399788627343e+05 2.077646191804945808e+00 1.708463949843260821e+01 3.416927899686521553e-01 1.784718346729147864e+00 1.100000000000000089e+00 2.000000000000000111e-01
7.000000000000000000e+00 5.000000000000000000e+01 4.545454545454545325e+01 3.589743589743589425e+00 3.099830677118617928e+00 2.026825958935134695e+05 2.089182510124509395e+00 1.833855799373041862e+01 3.667711598746083990e-01 1.528279748053871678e+00 1.100000000000000089e+00 2.000000000000000111e-01
7.000000000000000000e+00 5.000000000000000000e+01 4.545454545454545325e+01 3.717948717948717618e+00 2.747488354332919602e+00 2.499329558002281701e+05 2.103281368293962839e+00 1.959247648902821481e+01 3.918495297805643096e-01 1.271841149378601266e+00 1.100000000000000089e+00 2.000000000000000111e-01
7.000000000000000000e+00 5.000000000000000000e+01 4.545454545454545325e+01 3.846153846153845812e+00 2.395146031547213727e+00 3.181881865887042368e+05 2.119341300236062153e+00 2.084639498432602522e+01 4.169278996865204978e-01 1.015402550703325302e+00 1.100000000000000089e+00 2.000000000000000111e-01
7.000000000000000000e+00 5.000000000000000000e+01 4.545454545454545325e+01 3.974358974358974006e+00 2.042803708761507853e+00 4.223477640637988225e+05 2.132667786000265853e+00 2.304075235109718278e+01 4.608150470219436468e-01 7.589639520280491158e-01 1.100000000000000089e+00 2.000000000000000111e-01
7.000000000000000000e+00 5.000000000000000000e+01 4.545454545454545325e+01 4.102564102564102200e+00 1.690461385975802422e+00 5.917988963737713639e+05 2.126450283421184917e+00 2.554858934169278939e+01 5.109717868338558011e-01 5.025253533527733740e-01 1.100000000000000089e+00 2.000000000000000111e-01
7.000000000000000000e+00 5.000000000000000000e+01 4.545454545454545325e+01 4.230769230769229949e+00 1.338119063190106317e+00 8.846498871595439268e+05 2.057942198032515435e+00 2.899686520376175736e+01 5.799373040752351383e-01 2.460867546775042936e-01 1.100000000000000089e+00 2.000000000000000111e-01
7.000000000000000000e+00 5.000000000000000000e+01 4.347826086956521863e+01 0.000000000000000000e+00 1.296541571511833268e+01 1.970323955987322552e+04 2.004779400479273388e+00 8.620689655172419918e+00 1.724137931034483984e-01 8.708560510961561363e+00 1.149999999999999911e+00 2.000000000000000111e-01
7.000000000000000000e+00 5.000000000000000000e+01 4.347826086956521863e+01 1.282051282051281937e-01 1.261306496602697180e+01 2.065078346456870713e+04 2.005475571277059998e+00 8.620689655172419918e+00 1.724137931034483984e-01 8.452115779528808659e+00 1.149999999999999911e+00 2.000000000000000111e-01
7.000000000000000000e+00 5.000000000000000000e+01 4.347826086956521863e+01 2.564102564102563875e-01 1.226071421693560204e+01 2.167642979722342716e+04 2.006206872246288242e+00 8.934169278996868968e+00 1.786833855799373760e-01 8.195671048096050626e+00 1.149999999999999911e+00 2.000000000000000111e-01
7.000000000000000000e+00 5.000000000000000000e+01 4.347826086956521863e+01 3.846153846153845812e-01 1.190836346784423938e+01 2.278945278808760486e+04 2.006976920571691636e+00 8.934169278996868968e+00 1.786833855799373760e-01 7.939226316663297922e+00 1.149999999999999911e+00 2.000000000000000111e-01
7.000000000000000000e+00 5.000000000000000000e+01 4.347826086956521863e+01 5.128205128205127750e-01 1.155601271875288205e+01 2.400058690400228079e+04 2.007789718338023555e+00 9.247648902821316241e+00 1.849529780564263259e-01 7.682781585230548771e+00 1.149999999999999911e+00 2.000000000000000111e-01
7.000000000000000000e+00 5.000000000000000000e+01 4.347826086956521863e+01 6.410256410256409687e-01 1.120366196966152117e+01 2.532231699042979017e+04 2.008649639125390962e+00 9.247648902821316241e+00 1.849529780564263259e-01 7.426336853797796067e+00 1.149999999999999911e+00 2.000000000000000111e-01
7.000000000000000000e+00 5.000000000000000000e+01 4.347826086956521863e+01 7.692307692307691624e-01 1.085131122057014608e+01 2.676923866456278120e+04 2.009561391529220309e+00 9.561128526645774173e+00 1.912225705329154701e-01 7.169892122365034481e+00 1.149999999999999911e+00 2.000000000000000111e-01
7.000000000000000000e+00 5.000000000000000000e+01 4.347826086956521863e+01 8.974358974358973562e-01 1.049896047147879052e+01 2.835850914268563429e+04 2.010529954410725129e+00 9.561128526645774173e+00 1.912225705329154701e-01 6.913447390932285330e+00 1.149999999999999911e+00 2.000000000000000111e-01
7.000000000000000000e+00 5.000000000000000000e+01 4.347826086956521863e+01 1.025641025641025550e+00 1.014660972238742787e+01 3.011041544213717498e+04 2.011560480582456734e+00 9.874608150470223222e+00 1.974921630094044755e-01 6.657002659499532626e+00 1.149999999999999911e+00 2.000000000000000111e-01
7.000000000000000000e+00 5.000000000000000000e+01 4.347826086956521863e+01 1.153846153846153744e+00 9.794258973296070536e+00 3.204909627407874359e+04 2.012658169611673209e+00 1.018808777429467227e+01 2.037617554858934532e-01 6.400557928066783475e+00 1.149999999999999911e+00 2.000000000000000111e-01
7.000000000000000000e+00 5.000000000000000000e+01 4.347826086956521863e+01 1.282051282051281937e+00 9.441908224204706102e+00 3.420346711549207976e+04 2.013828116747256036e+00 1.018808777429467227e+01 2.037617554858934532e-01 6.144113196634028995e+00 1.149999999999999911e+00 2.000000000000000111e-01
7.000000000000000000e+00 5.000000000000000000e+01 4.347826086956521863e+01 1.410256410256410131e+00 9.089557475113334561e+00 3.660841670619360957e+04 2.015075152855417606e+00 1.050156739811912843e+01 2.100313479623825696e-01 5.887668465201269186e+00 1.149999999999999911e+00 2.000000000000000111e-01
7.000000000000000000e+00 5.000000000000000000e+01 4.347826086956521863e+01 1.538461538461538325e+00 8.737206726021977232e+00 3.930637031336431392e+04 2.016403696721438266e+00 1.081504702194357748e+01 2.163009404388715473e-01 5.631223733768520034e+00 1.149999999999999911e+00 2.000000000000000111e-01
7.000000000000000000e+00 5.000000000000000000e+01 4.347826086956521863e+01 1.666666666666666519e+00 8.384855976930595034e+00 4.234935483331690193e+04 2.017817639690546727e+00 1.112852664576803363e+01 2.225705329153606638e-01 5.374779002335765554e+00 1.149999999999999911e+00 2.000000000000000111e-01
7.000000000000000000e+00 5.000000000000000000e+01 4.347826086956521863e+01 1.794871794871794712e+00 8.032505227839227047e+00 4.580175991703110049e+04 2.019320262647414044e+00 1.144200626959248268e+01 2.288401253918496414e-01 5.118334270903007521e+00 1.149999999999999911e+00 2.000000000000000111e-01
7.000000000000000000e+00 5.000000000000000000e+01 4.347826086956521863e+01 1.923076923076922906e+00 7.680154478747884816e+00 4.974407857779649203e+04 2.020914132921181938e+00 1.175548589341693173e+01 2.351097178683386468e-01 4.861889539470256594e+00 1.149999999999999911e+00 2.000000000000000111e-01
7.000000000000000000e+00 5.000000000000000000e+01 4.347826086956521863e+01 2.051282051282051100e+00 7.327803729656516829e+00 5.427804754476928792e+04 2.022600831930182252e+00 1.206896551724138789e+01 2.413793103448277633e-01 4.605444808037504778e+00 1.149999999999999911e+00 2.000000000000000111e-01
7.000000000000000000e+00 5.000000000000000000e+01 4.347826086956521863e+01 2.179487179487179294e+00 6.975452980565155059e+00 5.953382052869060863e+04 2.024380223341461171e+00 1.238244514106583694e+01 2.476489028213167409e-01 4.349000076604752074e+00 1.149999999999999911e+00 2.000000000000000111e-01
7.000000000000000000e+00 5.000000000000000000e+01 4.347826086956521863e+01 2.307692307692307487e+00 6.623102231473788848e+00 6.568014464934896387e+04 2.026248810940005640e+00 1.269592476489028599e+01 2.539184952978057463e-01 4.092555345171995818e+00 1.149999999999999911e+00 2.000000000000000111e-01
7.000000000000000000e+00 5.000000000000000000e+01 4.347826086956521863e+01 2.435897435897435681e+00 6.270751482382427078e+00 7.293905493628144905e+04 2.028196607646527649e+00 1.332288401253919119e+01 2.664576802507838127e-01 3.836110613739243114e+00 1.149999999999999911e+00 2.000000000000000111e-01
7.000000000000000000e+00 5.000000000000000000e+01 4.347826086956521863e+01 2.564102564102563875e+00 5.918400733291065308e+00 8.160750357898887887e+04 2.030201884715647331e+00 1.363636363636364024e+01 2.727272727272728181e-01 3.579665882306490410e+00 1.149999999999999911e+00 2.000000000000000111e-01
7.000000000000000000e+00 5.000000000000000000e+01 4.347826086956521863e+01 2.692307692307692069e+00 5.566049984199704426e+00 9.208987594337336486e+04 2.032223099437532543e+00 1.426332288401253656e+01 2.852664576802507179e-01 3.323221150873737706e+00 1.149999999999999911e+00 2.000000000000000111e-01
7.000000000000000000e+00 5.000000000000000000e+01 4.347826086956521863e+01 2.820512820512820262e+00 5.213699235108337326e+00 1.049480367515495600e+05 2.034186767555169251e+00 1.489028213166145065e+01 2.978056426332290063e-01 3.066776419440981005e+00 1.149999999999999911e+00 2.000000000000000111e-01
7.000000000000000000e+00 5.000000000000000000e+01 4.347826086956521863e+01 2.948717948717948456e+00 4.861348486016977333e+00 1.209803963496338401e+05 2.035968202073947797e+00 1.551724137931034875e+01 3.103448275862069616e-01 2.810331688008229190e+00 1.149999999999999911e+00 2.000000000000000111e-01
7.000000000000000000e+00 5.000000000000000000e+01 4.347826086956521863e+01 3.076923076923076650e+00 4.508997736925616451e+00 1.413504256359323626e+05 2.037358184630493785e+00 1.645768025078371011e+01 3.291536050156741999e-01 2.553886956575476930e+00 1.149999999999999911e+00 2.000000000000000111e-01
7.000000000000000000e+00 5.000000000000000000e+01 4.347826086956521863e+01 3.205128205128204844e+00 4.156646987834260010e+00 1.678019552444837173e+05 2.038002716685180626e+00 1.739811912225705726e+01 3.479623824451411607e-01 2.297442225142726446e+00 1.149999999999999911e+00 2.000000000000000111e-01
7.000000000000000000e+00 5.000000000000000000e+01 4.347826086956521863e+01 3.333333333333333037e+00 3.804296238742887581e+00 2.030315249255208473e+05 2.037292115921650382e+00 1.833855799373041862e+01 3.667711598746083990e-01 2.040997493709966193e+00 1.149999999999999911e+00 2.000000000000000111e-01
7.000000000000000000e+00 5.000000000000000000e+01 4.347826086956521863e+01 3.461538461538461231e+00 3.451945489651527588e+00 2.513537090924371441e+05 2.034145299276684860e+00 1.959247648902821481e+01 3.918495297805643096e-01 1.784552762277214821e+00 1.149999999999999911e+00 2.000000000000000111e-01
7.000000000000000000e+00 5.000000000000000000e+01 4.347826086956521863e+01 3.589743589743589425e+00 3.099594740560162265e+00 3.199263378669700469e+05 2.026556741963029040e+00 2.147335423197492332e+01 4.294670846394984531e-01 1.528108030844459453e+00 1.149999999999999911e+00 2.000000000000000111e-01
7.000000000000000000e+00 5.000000000000000000e+01 4.347826086956521863e+01 3.717948717948717618e+00 2.747243991468801383e+00 4.210530718690605136e+05 2.010606913655268002e+00 2.335423197492163183e+01 4.670846394984326522e-01 1.271663299411707193e+00 1.149999999999999911e+00 2.000000000000000111e-01
7.000000000000000000e+00 5.000000000000000000e+01 4.347826086956521863e+01 3.846153846153845812e+00 2.394893242377446274e+00 5.764818462343811989e+05 1.978359890288419187e+00 2.586206896551725265e+01 5.172413793103450841e-01 1.015218567978959596e+00 1.149999999999999911e+00 2.000000000000000111e-01
7.000000000000000000e+00 5.000000000000000000e+01 4.347826086956521863e+01 3.974358974358974006e+00 2.042542493286078287e+00 8.247826207613147562e+05 1.913970420289780039e+00 2.931034482758620641e+01 5.862068965517240882e-01 7.587738365462024515e-01 1.149999999999999911e+00 2.000000000000000111e-01
7.000000000000000000e+00 5.000000000000000000e+01 4.347826086956521863e+01 4.102564102564102200e+00 1.690191744194708301e+00 1.229770948634001659e+06 1.788760930318185727e+00 3.401253918495298478e+01 6.802507836990596690e-01 5.023291051134435303e-01 1.149999999999999911e+00 2.000000000000000111e-01
7.000000000000000000e+00 5.000000000000000000e+01 4.166666666666667140e+01 0.000000000000000000e+00 1.296541571511833268e+01 1.970323955987322552e+04 2.004779400479273388e+00 8.620689655172419918e+00 1.724137931034483984e-01 8.708560510961561363e+00 1.199999999999999956e+00 2.000000000000000111e-01
7.000000000000000000e+00 5.000000000000000000e+01 4.166666666666667140e+01 1.282051282051281937e-01 1.261305529321855090e+01 2.073501712462667274e+04 2.005426916793699110e+00 8.620689655172419918e+00 1.724137931034483984e-01 8.452108739552977923e+00 1.199999999999999956e+00 2.000000000000000111e-01
7.000000000000000000e+00 5.000000000000000000e+01 4.166666666666667140e+01 2.564102564102563875e-01 1.226069487131877267e+01 2.185938715920854156e+04 2.006099946365705211e+00 8.934169278996868968e+00 1.786833855799373760e-01 8.195656968144398036e+00 1.199999999999999956e+00 2.000000000000000111e-01
7.000000000000000000e+00 5.000000000000000000e+01 4.166666666666667140e+01 3.846153846153845812e-01 1.190833444941899089e+01 2.308831624868718427e+04 2.006800426290256567e+00 8.934169278996868968e+00 1.786833855799373760e-01 7.939205196735814596e+00 1.199999999999999956e+00 2.000000000000000111e-01
7.000000000000000000e+00 5.000000000000000000e+01 4.166666666666667140e+01 5.128205128205127750e-01 1.155597402751920910e+01 2.443582051240724468e+04 2.007530263461149822e+00 9.247648902821316241e+00 1.849529780564263259e-01 7.682753425327231156e+00 1.199999999999999956e+00 2.000000000000000111e-01
7.000000000000000000e+00 5.000000000000000000e+01 4.166666666666667140e+01 6.410256410256409687e-01 1.120361360561941666e+01 2.591840817508147666e+04 2.008291171312650114e+00 9.561128526645774173e+00 1.912225705329154701e-01 7.426301653918640611e+00 1.199999999999999956e+00 2.000000000000000111e-01
7.000000000000000000e+00 5.000000000000000000e+01 4.166666666666667140e+01 7.692307692307691624e-01 1.085125318371964021e+01 2.755563841540966678e+04 2.009084428279789503e+00 9.561128526645774173e+00 1.912225705329154701e-01 7.169849882510060723e+00 1.199999999999999956e+00 2.000000000000000111e-01
7.000000000000000000e+00 5.000000000000000000e+01 4.166666666666667140e+01 8.974358974358973562e-01 1.049889276181985842e+01 2.937083265571607990e+04 2.009910537036294187e+00 9.874608150470223222e+00 1.974921630094044755e-01 6.913398111101477284e+00 1.199999999999999956e+00 2.000000000000000111e-01
7.000000000000000000e+00 5.000000000000000000e+01 4.166666666666667140e+01 1.025641025641025550e+00 1.014653233992007486e+01 3.139198752533301376e+04 2.010768763731388020e+00 1.018808777429467227e+01 2.037617554858934532e-01 6.656946339692893844e+00 1.199999999999999956e+00 2.000000000000000111e-01
7.000000000000000000e+00 5.000000000000000000e+01 4.166666666666667140e+01 1.153846153846153744e+00 9.794171918020300183e+00 3.365295725635837152e+04 2.011656539206121863e+00 1.018808777429467227e+01 2.037617554858934532e-01 6.400494568284315733e+00 1.199999999999999956e+00 2.000000000000000111e-01
7.000000000000000000e+00 5.000000000000000000e+01 4.166666666666667140e+01 1.282051282051281937e+00 9.441811496120516622e+00 3.619499989450335852e+04 2.012568708410360063e+00 1.050156739811912843e+01 2.100313479623825696e-01 6.144042796875730517e+00 1.199999999999999956e+00 2.000000000000000111e-01
7.000000000000000000e+00 5.000000000000000000e+01 4.166666666666667140e+01 1.410256410256410131e+00 9.089451074220736615e+00 3.906882053960724443e+04 2.013496614794886064e+00 1.081504702194357748e+01 2.163009404388715473e-01 5.887591025467148853e+00 1.199999999999999956e+00 2.000000000000000111e-01
7.000000000000000000e+00 5.000000000000000000e+01 4.166666666666667140e+01 1.538461538461538325e+00 8.737090652320958384e+00 4.233730233835487888e+04 2.014426990823501296e+00 1.112852664576803363e+01 2.225705329153606638e-01 5.631139254058568966e+00 1.199999999999999956e+00 2.000000000000000111e-01
7.000000000000000000e+00 5.000000000000000000e+01 4.166666666666667140e+01 1.666666666666666519e+00 8.384730230421174824e+00 4.607920240535298217e+04 2.015340571296401428e+00 1.144200626959248268e+01 2.288401253918496414e-01 5.374687482649983750e+00 1.199999999999999956e+00 2.000000000000000111e-01
7.000000000000000000e+00 5.000000000000000000e+01 4.166666666666667140e+01 1.794871794871794712e+00 8.032369808521384158e+00 5.039422166470235243e+04 2.016210221172253902e+00 1.175548589341693173e+01 2.351097178683386468e-01 5.118235711241394981e+00 1.199999999999999956e+00 2.000000000000000111e-01
7.000000000000000000e+00 5.000000000000000000e+01 4.166666666666667140e+01 1.923076923076922906e+00 7.680009386621586387e+00 5.541006122945262177e+04 2.016998143365791751e+00 1.206896551724138789e+01 2.413793103448277633e-01 4.861783939832811541e+00 1.199999999999999956e+00 2.000000000000000111e-01
7.000000000000000000e+00 5.000000000000000000e+01 4.166666666666667140e+01 2.051282051282051100e+00 7.327648964721816149e+00 6.129239649668623315e+04 2.017651398273617058e+00 1.238244514106583694e+01 2.476489028213167409e-01 4.605332168424230765e+00 1.199999999999999956e+00 2.000000000000000111e-01
7.000000000000000000e+00 5.000000000000000000e+01 4.166666666666667140e+01 2.179487179487179294e+00 6.975288542822031701e+00 6.825920535025367280e+04 2.018094574831085453e+00 1.300940438871474214e+01 2.601880877742948628e-01 4.348880397015645549e+00 1.199999999999999956e+00 2.000000000000000111e-01
7.000000000000000000e+00 5.000000000000000000e+01 4.166666666666667140e+01 2.307692307692307487e+00 6.622928120922255246e+00 7.660170138465990021e+04 2.018218116338925228e+00 1.332288401253919119e+01 2.664576802507838127e-01 4.092428625607065662e+00 1.199999999999999956e+00 2.000000000000000111e-01
7.000000000000000000e+00 5.000000000000000000e+01 4.166666666666667140e+01 2.435897435897435681e+00 6.270567699022475239e+00 8.671546346313346294e+04 2.017860609103052205e+00 1.394984326018809639e+01 2.789968652037619345e-01 3.835976854198483998e+00 1.199999999999999956e+00 2.000000000000000111e-01
7.000000000000000000e+00 5.000000000000000000e+01 4.166666666666667140e+01 2.564102564102563875e+00 5.918207277122693455e+00 9.914761063137339079e+04 2.016783055771580457e+00 1.457680250783700160e+01 2.915360501567400564e-01 3.579525082789900559e+00 1.199999999999999956e+00 2.000000000000000111e-01
7.000000000000000000e+00 5.000000000000000000e+01 4.166666666666667140e+01 2.692307692307692069e+00 5.565846855222914336e+00 1.146697522365565965e+05 2.014631900139766341e+00 1.520376175548589970e+01 3.040752351097180117e-01 3.323073311381318895e+00 1.199999999999999956e+00 2.000000000000000111e-01
7.000000000000000000e+00 5.000000000000000000e+01 4.166666666666667140e+01 2.820512820512820262e+00 5.213486433323136104e+00 1.343931793523235538e+05 2.010884460509439808e+00 1.614420062695924329e+01 3.228840125391848614e-01 3.066621539972737676e+00 1.199999999999999956e+00 2.000000000000000111e-01
7.000000000000000000e+00 5.000000000000000000e+01 4.166666666666667140e+01 2.948717948717948456e+00 4.861126011423354321e+00 1.599544389235913404e+05 2.004767238556703024e+00 1.708463949843260821e+01 3.416927899686521553e-01 2.810169768564154236e+00 1.199999999999999956e+00 2.000000000000000111e-01
7.000000000000000000e+00 5.000000000000000000e+01 4.166666666666667140e+01 3.076923076923076650e+00 4.508765589523564543e+00 1.938196007882598788e+05 1.995139660195190512e+00 1.833855799373041862e+01 3.667711598746083990e-01 2.553717997155565023e+00 1.199999999999999956e+00 2.000000000000000111e-01
7.000000000000000000e+00 5.000000000000000000e+01 4.166666666666667140e+01 3.205128205128204844e+00 4.156405167623788088e+00 2.397900881897135696e+05 1.980344403368197170e+00 1.959247648902821481e+01 3.918495297805643096e-01 2.297266225746984247e+00 1.199999999999999956e+00 2.000000000000000111e-01
7.000000000000000000e+00 5.000000000000000000e+01 4.166666666666667140e+01 3.333333333333333037e+00 3.804044745724005416e+00 3.038493587778713554e+05 1.958038904937629665e+00 2.115987460815047427e+01 4.231974921630095032e-01 2.040814454338400363e+00 1.199999999999999956e+00 2.000000000000000111e-01
7.000000000000000000e+00 5.000000000000000000e+01 4.166666666666667140e+01 3.461538461538461231e+00 3.451684323824225853e+00 3.955714062658619951e+05 1.925052691099438551e+00 2.335423197492163183e+01 4.670846394984326522e-01 1.784362682929818700e+00 1.199999999999999956e+00 2.000000000000000111e-01
7.000000000000000000e+00 5.000000000000000000e+01 4.166666666666667140e+01 3.589743589743589425e+00 3.099323901924439184e+00 5.304016046663406305e+05 1.877325611837775687e+00 2.586206896551725265e+01 5.172413793103450841e-01 1.527910911521231707e+00 1.199999999999999956e+00 2.000000000000000111e-01
7.000000000000000000e+00 5.000000000000000000e+01 4.166666666666667140e+01 3.717948717948717618e+00 2.746963480024664950e+00 7.331260913120963378e+05 1.809802155204526475e+00 2.868338557993730475e+01 5.736677115987460773e-01 1.271459140112654040e+00 1.199999999999999956e+00 2.000000000000000111e-01
7.000000000000000000e+00 5.000000000000000000e+01 4.166666666666667140e+01 3.846153846153845812e+00 2.394169658961034841e+00 1.042427998347362271e+06 1.715379802353401484e+00 3.244514106583072532e+01 6.489028213166144754e-01 1.015007368704071711e+00 1.199999999999999956e+00 2.000000000000000111e-01
