5.400000000000000355e+00 2.307896287146842251e-01 5.630789628714684802e+00 1.199999999999999956e+00 -1.400000000000000000e+01 3.600000000000000000e+01
5.400000000000000355e+00 2.279042946164582251e-01 5.627904294616458358e+00 1.199999999999999956e+00 -1.353535353535353458e+01 3.600000000000000000e+01
5.400000000000000355e+00 2.250065202554752952e-01 5.625006520255475984e+00 1.199999999999999956e+00 -1.307070707070707094e+01 3.600000000000000000e+01
5.400000000000000355e+00 2.220962519949183367e-01 5.622096251994918248e+00 1.199999999999999956e+00 -1.260606060606060552e+01 3.600000000000000000e+01
5.400000000000000355e+00 2.191734359667123488e-01 5.619173435966712482e+00 1.199999999999999956e+00 -1.214141414141414188e+01 3.600000000000000000e+01
5.400000000000000355e+00 2.162380180705275601e-01 5.616238018070528248e+00 1.199999999999999956e+00 -1.167676767676767646e+01 3.600000000000000000e+01
5.400000000000000355e+00 2.132899439727776736e-01 5.613289943972778140e+00 1.199999999999999956e+00 -1.121212121212121104e+01 3.600000000000000000e+01
5.400000000000000355e+00 2.103291591056146714e-01 5.610329159105615027e+00 1.199999999999999956e+00 -1.074747474747474740e+01 3.600000000000000000e+01
5.400000000000000355e+00 2.073556086659182895e-01 5.607355608665918645e+00 1.199999999999999956e+00 -1.028282828282828376e+01 3.600000000000000000e+01
5.400000000000000355e+00 2.043692376142818290e-01 5.604369237614282184e+00 1.199999999999999956e+00 -9.818181818181818343e+00 3.600000000000000000e+01
5.400000000000000355e+00 2.013699906739937484e-01 5.601369990673994437e+00 1.199999999999999956e+00 -9.353535353535352925e+00 3.600000000000000000e+01
5.400000000000000355e+00 1.983578123300138163e-01 5.598357812330013950e+00 1.199999999999999956e+00 -8.888888888888889284e+00 3.600000000000000000e+01
5.400000000000000355e+00 1.953326468279461547e-01 5.595332646827946732e+00 1.199999999999999956e+00 -8.424242424242423866e+00 3.600000000000000000e+01
5.400000000000000355e+00 1.922944381730070651e-01 5.592294438173007087e+00 1.199999999999999956e+00 -7.959595959595959336e+00 3.600000000000000000e+01
5.400000000000000355e+00 1.892431301289883017e-01 5.589243130128988213e+00 1.199999999999999956e+00 -7.494949494949494806e+00 3.600000000000000000e+01
5.400000000000000355e+00 1.861786662172163487e-01 5.586178666217216815e+00 1.199999999999999956e+00 -7.030303030303030276e+00 3.600000000000000000e+01
5.400000000000000355e+00 1.831009897155074784e-01 5.583100989715507723e+00 1.199999999999999956e+00 -6.565656565656565746e+00 3.600000000000000000e+01
5.400000000000000355e+00 1.800100436571168139e-01 5.580010043657116725e+00 1.199999999999999956e+00 -6.101010101010101216e+00 3.600000000000000000e+01
5.400000000000000355e+00 1.769057708296852827e-01 5.576905770829685416e+00 1.199999999999999956e+00 -5.636363636363636687e+00 3.600000000000000000e+01
5.400000000000000355e+00 1.737881137741789095e-01 5.573788113774178932e+00 1.199999999999999956e+00 -5.171717171717171269e+00 3.600000000000000000e+01
5.400000000000000355e+00 1.706570147838269991e-01 5.570657014783827243e+00 1.199999999999999956e+00 -4.707070707070707627e+00 3.600000000000000000e+01
5.400000000000000355e+00 1.675124159030528803e-01 5.567512415903053125e+00 1.199999999999999956e+00 -4.242424242424242209e+00 3.600000000000000000e+01
5.400000000000000355e+00 1.643542589264014309e-01 5.564354258926401897e+00 1.199999999999999956e+00 -3.777777777777778567e+00 3.600000000000000000e+01
5.400000000000000355e+00 1.611824853974620497e-01 5.561182485397462294e+00 1.199999999999999956e+00 -3.313131313131313149e+00 3.600000000000000000e+01
5.400000000000000355e+00 1.579970366077859678e-01 5.557997036607786434e+00 1.199999999999999956e+00 -2.848484848484847731e+00 3.600000000000000000e+01
5.400000000000000355e+00 1.547978535958006718e-01 5.554797853595800916e+00 1.199999999999999956e+00 -2.383838383838384090e+00 3.600000000000000000e+01
5.400000000000000355e+00 1.515848771457172228e-01 5.551584877145717911e+00 1.199999999999999956e+00 -1.919191919191918672e+00 3.600000000000000000e+01
5.400000000000000355e+00 1.483580477864350211e-01 5.548358047786435598e+00 1.199999999999999956e+00 -1.454545454545455030e+00 3.600000000000000000e+01
5.400000000000000355e+00 1.451173057904410202e-01 5.545117305790441264e+00 1.199999999999999956e+00 -9.898989898989896119e-01 3.600000000000000000e+01
5.400000000000000355e+00 1.418625911727039446e-01 5.541862591172704633e+00 1.199999999999999956e+00 -5.252525252525259702e-01 3.600000000000000000e+01
5.400000000000000355e+00 1.385938436895637338e-01 5.538593843689564089e+00 1.199999999999999956e+00 -6.060606060606055223e-02 3.600000000000000000e+01
5.400000000000000355e+00 1.353110028376171003e-01 5.535311002837617345e+00 1.199999999999999956e+00 4.040404040404030894e-01 3.600000000000000000e+01
5.400000000000000355e+00 1.320140078525970928e-01 5.532014007852597004e+00 1.199999999999999956e+00 8.686868686868685074e-01 3.600000000000000000e+01
5.400000000000000355e+00 1.287027977082489949e-01 5.528702797708249683e+00 1.199999999999999956e+00 1.333333333333333925e+00 3.600000000000000000e+01
5.400000000000000355e+00 1.253773111151997854e-01 5.525377311115200030e+00 1.199999999999999956e+00 1.797979797979797567e+00 3.600000000000000000e+01
5.400000000000000355e+00 1.220374865198244896e-01 5.522037486519824512e+00 1.199999999999999956e+00 2.262626262626262985e+00 3.600000000000000000e+01
5.400000000000000355e+00 1.186832621031065349e-01 5.518683262103106557e+00 1.199999999999999956e+00 2.727272727272726627e+00 3.600000000000000000e+01
5.400000000000000355e+00 1.153145757794937776e-01 5.515314575779494355e+00 1.199999999999999956e+00 3.191919191919190268e+00 3.600000000000000000e+01
5.400000000000000355e+00 1.119313651957486444e-01 5.511931365195748889e+00 1.199999999999999956e+00 3.656565656565657463e+00 3.600000000000000000e+01
5.400000000000000355e+00 1.085335677297948331e-01 5.508533567729795521e+00 1.199999999999999956e+00 4.121212121212121104e+00 3.600000000000000000e+01
5.400000000000000355e+00 1.051211204895577955e-01 5.505121120489557818e+00 1.199999999999999956e+00 4.585858585858584746e+00 3.600000000000000000e+01
5.400000000000000355e+00 1.016939603118003355e-01 5.501693960311801135e+00 1.199999999999999956e+00 5.050505050505051940e+00 3.600000000000000000e+01
5.400000000000000355e+00 9.825202376095432122e-02 5.498252023760954899e+00 1.199999999999999956e+00 5.515151515151515582e+00 3.600000000000000000e+01
5.400000000000000355e+00 9.479524712794529240e-02 5.494795247127945537e+00 1.199999999999999956e+00 5.979797979797979224e+00 3.600000000000000000e+01
5.400000000000000355e+00 9.132356642901462429e-02 5.491323566429015202e+00 1.199999999999999956e+00 6.444444444444442865e+00 3.600000000000000000e+01
5.400000000000000355e+00 8.783691740453392072e-02 5.487836917404534276e+00 1.199999999999999956e+00 6.909090909090910060e+00 3.600000000000000000e+01
5.400000000000000355e+00 8.433523551781674232e-02 5.484335235517817431e+00 1.199999999999999956e+00 7.373737373737373701e+00 3.600000000000000000e+01
5.400000000000000355e+00 8.081845595392278536e-02 5.480818455953922808e+00 1.199999999999999956e+00 7.838383838383837343e+00 3.600000000000000000e+01
5.400000000000000355e+00 7.728651361845950696e-02 5.477286513618460084e+00 1.199999999999999956e+00 8.303030303030304538e+00 3.600000000000000000e+01
5.400000000000000355e+00 7.373934313637642290e-02 5.473739343136376334e+00 1.199999999999999956e+00 8.767676767676768179e+00 3.600000000000000000e+01
5.400000000000000355e+00 7.017687885075507559e-02 5.470176878850755209e+00 1.199999999999999956e+00 9.232323232323231821e+00 3.600000000000000000e+01
5.400000000000000355e+00 6.659905482159411694e-02 5.466599054821594805e+00 1.199999999999999956e+00 9.696969696969695462e+00 3.600000000000000000e+01
5.400000000000000355e+00 6.300580482458839615e-02 5.463005804824589084e+00 1.199999999999999956e+00 1.016161616161616266e+01 3.600000000000000000e+01
5.400000000000000355e+00 5.939706234990349554e-02 5.459397062349903962e+00 1.199999999999999956e+00 1.062626262626262630e+01 3.600000000000000000e+01
5.400000000000000355e+00 5.577276060094449317e-02 5.455772760600944515e+00 1.199999999999999956e+00 1.109090909090908994e+01 3.600000000000000000e+01
5.400000000000000355e+00 5.213283249311950751e-02 5.452132832493119530e+00 1.199999999999999956e+00 1.155555555555555358e+01 3.600000000000000000e+01
5.400000000000000355e+00 4.847721065259813500e-02 5.448477210652598046e+00 1.199999999999999956e+00 1.202020202020202078e+01 3.600000000000000000e+01
5.400000000000000355e+00 4.480582741506433653e-02 5.444805827415065025e+00 1.199999999999999956e+00 1.248484848484848442e+01 3.600000000000000000e+01
5.400000000000000355e+00 4.111861482446388383e-02 5.441118614824464572e+00 1.199999999999999956e+00 1.294949494949494806e+01 3.600000000000000000e+01
5.400000000000000355e+00 3.741550463174669883e-02 5.437415504631746721e+00 1.199999999999999956e+00 1.341414141414141525e+01 3.600000000000000000e+01
5.400000000000000355e+00 3.369642829360364189e-02 5.433696428293604441e+00 1.199999999999999956e+00 1.387878787878787890e+01 3.600000000000000000e+01
5.400000000000000355e+00 2.996131697119719384e-02 5.429961316971197327e+00 1.199999999999999956e+00 1.434343434343434254e+01 3.600000000000000000e+01
5.400000000000000355e+00 2.621010152888836320e-02 5.426210101528888607e+00 1.199999999999999956e+00 1.480808080808080618e+01 3.600000000000000000e+01
5.400000000000000355e+00 2.244271253295571089e-02 5.422442712532956399e+00 1.199999999999999956e+00 1.527272727272727337e+01 3.600000000000000000e+01
5.400000000000000355e+00 1.865908025031148831e-02 5.418659080250312066e+00 1.199999999999999956e+00 1.573737373737373701e+01 3.600000000000000000e+01
5.400000000000000355e+00 1.485913464720955979e-02 5.414859134647209693e+00 1.199999999999999956e+00 1.620202020202020066e+01 3.600000000000000000e+01
5.400000000000000355e+00 1.104280538795054945e-02 5.411042805387951127e+00 1.199999999999999956e+00 1.666666666666666785e+01 3.600000000000000000e+01
5.400000000000000355e+00 7.210021833578439399e-03 5.407210021833578573e+00 1.199999999999999956e+00 1.713131313131313149e+01 3.600000000000000000e+01
5.400000000000000355e+00 3.360713040574281329e-03 5.403360713040574304e+00 1.199999999999999956e+00 1.759595959595959513e+01 3.600000000000000000e+01
5.400000000000000355e+00 0.000000000000000000e+00 5.400000000000000355e+00 1.199999999999999956e+00 1.806060606060606233e+01 3.600000000000000000e+01
5.400000000000000355e+00 0.000000000000000000e+00 5.400000000000000355e+00 1.199999999999999956e+00 1.852525252525252597e+01 3.600000000000000000e+01
5.400000000000000355e+00 0.000000000000000000e+00 5.400000000000000355e+00 1.199999999999999956e+00 1.898989898989898961e+01 3.600000000000000000e+01
5.400000000000000355e+00 0.000000000000000000e+00 5.400000000000000355e+00 1.199999999999999956e+00 1.945454545454545325e+01 3.600000000000000000e+01
5.400000000000000355e+00 0.000000000000000000e+00 5.400000000000000355e+00 1.199999999999999956e+00 1.991919191919191690e+01 3.600000000000000000e+01
5.400000000000000355e+00 0.000000000000000000e+00 5.400000000000000355e+00 1.199999999999999956e+00 2.038383838383838054e+01 3.600000000000000000e+01
5.400000000000000355e+00 0.000000000000000000e+00 5.400000000000000355e+00 1.199999999999999956e+00 2.084848484848485128e+01 3.600000000000000000e+01
5.400000000000000355e+00 0.000000000000000000e+00 5.400000000000000355e+00 1.199999999999999956e+00 2.131313131313131493e+01 3.600000000000000000e+01
5.400000000000000355e+00 0.000000000000000000e+00 5.400000000000000355e+00 1.199999999999999956e+00 2.177777777777777857e+01 3.600000000000000000e+01
5.400000000000000355e+00 0.000000000000000000e+00 5.400000000000000355e+00 1.199999999999999956e+00 2.224242424242424221e+01 3.600000000000000000e+01
5.400000000000000355e+00 0.000000000000000000e+00 5.400000000000000355e+00 1.199999999999999956e+00 2.270707070707070585e+01 3.600000000000000000e+01
5.400000000000000355e+00 0.000000000000000000e+00 5.400000000000000355e+00 1.199999999999999956e+00 2.317171717171716949e+01 3.600000000000000000e+01
5.400000000000000355e+00 0.000000000000000000e+00 5.400000000000000355e+00 1.199999999999999956e+00 2.363636363636363313e+01 3.600000000000000000e+01
5.400000000000000355e+00 0.000000000000000000e+00 5.400000000000000355e+00 1.199999999999999956e+00 2.410101010101010388e+01 3.600000000000000000e+01
5.400000000000000355e+00 0.000000000000000000e+00 5.400000000000000355e+00 1.199999999999999956e+00 2.456565656565656752e+01 3.600000000000000000e+01
5.400000000000000355e+00 0.000000000000000000e+00 5.400000000000000355e+00 1.199999999999999956e+00 2.503030303030303116e+01 3.600000000000000000e+01
5.400000000000000355e+00 0.000000000000000000e+00 5.400000000000000355e+00 1.199999999999999956e+00 2.549494949494949481e+01 3.600000000000000000e+01
5.400000000000000355e+00 0.000000000000000000e+00 5.400000000000000355e+00 1.199999999999999956e+00 2.595959595959595845e+01 3.600000000000000000e+01
5.400000000000000355e+00 0.000000000000000000e+00 5.400000000000000355e+00 1.199999999999999956e+00 2.642424242424242209e+01 3.600000000000000000e+01
5.400000000000000355e+00 0.000000000000000000e+00 5.400000000000000355e+00 1.199999999999999956e+00 2.688888888888888573e+01 3.600000000000000000e+01
5.400000000000000355e+00 0.000000000000000000e+00 5.400000000000000355e+00 1.199999999999999956e+00 2.735353535353535648e+01 3.600000000000000000e+01
5.400000000000000355e+00 0.000000000000000000e+00 5.400000000000000355e+00 1.199999999999999956e+00 2.781818181818182012e+01 3.600000000000000000e+01
5.400000000000000355e+00 0.000000000000000000e+00 5.400000000000000355e+00 1.199999999999999956e+00 2.828282828282828376e+01 3.600000000000000000e+01
5.400000000000000355e+00 0.000000000000000000e+00 5.400000000000000355e+00 1.199999999999999956e+00 2.874747474747474740e+01 3.600000000000000000e+01
5.400000000000000355e+00 0.000000000000000000e+00 5.400000000000000355e+00 1.199999999999999956e+00 2.921212121212121104e+01 3.600000000000000000e+01
5.400000000000000355e+00 0.000000000000000000e+00 5.400000000000000355e+00 1.199999999999999956e+00 2.967676767676767469e+01 3.600000000000000000e+01
5.400000000000000355e+00 0.000000000000000000e+00 5.400000000000000355e+00 1.199999999999999956e+00 3.014141414141413833e+01 3.600000000000000000e+01
5.400000000000000355e+00 0.000000000000000000e+00 5.400000000000000355e+00 1.199999999999999956e+00 3.060606060606060908e+01 3.600000000000000000e+01
5.400000000000000355e+00 0.000000000000000000e+00 5.400000000000000355e+00 1.199999999999999956e+00 3.107070707070707272e+01 3.600000000000000000e+01
5.400000000000000355e+00 0.000000000000000000e+00 5.400000000000000355e+00 1.199999999999999956e+00 3.153535353535353636e+01 3.600000000000000000e+01
5.400000000000000355e+00 0.000000000000000000e+00 5.400000000000000355e+00 1.199999999999999956e+00 3.200000000000000000e+01 3.600000000000000000e+01
